     1000000
           1
  0.10000000149011612     
   5.5993422601307783        7.0141583440841320        29.479104276444229        1.5000000000000000                1
   4.4278241912872822        2.7679716635921716        35.522372482502732        1.5000000000000000                1
   6.1786658961315375        2.5902313861830173        16.600335686825048        1.5000000000000000                1
   5.8441435334977756        4.0870039122828619        20.702604803803311        1.5000000000000000                1
   3.1183266000029799        3.3119311064447223        15.083846095132184        1.5000000000000000                1
   7.0188357587261079        3.5237871412635084        36.667928934484479        1.5000000000000000                1
   5.0185917749785167        5.5500486703737213        17.776546892640724        1.5000000000000000                1
   6.9623995237194860        4.9112759964492758        8.9259040602705664        1.5000000000000000                1
   8.2370082913745186        5.1649545918022408        32.927562804454105        1.5000000000000000                1
   4.9527967055192681        2.2961351241079897        8.7997342664492866        1.5000000000000000                1
   8.1056051664824604        5.5093522977861991        36.997957338626577        1.5000000000000000                1
   7.9997160548622581        4.1281891435460505        37.866426364663901        1.5000000000000000                1
   4.3398252458474440        5.1460820101778912        2.0992775179484422        1.5000000000000000                1
   5.9894070146117118        5.8440855312879370        28.487717329744829        1.5000000000000000                1
   5.6309726053054963        8.1583578269016819        3.9001007895170043        1.5000000000000000                1
   3.7852513560226377        4.8713012107095564        16.980535270563131        1.5000000000000000                1
   3.1104698981537582        3.2422680028224371        13.502264518539551        1.5000000000000000                1
   2.7994764478486367        3.6818819625347987        4.0922908512862080        1.5000000000000000                1
   7.7781839255483733        3.6614761892954788        8.7370995768731206        1.5000000000000000                1
   3.9149333966377804        7.7439088249890595        6.9201925558227853        1.5000000000000000                1
   4.2007677395000718        5.8670189038307230        11.227013703000807        1.5000000000000000                1
   3.3264434747840355        3.0302112638346697        27.573777023680179        1.5000000000000000                1
   3.0800538897858343        5.4154616138079401        36.778713091051152        1.5000000000000000                1
   3.4911186826714227        7.4712506692142764        13.647726931142884        1.5000000000000000                1
   2.8731588142855937        3.6296330338674840        19.174832139000987        1.5000000000000000                1
   4.9634250946806207        7.7352471222661645        20.764926202631955        1.5000000000000000                1
   3.3215374729875480        3.1458407010868465        34.415543254944325        1.5000000000000000                1
   6.0302138045832425        2.4470734816072364        1.1931272357217031        1.5000000000000000                1
   2.5925194911977774        6.6109402150501824        32.301637407606840        1.5000000000000000                1
   7.3687632150302385        7.0996617087539864        37.837148990755708        1.5000000000000000                1
   5.2666613877333175        8.2303238295960774        13.483194268875309        1.5000000000000000                1
   4.3554595780962053        8.0864207265828902        28.659409583500313        1.5000000000000000                1
   3.0836239472995794        6.9787780534499966        25.225887294896310        1.5000000000000000                1
   4.3238706310667805        7.6764783028094410        25.901791453547350        1.5000000000000000                1
   3.7369639886310484        7.5059190186215039        19.877307004050724        1.5000000000000000                1
   4.1464281503876697        7.4866610722076201        35.408563199409585        1.5000000000000000                1
   5.2938993978349043        8.1078687174416135        1.2308797971951468        1.5000000000000000                1
   6.8581027112368860        7.5336320733678113        1.2306793811109160        1.5000000000000000                1
   3.9992034355168777        7.9048566653600458        37.933274218452567        1.5000000000000000                1
   2.5404381351066077        5.3424476159922660        26.277136806201462        1.5000000000000000                1
   8.1020425601635839        5.5206592409041528        38.808535687046884        1.5000000000000000                1
   7.3705131147498939        6.7813122995929414        6.5584038677530252        1.5000000000000000                1
   6.4630732300248352        3.0650193698008623        12.539967916354010        1.5000000000000000                1
   6.6979748144767646        4.9975202600498383        32.872094833173087        1.5000000000000000                1
   3.2176336827421919        7.1200135189538374        4.2092303489559226        1.5000000000000000                1
   7.4389579502919299        3.3605936531175091        3.8355785092742667        1.5000000000000000                1
   6.8429676890770512        3.3918485974188943        35.148424966652279        1.5000000000000000                1
   4.2811191735637850        6.3579650678688893        14.457150954781071        1.5000000000000000                1
   8.0549046798783959        4.4951984811435990        29.831487263880444        1.5000000000000000                1
   6.0869964243854016        4.5485817039243752        22.544342322580782        1.5000000000000000                1
   7.3005175104567188        5.5743973676693663        11.756967623867093        1.5000000000000000                1
   7.5014568014750367        5.5256275007590521        26.128458889333004        1.5000000000000000                1
   4.3944042062011057        5.0489960789045192        7.3342351179289167E-002   1.5000000000000000                1
   4.9171722302616576        8.0254773171417177        18.781865427123176        1.5000000000000000                1
   7.9030029644506881        4.1366023131745822        5.4731069805822967        1.5000000000000000                1
   4.2543917074132906        5.7249356878709090        5.5417383725473250        1.5000000000000000                1
   2.5269201138944939        5.9001161879872939        14.812286542621575        1.5000000000000000                1
   5.6418552204559900        4.2776237742763863        36.247625663868348        1.5000000000000000                1
   5.6757099998952523        5.7387134485141313        11.600902712247231        1.5000000000000000                1
   7.3931883323605039        3.2375472830297696        28.541667491952694        1.5000000000000000                1
   4.9153103197779879        6.6148041566155458        27.715117561262641        1.5000000000000000                1
   5.4429068493859178        5.4104751169117185        23.772647795135075        1.5000000000000000                1
   6.6255155603141889        5.2889146166714918        7.4698827776877099        1.5000000000000000                1
   3.2858876058046782        7.3814867719422850        8.7496715886799272        1.5000000000000000                1
   5.7031146510695780        7.8888857075997496        31.517266968826721        1.5000000000000000                1
   6.7435549672579373        4.9499603414891364        27.400404380406069        1.5000000000000000                1
   4.5564407895885042        5.9357027754527474        34.511430496088842        1.5000000000000000                1
   2.6684520188337735        6.2979154696687756        16.268603790503207        1.5000000000000000                1
   6.0082293308628572        8.1257678631883614        34.862834215218300        1.5000000000000000                1
   3.6006799614908749        5.8701325870502084        20.718567442688151        1.5000000000000000                1
   7.5648944750325589        3.3558763775924452        21.253335701811789        1.5000000000000000                1
   6.4460208453693131        4.3375204716884763        10.895337794914001        1.5000000000000000                1
   3.0806758071138884        6.8741413136861276        37.182451370594393        1.5000000000000000                1
   2.6435246553389584        4.5331092400270716        35.437044700168414        1.5000000000000000                1
   6.7410872690629233        4.7762573146407217        17.037736283137416        1.5000000000000000                1
   8.0728485351288537        5.9020620355392905        31.619108539426779        1.5000000000000000                1
   7.9109697936919563        6.4408658700493291        1.6829937184606054        1.5000000000000000                1
   3.1849040692850461        3.1297993728579736        29.102082638886316        1.5000000000000000                1
   5.4463785480139020        3.5262655491172512        24.669216586920573        1.5000000000000000                1
   2.6106053721346472        5.1680037409437256        31.385886294959175        1.5000000000000000                1
   6.6687574478039942        7.7053465458998858        5.0565189046776489        1.5000000000000000                1
   4.9378600138182129        2.5921319923253221        5.7402400024454803        1.5000000000000000                1
   4.7381787234612860        4.0188342415374336        23.163193239549919        1.5000000000000000                1
   6.3126334152956849        7.7138920454551716        22.386496684668458        1.5000000000000000                1
   6.2530866662900229        7.4379494905845256        39.353160396884171        1.5000000000000000                1
   7.2163675030240997        6.9785396250298861        3.2690365583706860        1.5000000000000000                1
   6.9491401317690418        7.7168118859419392        26.301014344857876        1.5000000000000000                1
   6.3300261772570696        2.4867881994658578        37.602793640406681        1.5000000000000000                1
   5.8825532611635163        3.5720842833257449        13.851358386574548        1.5000000000000000                1
   4.2205142099579023        5.7775332760863476        3.7581838322190020        1.5000000000000000                1
   4.7331653356544239        7.1511864244026038        12.359448401197206        1.5000000000000000                1
   6.4120079117865352        6.1980467072303247        1.9367995227828283        1.5000000000000000                1
   7.9209778245566085        4.0143061008696304        11.275221187567162        1.5000000000000000                1
   6.6200638015697679        2.7279087356090650        9.0881343158656325        1.5000000000000000                1
   8.1660097171437851        4.8760818424637300        3.5349421809159400        1.5000000000000000                1
   7.0177154901242478        7.5056442918147521        30.677652037374159        1.5000000000000000                1
   2.7813371570507748        5.7110202382437185        17.770026931487763        1.5000000000000000                1
   6.7691446374423450        5.3335806636123078        30.656185392078594        1.5000000000000000                1
   4.3502850809441291        2.5211957626569972        39.405835409461019        1.5000000000000000                1
   5.1179164012435185        5.0899437302231414        7.7078796405188053        1.5000000000000000                1
   4.6522330471242599        5.7123318802946734        36.720861399530406        1.5000000000000000                1
   5.1599979814698411        6.6951654452290139        22.903466250678484        1.5000000000000000                1
   5.4878856125744511        6.0773891166509237        31.083374159580334        1.5000000000000000                1
   4.1995717215569064        5.1816801019269283        32.067942140134662        1.5000000000000000                1
   4.1587936923205868        4.0422492196109454        28.345137901344206        1.5000000000000000                1
   6.0279402928941010        2.4157764150914498        28.620596024868433        1.5000000000000000                1
   3.9731185994508915        2.5789790125709304        10.309280193201822        1.5000000000000000                1
   6.8687761225661950        6.0259320843447224        36.206949449242963        1.5000000000000000                1
   3.1228816866074265        6.1724767148352608       0.41131639161261618        1.5000000000000000                1
   2.9436018014828926        3.4080612544722233        9.4158087390480496        1.5000000000000000                1
   4.3395610159430884        2.4614129031596153        15.519722960950581        1.5000000000000000                1
   4.4166366658533383        6.5382409428484314        9.8985304813013819        1.5000000000000000                1
   6.6743642658011124        6.0291383463367971        21.644255591582873        1.5000000000000000                1
   5.3572088159587476        8.1900022050470440        6.7640471665381110        1.5000000000000000                1
   7.7715357532361571        4.0887842497367011        25.093082766911664        1.5000000000000000                1
   3.3004883113487984        7.2776946389433173        15.150422112219934        1.5000000000000000                1
   7.1609716974848228        7.3933830729124637        21.095387825212782        1.5000000000000000                1
   6.8915796557107081        3.5415861093812717        38.729719434161744        1.5000000000000000                1
   7.2748979488263048        7.3134874854680278        28.740962841691111        1.5000000000000000                1
   4.7149083176401172        2.6473723270551588        37.088994779173774        1.5000000000000000                1
   6.7419681958963436        7.0414807007401548        17.052270307168090        1.5000000000000000                1
   7.3704729394186170        5.8663978155412284        13.300895223090869        1.5000000000000000                1
   4.3188208203662235        6.1016306407031511        26.031194299357168        1.5000000000000000                1
   7.8670477654501170        6.1752513581053785        27.534973052219954        1.5000000000000000                1
   7.3621124028667531        3.2043801556606102        14.611091720724584        1.5000000000000000                1
   6.5386626992442407        2.7681844871055974        27.015330011369123        1.5000000000000000                1
   8.1436060246316728        5.2890493964644376        35.013356899227411        1.5000000000000000                1
   7.7670046368332573        6.6570835138238191        33.252363653834259        1.5000000000000000                1
   6.2801497037859617        4.3717383157728191        28.947183748622749        1.5000000000000000                1
   4.8598174423867233        6.4567046163689366        32.874316235609086        1.5000000000000000                1
   5.4906452381540261        7.8131496629777111        36.326699763695146        1.5000000000000000                1
   2.2894723262997392        5.4225277010974953        22.950152759579176        1.5000000000000000                1
   2.4484436717520319        4.3146073129413036        27.959609861328424        1.5000000000000000                1
   5.7480625195126889        6.6433535936309394        35.209699976168856        1.5000000000000000                1
   7.9672717785127176        5.3136927952189419        16.342481685143234        1.5000000000000000                1
   6.6893732213712163        7.8357794771017124        33.265399660110994        1.5000000000000000                1
   5.5281535846493703        8.0272028931443558        17.143030921967558        1.5000000000000000                1
   6.7667219979118149        7.4517478479157182        14.125843769754672        1.5000000000000000                1
   7.3937204993213896        6.8863498903059224        9.4284764089414317        1.5000000000000000                1
   8.1317917407249674        4.8875634880283130        14.797564042961179        1.5000000000000000                1
   2.5571124705121466        6.3307482495871819        30.297983258296455        1.5000000000000000                1
   3.8793117589087696        7.8847438116258486        32.259805374561836        1.5000000000000000                1
   2.8327003562092976        3.7740397719545626        11.394620161479295        1.5000000000000000                1
   4.2405141277290905        4.7782718001555553        33.598523474345285        1.5000000000000000                1
   4.9774704988243670        2.4908046137797575        25.838938281785939        1.5000000000000000                1
   5.3822663455511206        6.4360236930930936        6.3857739533044864        1.5000000000000000                1
   4.4343956188861107        4.2400193326666304        21.546948020182445        1.5000000000000000                1
   4.2468527304129422        7.9010212194511249        24.280282726176939        1.5000000000000000                1
   3.1153645427072307        3.5130990385247749        2.5798321778395685        1.5000000000000000                1
   5.9665458174550654        2.4081746059588736        19.906152025569870        1.5000000000000000                1
   2.7921941570165281        3.6616293840034473        6.6612344889094741        1.5000000000000000                1
   7.8669996923506824        4.6825287440199892       0.30167103094258041        1.5000000000000000                1
   4.8477466536713143        3.7263736568559129        16.227819401765068        1.5000000000000000                1
   5.8862360042879782        8.1678379494935989        25.176295824103146        1.5000000000000000                1
   5.1533651301982770        3.6367985219468451        27.184336401816747        1.5000000000000000                1
   4.5051287333839127        6.1322074728052041        38.362379117154688        1.5000000000000000                1
   4.6244442777801220        2.4857740355886833        20.958430462422527        1.5000000000000000                1
   6.9164697707045288        2.7785426385873011        10.813381042008412        1.5000000000000000                1
   5.5735203725074642        2.3165310333250186        32.328297950388162        1.5000000000000000                1
   5.7573601574614868        2.3879455910449541        30.204685025137785        1.5000000000000000                1
   7.4186666758251771        3.3542611766512112       0.87895458278412297        1.5000000000000000                1
   2.3364857923707469        5.4823256102746898        4.5579346172131538        1.5000000000000000                1
   5.9758861248370101        2.3455790599534283        39.308501714935417        1.5000000000000000                1
   2.9719705560470602        6.2925622850315950        12.758728643872463        1.5000000000000000                1
   3.7613842887969127        4.6822284583861178        26.906119132829595        1.5000000000000000                1
   4.2641860822170612        4.5133500297152755        25.404081541378368        1.5000000000000000                1
   3.8176216041147222        4.5335613237001597        30.700119002452414        1.5000000000000000                1
   6.3696667624917875        7.0705092846625703        27.553629221672516        1.5000000000000000                1
   5.2641748878392702        6.6315301108739977        4.8158269694010691        1.5000000000000000                1
   6.8045986505606830        4.5813727028588769        2.2499512229392322        1.5000000000000000                1
   6.1402052995310887        3.9703499747049062        8.0427911870039210        1.5000000000000000                1
   3.8458515753242000        7.8891901769692643        16.895608728869597        1.5000000000000000                1
   4.2067540235958756        4.2180066849264133        38.832388655599757        1.5000000000000000                1
   4.5423590213975720        2.4038118218778117        17.044144611634806        1.5000000000000000                1
   5.9884290563997817        4.0098558399101911        33.967710581891943        1.5000000000000000                1
   5.1932185853104382        8.2198607796958587        32.995635884942509        1.5000000000000000                1
   7.2147058809240256        7.4501323083518400        18.445428721000862        1.5000000000000000                1
   3.8691015808402844        4.7646825155826891        15.449372380480591        1.5000000000000000                1
   7.0244311385800575        7.5764203458571986        36.195578750271970        1.5000000000000000                1
   6.1083785960127752        6.4347780793827463        26.102784360528005        1.5000000000000000                1
   3.5216942888676224        6.6526943772751750        1.8031530897489803        1.5000000000000000                1
   4.5919038186398096        2.5038985254606181        22.624951167204042        1.5000000000000000                1
   4.0624703341382808        2.5970258883774000        19.489360995799537        1.5000000000000000                1
   5.5602418195097449        8.0562987116191191        15.357205068943770        1.5000000000000000                1
   5.9294035837219239        8.0685848802208895        11.571673080370847        1.5000000000000000                1
   8.0756918969210965        5.1230314453941697        23.777383183978785        1.5000000000000000                1
   7.2203066273059830        3.4947261585263467        19.368270886290318        1.5000000000000000                1
   2.9623231637990721        4.9542594395600483        3.2302233500928503        1.5000000000000000                1
   5.6020941835575035        3.9590474812137955        30.382963603765702        1.5000000000000000                1
   3.0128750954363843        6.1102398928324124        35.242857230938135        1.5000000000000000                1
   6.4544135814983106        5.5546408169282735        18.421061603704128        1.5000000000000000                1
   3.6665173034605338        7.2436487971740497        21.546075605258956        1.5000000000000000                1
   2.6664244523533407        5.2913423583047825        33.535650096939172        1.5000000000000000                1
   6.5754775069176343        3.4944724005415226        32.022951191676469        1.5000000000000000                1
   8.0401512298774094        4.7464325287753590        20.801185871470498        1.5000000000000000                1
   3.4033414087945157        3.4294887854174507        16.631389666955013        1.5000000000000000                1
   3.0911988510475088        6.6109023550541943        27.159950510040300        1.5000000000000000                1
   3.5576797862409908        4.0849018788522802        24.123802732217321        1.5000000000000000                1
   7.1959342947407050        3.8154630907373734        6.9104854575634391        1.5000000000000000                1
   2.6743360784063146        4.4211142186542132        38.703092631122800        1.5000000000000000                1
   2.7182017303546022        5.4691673837144510        24.667072643275883        1.5000000000000000                1
   4.1973775359102801        6.4596446565653087        7.7564669984307404        1.5000000000000000                1
   6.7143428077984453        3.7902898170535324        15.866846898358352        1.5000000000000000                1
   6.0360210235273666        6.5070766771464594        37.483634440487812        1.5000000000000000                1
   5.3077832047125870        3.9823477886311300        2.0186844569662004        1.5000000000000000                1
   3.2763697191112851        3.0850763520876461        30.832215607776611        1.5000000000000000                1
   7.9565896789038071        4.0957087215853125        12.923961764194923        1.5000000000000000                1
   6.3242422026723553        7.9629181502025297        19.877914752657137        1.5000000000000000                1
   7.9738388141427139        6.4785185426179188        22.385225710304759        1.5000000000000000                1
   6.8859658747947545        5.9162153254824306        23.263359734324460        1.5000000000000000                1
   2.8175947008562376        6.9832358249894746        22.780360787046536        1.5000000000000000                1
   3.6228381396841542        5.2421604016994579        6.9977088251272122        1.5000000000000000                1
   2.4737978145269786        6.0335397883922228        38.536372565172350        1.5000000000000000                1
   5.0724571686901845        2.5956939084624708        33.781533066071852        1.5000000000000000                1
   5.7099839788844404        6.4877018981939258        3.3617401885364737        1.5000000000000000                1
   7.9527362127114003        4.1505297391571432        26.876557201481425        1.5000000000000000                1
   4.6367016132177028        3.6470609165918151        17.968003997346496        1.5000000000000000                1
   6.2959546327237756        2.4732695050040086        7.2869938760988440        1.5000000000000000                1
   2.5122667223340485        4.0281045037403160        17.707191007235597        1.5000000000000000                1
   2.4264988276014132        4.6792313482238379        16.171884188259352        1.5000000000000000                1
   6.7706893945143936        2.8327403934246695        2.5969634290381616        1.5000000000000000                1
   6.5687968356471078        3.0263140318423476        17.989720740358017        1.5000000000000000                1
   4.9193865141454385        5.1908004449182865        29.635933640036111        1.5000000000000000                1
   6.7332173349502327        7.8175321395482973        7.5620934675450462        1.5000000000000000                1
   4.2869845068827175        7.8490317458553438        5.2333722098686968        1.5000000000000000                1
   5.3353336699670484        2.8103091900719628        11.374282395953841        1.5000000000000000                1
   3.8865827443881664        7.2803233485184968        33.757201996944275        1.5000000000000000                1
   4.3084434770882263        4.4569290170262557        35.502899520640014        1.5000000000000000                1
   4.2274520473461017        4.2219716133496030        3.8134191631082595        1.5000000000000000                1
   3.4545803736592076        2.8850491276761256        38.252945066990520        1.5000000000000000                1
   3.9801730395343444        4.8496275592725286        19.440990454403288        1.5000000000000000                1
   5.2790934554991509        5.8615822748118083        21.117772729666719        1.5000000000000000                1
   7.7270260323103237        6.6225977034683519        24.916732682452807        1.5000000000000000                1
   5.6455177817971967        4.9219840032561297        3.6099585850758178        1.5000000000000000                1
   6.1461873652292516        5.2367720203077237        34.850038991234065        1.5000000000000000                1
   2.3344219288292956        4.9204446119637799        9.1072685930145572E-002   1.5000000000000000                1
   7.7170327410550037        3.7661932438336709        33.155209048446586        1.5000000000000000                1
   5.9432097482540209        2.5981801358947370        3.8845657435244556        1.5000000000000000                1
   2.4091110920584513        4.7229633073481505        12.695138455844774        1.5000000000000000                1
   3.9074447702459536        6.7129267926464999        31.175001156825513        1.5000000000000000                1
   5.8718020148879404        6.6173645080246040        7.9865554265012753        1.5000000000000000                1
   5.1741260945738938        3.7848830114719121        6.8851936250946739        1.5000000000000000                1
   3.9001957215531369        3.9470297730037762        1.2533995038586363        1.5000000000000000                1
   2.6035500004073282        6.5814521494029234        19.447123892682445        1.5000000000000000                1
   7.3129648802756728        6.7768847532276784        34.926587645771370        1.5000000000000000                1
   3.1315556774295144        6.8380980415863624        5.7635036382835549        1.5000000000000000                1
   8.0433378380168676        4.7847898121523258        28.286491781566248        1.5000000000000000                1
   4.4563597842062013        4.2718906506418008        11.252246754683469        1.5000000000000000                1
   5.3543033792040227        4.2218727230902884        32.619478423306319        1.5000000000000000                1
   4.2008076056424359        6.3298460082465366        16.384589891764794        1.5000000000000000                1
   7.8461540337015112        4.3297002270248326        31.607436263161141        1.5000000000000000                1
   3.9212289137288541        6.8559087543968706        18.081484352997837        1.5000000000000000                1
   2.6317469018955530        5.7512366840211104        9.0726410529972856        1.5000000000000000                1
   7.8606430056335883        6.5927587625174979        19.651932484426347        1.5000000000000000                1
   6.3087868131425511        4.6566440379331979        12.555027248324125        1.5000000000000000                1
   4.5902215883777187        2.5508238579358888        29.048498670502031        1.5000000000000000                1
   8.0281909611451745        6.2471655865702411        18.064076601213269        1.5000000000000000                1
   3.8753794107263273        4.6834286238563854        8.5410608404004371        1.5000000000000000                1
   5.7186647330023019        6.7566668033338484        19.130449234292406        1.5000000000000000                1
   2.3767399455900655        4.8084262589376969        1.6550930120708423        1.5000000000000000                1
   3.3318110756468613        3.1798787179627803        25.824615058149352        1.5000000000000000                1
   6.0473443438839372        6.0632034951561362        9.8380058038251068        1.5000000000000000                1
   2.2910915110567895        5.0404743624921275        19.381715880798101        1.5000000000000000                1
   4.0061903485008399        5.6336909293401138        22.203640323867258        1.5000000000000000                1
   3.9366311974270318        2.5854403774377537        32.265153764393453        1.5000000000000000                1
   4.4493474544411056        7.9553195014406999        2.4746961981536661        1.5000000000000000                1
   3.9239603732679758        5.9578261744085168        28.650186160213849        1.5000000000000000                1
   6.6980520656803719        2.6328159570410756        33.578547235432154        1.5000000000000000                1
   7.0487309359781634        6.2143418585332899       0.46106959038623757        1.5000000000000000                1
   3.8436924278926976        4.2166698211460796        5.5476266029750088        1.5000000000000000                1
   6.7159225761878538        5.5890241794668052        5.8478386452371698        1.5000000000000000                1
   2.3885646819979036        4.4568948437643279        14.359032418209333        1.5000000000000000                1
   5.5965853737909148        3.8257225486009601        37.691505391747100        1.5000000000000000                1
   6.2759728760965290        5.1415337831058867        38.162244139867610        1.5000000000000000                1
   7.1665830167382918        7.1033760513635889        10.995860407570456        1.5000000000000000                1
   5.5330210792617018        8.1784147268298835        38.222150275300642        1.5000000000000000                1
   5.1807937555121475        3.4213668814121458        9.8688152935468185        1.5000000000000000                1
   5.0810862047962591        5.7837868096438001        13.028863522709129        1.5000000000000000                1
   3.4753255076397052        7.5412652398037077        29.831525647677736        1.5000000000000000                1
   6.4932466881691209        5.4423777851593069        19.999918520431940        1.5000000000000000                1
   3.8295459492960475        6.3921267812568887        23.902147524192173        1.5000000000000000                1
   4.5455787152188396        6.7698370906663312       0.66653878097704777        1.5000000000000000                1
   6.6399100385358727        6.5524375634920187        32.073665339639959        1.5000000000000000                1
   6.6409077083971972        5.5123239948887806        24.706181201745533        1.5000000000000000                1
   4.9473035606988107        8.1019954406501302        39.738811427206713        1.5000000000000000                1
   2.5443476657249162        5.8470640675574783        11.254981885975745        1.5000000000000000                1
   3.2715186698394456        3.3387783621073970        22.433939686372547        1.5000000000000000                1
   2.4241851045749665        4.5931927459951414        21.706347847219490        1.5000000000000000                1
   4.0498836272309937        2.8429978577146842        7.5842001511672361        1.5000000000000000                1
   4.3973152527252637        8.0042955707841834        10.302580388031165        1.5000000000000000                1
   6.2328801559461748        7.9072015292193800        9.8440675222112635        1.5000000000000000                1
   3.9268375613702826        4.0043715302467779        37.131145642989750        1.5000000000000000                1
   8.0108948334388366        6.1385095539781078        29.396099814686551        1.5000000000000000                1
   2.4858005479498742        4.6450406220911997        10.137338972466008        1.5000000000000000                1
   6.3391192886383569        4.2375546663759982        25.856570759051866        1.5000000000000000                1
   5.4837780092434958        4.2855358771018635        5.3999633145052659        1.5000000000000000                1
   8.1430370979509927        5.1928869810885905        10.205094477597775        1.5000000000000000                1
   8.0534886199012234        4.3808735502217582        18.105462588809157        1.5000000000000000                1
   5.7738440750702669        5.8193723299010172        39.496935239105177        1.5000000000000000                1
   3.3954019136862947        7.5600948558786261        11.332881114017203        1.5000000000000000                1
   4.6735821488743516        7.7826311332939042        8.3180026120950785        1.5000000000000000                1
   2.3348201002406741        5.7786415075078974        28.549426830956815        1.5000000000000000                1
   7.8903807404130548        6.0878762867604266        4.9920707672430282        1.5000000000000000                1
   6.5755268234426882        7.5044499562574876        23.964212909590870        1.5000000000000000                1
   4.6007739320379724        2.4180632574662750        13.971270884194750        1.5000000000000000                1
   6.4258851494455564        2.8911086631577723        5.8393535005220087        1.5000000000000000                1
   6.8285112035619333        3.0280903105257351        22.753047306605438        1.5000000000000000                1
   4.9171096007412292        2.4637272957367968        2.4048271539773052        1.5000000000000000                1
   6.2436957208660147        4.7503262310114591       0.83972567147150656        1.5000000000000000                1
   6.0514917148038228        2.6330590050317864        21.488841586308087        1.5000000000000000                1
   5.6938873323415073        3.9914474740789303        19.211964863513316        1.5000000000000000                1
   5.7852322558056226        5.8592021434087087        14.506169808004820        1.5000000000000000                1
   2.5446791473543526        4.5454083695747913        29.905764561890386        1.5000000000000000                1
   4.8244524373174453        4.9870595639299840        9.7111439771305577        1.5000000000000000                1
   5.8621520122555451        2.3368031964203340        35.695562324265261        1.5000000000000000                1
   2.3081492188945427        4.7955208467073547        7.6050600845035818        1.5000000000000000                1
   7.7467523047372602        4.7165626009108932        22.366008295644288        1.5000000000000000                1
   5.8923849598667850        2.4396800531948775        14.919094879829002        1.5000000000000000                1
   3.4822082602876576        7.1462812745561326        39.159303838791125        1.5000000000000000                1
   5.8179188083776578        2.3695965660320493        23.732105742171033        1.5000000000000000                1
   3.9698878428294453        2.5929196830040948        12.006791691899794        1.5000000000000000                1
   6.1820303750794885        5.7434715981523583        15.954780233759918        1.5000000000000000                1
   5.2608881594178962        8.2264282003226423        27.230738640051250        1.5000000000000000                1
   7.3044040071440826        6.8019654141363279        15.461451599930241        1.5000000000000000                1
   4.0454016107109938        2.6256848937928217        4.2047738394156955        1.5000000000000000                1
   6.2076549931394549        6.4404827667337523        33.688354553680476        1.5000000000000000                1
   3.0898210793674368        3.8363125541950973        32.415055185500087        1.5000000000000000                1
   7.3006858658678757        3.1263732074009458        30.239697274265204        1.5000000000000000                1
   6.7322933633706441        2.8237432447837043        25.173770222318950        1.5000000000000000                1
   5.2848111811096494        3.7516224787738905        39.932474933595735        1.5000000000000000                1
   6.4681455636083758        6.8549465672295211        12.421010430979608        1.5000000000000000                1
   5.2268317360479557        6.6805905672585135        24.544333873852121        1.5000000000000000                1
   8.1858377096948320        5.2389381891119911        7.2967402234175340        1.5000000000000000                1
   3.2006533092946894        3.3087418541396403        20.885646269844365        1.5000000000000000                1
   4.1826910072331236        2.5755917431191730        24.449219655206857        1.5000000000000000                1
   3.1463289221512878        3.2099830486617376       0.17936039492216432        1.5000000000000000                1
   4.1342844693917407        4.4149634430993370        13.587998766956423        1.5000000000000000                1
   2.5589108536328462        6.2714918532059158        7.2432616406505064        1.5000000000000000                1
   4.8855421836806610        8.1664428162401794        22.736818235459477        1.5000000000000000                1
