     1000000
           1
  0.10000000149011612     
   2.8801442473251191        3.5664055806668991        19.554785080953792        1.5000000000000000                1
   3.0814426996685746        4.1997548586601940        16.910431985679804        1.5000000000000000                1
   2.4438536605793613        3.6083772314222506        29.971156022310396        1.5000000000000000                1
   3.9607254593175796        3.8138984777768319        3.5669968307643538        1.5000000000000000                1
   2.3463950086602137        2.9643776493420648        8.2455609726214014        1.5000000000000000                1
   2.8230931373347041        3.9879696754461031        24.319007416581428        1.5000000000000000                1
   2.3695594125998016        2.7793606909161066        16.880635320316816        1.5000000000000000                1
   2.5419216954204500        3.6759118218925622        31.707066029007521        1.5000000000000000                1
   4.1951880868096012        3.1572115717163962        14.143288908192909        1.5000000000000000                1
   2.4452881398258870        2.8714384870897196        28.437535661821833        1.5000000000000000                1
   2.7684372307812994        2.8577885800416176        39.545332237856414        1.5000000000000000                1
   4.1666545423834584        3.5044385645339196        12.117929165746792        1.5000000000000000                1
   3.9543236372824118        2.7023738202204428        16.253762904785731        1.5000000000000000                1
   4.1083481040197043        3.1391917179049158       0.65107765500063908        1.5000000000000000                1
   2.9122416370404052        3.9400616371464290        14.537015697764099        1.5000000000000000                1
   2.7392961291487237        4.0793967598835268        4.8961666945512601        1.5000000000000000                1
   3.9558216561499475        2.9852302499197489        28.907742155957813        1.5000000000000000                1
   3.9000244775565056        2.5026868630434862        19.933229788042794        1.5000000000000000                1
   3.8330465243378349        2.6929074675602109        34.343852068832788        1.5000000000000000                1
   2.5442159526623138        2.6266864342593519        1.7161324042877248        1.5000000000000000                1
   4.0171204001961831        3.6201752687779640        27.511319839040500        1.5000000000000000                1
   3.0903754100681415        3.9021789068295774        35.280380325669867        1.5000000000000000                1
   3.4907623693303216        3.3422071531732707        32.997167454260769        1.5000000000000000                1
   4.0723969953500561        3.3259173073822033        5.5170953679455428        1.5000000000000000                1
   3.5532410913424357        2.8971819066176607        10.868613648437615        1.5000000000000000                1
   2.9454340328306401        2.5148929133106455        3.1841801508215197        1.5000000000000000                1
   4.0445515651494537        2.8976273417828136        24.488431981993681        1.5000000000000000                1
   3.4388029308351400        3.0190212350742560        36.509694207019230        1.5000000000000000                1
   2.5788515882335372        3.2745278801541180        6.4440392934094506        1.5000000000000000                1
   3.8307997443905868        2.6351664326319937        9.3820958149950613        1.5000000000000000                1
   3.0329930566906391        2.9450453415328801        21.325413764323681        1.5000000000000000                1
   4.2116971656363980        3.3736295514689636        25.965450431124879        1.5000000000000000                1
   2.7488413972226278        2.9302189583448501        22.829067798434622        1.5000000000000000                1
   2.5166275861895939        3.5836157345574819        38.131112446656054        1.5000000000000000                1
   3.5268319955295242        4.2051567759699022        39.369231031302242        1.5000000000000000                1
   3.1616933816610144        3.9042287528110458        2.2411827942710825        1.5000000000000000                1
   2.3340603448347408        3.0794671280879213        11.771485949479347        1.5000000000000000                1
