     1000000
           1
  0.10000000149011612     
   9.3216734314508027        11.980877382204982        39.376636495941931        4.0000000000000000                1
   8.4508269729879881        6.0944987793563730        6.7060658199589005        4.0000000000000000                1
   9.0948856906995719        6.0088284369643938        33.407815258951395        4.0000000000000000                1
   11.729359473559882        10.128472033573530        8.0504042400409315        4.0000000000000000                1
   9.9909924285655194        6.1882278350842688        15.277461352984322        4.0000000000000000                1
   6.7473417526072907        10.963798323638919        12.416984591417785        4.0000000000000000                1
   9.1964945225051391        6.0123363797630160        15.873068743099124        4.0000000000000000                1
   8.3269951433467906        6.1060018236706979        28.147863096880101        4.0000000000000000                1
   6.6500772637228307        10.846519137126997        16.614977702572748        4.0000000000000000                1
   6.7770828638182250        10.990710086723807        6.5063361215892694        4.0000000000000000                1
   6.2867057665587867        10.264291900255410        17.721341394456839        4.0000000000000000                1
   6.1756345038423870        8.2220366444479396        2.6945007884306795        4.0000000000000000                1
   6.5462632849288624        7.3029547407830737        37.315600311524427        4.0000000000000000                1
   9.6497704260025827        11.874592088993781        31.133302064327903        4.0000000000000000                1
   6.6148912294503734        7.1803261393769322        10.364107873140826        4.0000000000000000                1
   11.985738636366595        9.1940213766592258        23.128584983553882        4.0000000000000000                1
   11.359545213694084        7.1496418889243625        19.532657041980979        4.0000000000000000                1
   6.6793404445751028        7.1021393651376634        38.830322181155346        4.0000000000000000                1
   10.931169554299796        6.7215866008115261        1.2132734169269899        4.0000000000000000                1
   10.959164664448735        11.256619295432889        26.783041491745252        4.0000000000000000                1
   11.590197210694434        7.5718142289846080        7.5176360605096209        4.0000000000000000                1
   9.4998269080811575        6.0622677605170985        35.762114514966719        4.0000000000000000                1
   11.902028856866295        9.5601471550368853        14.135298679825018        4.0000000000000000                1
   10.081715194758631        11.740150222234401        5.9967375263193359E-002   4.0000000000000000                1
   6.4416680087411091        7.4680071268424042        27.561249847312382        4.0000000000000000                1
   6.0845212304557039        9.2741499014381752        29.281858109675937        4.0000000000000000                1
   9.1463203286816235        6.0149168586912234        38.870500067118627        4.0000000000000000                1
   11.874689069791700        8.2105704911877133        12.759837850374399        4.0000000000000000                1
   6.4890687411537309        10.382136816784104        10.476501419021744        4.0000000000000000                1
   7.1820644574681891        7.7140114248189082        15.391414200795261        4.0000000000000000                1
   11.804517152848778        7.9571437095145230        33.078657053502013        4.0000000000000000                1
   11.367039944777087        7.1593349712851690        32.647088270328609        4.0000000000000000                1
   6.8072813178897293        6.9929153836962543        39.971892010531555        4.0000000000000000                1
   8.6927516031448278        11.974394779920328        26.216083338558462        4.0000000000000000                1
   6.1284687528706634        9.8251513141843052        18.672898915274502        4.0000000000000000                1
   7.9262646301885518        11.795309790838333        25.320815003668439        4.0000000000000000                1
   8.3943129597662587        11.931598833926504        39.769559483601967        4.0000000000000000                1
   10.570209114512846        11.539479269106797        30.768498324396599        4.0000000000000000                1
   10.165160846246991        6.3249744244547035        34.940712862830516        4.0000000000000000                1
   11.821380317144056        9.9836061722458087        18.161153611892725        4.0000000000000000                1
   6.6099816952988775        10.806253688999652        36.331605095513922        4.0000000000000000                1
   8.1781118820383210        11.061718519759649        9.6460650840880788        4.0000000000000000                1
   9.3330243987857866        11.976592664026896        21.004806340437241        4.0000000000000000                1
   8.8410107068419670        6.0089051381320688        37.670522558957188        4.0000000000000000                1
   8.0392203511617719        6.1653536067519887        11.763125556102207        4.0000000000000000                1
   10.888332405954127        6.6778689419587929        21.502542297500021        4.0000000000000000                1
   11.950847837108800        9.2127475551829168        13.151149886494755        4.0000000000000000                1
   9.7336501057682892        11.905048733503747        2.4552593818925543        4.0000000000000000                1
   11.837238024123721        9.9420319577872327        17.105659613622940        4.0000000000000000                1
   11.521192244515809        7.3811549814244799        6.4583990767618777        4.0000000000000000                1
   9.2474095018981455        6.0166372742470440        22.029221320926339        4.0000000000000000                1
   7.4524218317516713        6.4391522013741014        27.745770529329523        4.0000000000000000                1
   11.044427188497371        11.136522536600522        4.0304564855808218        4.0000000000000000                1
   11.438618886807440        10.741056374488435        6.0643851228209789        4.0000000000000000                1
   9.0236479382224424        11.991221834901792        29.247022296778386        4.0000000000000000                1
   7.2541555260105897        6.6059533357100424        38.010347793610386        4.0000000000000000                1
   10.631298854606705        11.500675923327824        23.635542479033713        4.0000000000000000                1
   11.833204307305488        8.1233710991992876        5.6557262078250661        4.0000000000000000                1
   6.2535093178085770        9.9941208755836151        22.903430822792583        4.0000000000000000                1
   11.925276069877530        8.3831440986874863        13.944499667870444        4.0000000000000000                1
   6.4099149124403452        7.5414037782944821        1.8797564771055126        4.0000000000000000                1
   11.141791878618642        8.8038984898183834        9.5652595941250596        4.0000000000000000                1
   7.8294372341581919        11.717954463080270        15.118607322262003        4.0000000000000000                1
   6.7709519371420086        7.0301491104075744        14.504140924907601        4.0000000000000000                1
   11.538349978654706        10.556786528365272        20.467712137437950        4.0000000000000000                1
   11.261395576088731        7.0410706001181289        15.442818478051239        4.0000000000000000                1
   8.6147829455179128        6.0549937543257464        13.802927680126592        4.0000000000000000                1
   6.6603799658946654        10.859809911423699        29.741739870130605        4.0000000000000000                1
   7.9661615217776749        6.2139712863197634        31.386622955716934        4.0000000000000000                1
   6.2546378916731422        10.168808095773874        1.4579830661516502        4.0000000000000000                1
   10.760650952840788        11.403746371272588        6.4220237833458285        4.0000000000000000                1
   11.683682254494993        7.6773810355559222        24.829946077299919        4.0000000000000000                1
   10.334263840868147        11.680378648441435        4.5074406153997861        4.0000000000000000                1
   7.0611139826282709        11.268124870104943        10.054406532671841        4.0000000000000000                1
   6.4131279222875506        10.501813714062109        38.899749353650414        4.0000000000000000                1
   7.0686373649903063        7.7481571073967865        7.4295901792607628        4.0000000000000000                1
   8.5373943877222889        11.900087347017287        20.189066595742421        4.0000000000000000                1
   7.9744822815371572        6.1968210397329440        25.831718374511073        4.0000000000000000                1
   11.287692315311402        7.0789893218275566        9.6104849660389604        4.0000000000000000                1
   8.8669610582423370        11.987284168007735        30.390465701423182        4.0000000000000000                1
   11.812540476481935        10.012775539581039        35.477458611178662        4.0000000000000000                1
   11.023173085303503        6.8574777668098852        29.814111449563210        4.0000000000000000                1
   8.0278646660944268        11.769861988301091        18.057266464608922        4.0000000000000000                1
   7.1391233404442271        6.6512083377775406        36.840736590565399        4.0000000000000000                1
   10.132137439187339        6.2271598523753449        6.3780630963488081        4.0000000000000000                1
   11.569102020696800        7.4556069371159666        16.362601793520355        4.0000000000000000                1
   8.3881829426658427        11.915538595404078        27.284697952303052        4.0000000000000000                1
   10.015077243264999        11.816022881819658        15.721513264575368        4.0000000000000000                1
   6.9143025034123626        11.122257316783893        32.752800929274038        4.0000000000000000                1
   6.8622832776008238        8.1970377357746695        20.518004500674451        4.0000000000000000                1
   7.6705689019854653        6.3458358359382601        21.661388786499074        4.0000000000000000                1
   9.6616782690185410        6.0837687342080891        8.7420786589927744        4.0000000000000000                1
   6.8697692048311607        6.9474066599937432        28.677317629804755        4.0000000000000000                1
   6.5874159528048404        7.2275823937313213        20.446996948204632        4.0000000000000000                1
   6.5395343903980896        10.715676537199226        30.933194257441926        4.0000000000000000                1
   11.873502252235717        9.8028882807391415        39.663707128696934        4.0000000000000000                1
   6.1488273892708234        8.1061783010515427        25.395669558801881        4.0000000000000000                1
   7.5169431299960401        11.590018111455256        27.660509447267234        4.0000000000000000                1
   6.0378374646583861        9.3094826840054647        6.6384411444148537        4.0000000000000000                1
   7.5682910854432421        11.590328801709438        8.9965972089747055        4.0000000000000000                1
   8.4888338959845626        6.0720514410330306        12.687041009101803        4.0000000000000000                1
   10.104394497751278        11.740207131080341        5.6941372526390825        4.0000000000000000                1
   7.0856655795183299        6.6975418838301612        8.2587637003250531        4.0000000000000000                1
   6.6876683112658171        10.903123262762916        35.170044034478472        4.0000000000000000                1
   11.994076163270408        9.0113046080984880        15.012809072989631        4.0000000000000000                1
   6.9816008960118960        11.188375911372351        21.648325578372685        4.0000000000000000                1
   7.2996958768630211        7.5082109125749392        26.985475157467711        4.0000000000000000                1
   11.942553138177104        8.4177886703211993        36.569076140629420        4.0000000000000000                1
   6.7986246933921892        6.9672924832367231        34.035256912858920        4.0000000000000000                1
   6.0163525914553286        8.6923834191451146        20.227112611548975        4.0000000000000000                1
   6.0725868817161990        8.5004741379871565        28.502672170064688        4.0000000000000000                1
   8.0126462246724550        6.1833355635751737        9.8451390463889386        4.0000000000000000                1
   11.608384234847611        7.6043135310285441        30.233613726883600        4.0000000000000000                1
   11.697520278578125        10.227802376143446        24.842226359970795        4.0000000000000000                1
   11.502777169718186        10.638516634503913        7.8277343174255429E-002   4.0000000000000000                1
   6.0766982903970437        9.4464038275234046        20.907727789624278        4.0000000000000000                1
   11.991035372997539        8.8946389357339513        33.503132299933355        4.0000000000000000                1
   9.8611297817571568        11.846594314849066        35.405439061892942        4.0000000000000000                1
   10.771415862439339        11.407078317431981        29.207085177910365        4.0000000000000000                1
   6.9652992442127246        6.8135810904569549        2.3290584863720842        4.0000000000000000                1
   7.9052968217453543        6.2182219601656064        8.6031963125924449        4.0000000000000000                1
   7.0594205674969208        7.9122039709411931        25.832051043309242        4.0000000000000000                1
   8.9319108382292374        6.0069189210199658        19.137210152391109        4.0000000000000000                1
   6.9621801797970919        6.8327108737820623        7.0344817634179257        4.0000000000000000                1
   10.226687436513762        11.735699516723258        38.993730622300248        4.0000000000000000                1
   8.1977915872025466        6.1576130909046354        19.813707703411907        4.0000000000000000                1
   9.2492919448402873        6.0251449788159332        5.9416451479990657        4.0000000000000000                1
   8.0755146006469349        6.1498456777413963        24.006449116806987        4.0000000000000000                1
   11.924189199895915        9.5861184211265833        14.143080238301092        4.0000000000000000                1
   11.667686280079018        7.6793866294847426        37.383189995745568        4.0000000000000000                1
   7.9403932773025199        6.2149397837204319        37.267266482109022        4.0000000000000000                1
   11.939056263332148        8.6192807811492038        25.223521566547063        4.0000000000000000                1
   7.2243699606903329        11.407260745157744        24.597161775091781        4.0000000000000000                1
   9.8666613038150786        11.855823578837901        16.871065156209184        4.0000000000000000                1
   7.7895666644508523        10.928824008840222        29.281906134491827        4.0000000000000000                1
   6.1091982166066785        9.7738771291209758        19.899933877807371        4.0000000000000000                1
   11.490518347352685        10.591620922713378        4.8824773010372224        4.0000000000000000                1
   7.1903000322827584        7.6632922826940764        19.725104137492778        4.0000000000000000                1
   6.0128223726426624        9.1905051960989397        17.807131695717562        4.0000000000000000                1
   6.1010265592005997        8.5199549188221138        5.8683980148755648        4.0000000000000000                1
   7.3439191519259568        11.494489977760617        23.439890360970992        4.0000000000000000                1
   11.556515423275822        7.4432416000618922        29.075458498512742        4.0000000000000000                1
   11.015823581228377        6.7931605802974504        7.2141370640724070        4.0000000000000000                1
   8.1330309249147490        11.864614720662402        14.026370172947791        4.0000000000000000                1
   6.1969704490026292        7.9753656423944816        7.9466630755966623        4.0000000000000000                1
   10.591332192847657        6.5384923997409023        31.782221402326631        4.0000000000000000                1
   6.9024270380199653        11.067192308876537        15.546413749089906        4.0000000000000000                1
   11.055547206721041        11.151032649885313        11.175659645741668        4.0000000000000000                1
   9.4991665588623189        11.917843243900609        19.805711475803712        4.0000000000000000                1
   7.6591913585810927        6.3380884772868225        34.990701386727785        4.0000000000000000                1
   11.088403436627090        11.139460835609720        25.750111677590674        4.0000000000000000                1
   11.781035979055188        10.105469154141620        29.672673109268711        4.0000000000000000                1
   6.4579765029879024        7.4347173087519893        13.326517409004902        4.0000000000000000                1
   7.6518371726975154        7.3736080089605487        20.634043228726380        4.0000000000000000                1
   7.1599270856396489        11.329089337018630        28.595882477591982        4.0000000000000000                1
   7.5566983785284423        11.626134829192493        20.585094824763512        4.0000000000000000                1
   7.7904864677485497        11.725005835661420        19.392239529675919        4.0000000000000000                1
   10.325481710942356        6.3203065009861321        16.260879916115286        4.0000000000000000                1
   10.381162840079538        6.3461084848968863        7.8943820601173416        4.0000000000000000                1
   11.764316422743111        10.099866915219121        15.082878174239662        4.0000000000000000                1
   11.993094851648411        8.8099620671513428        26.360166122476212        4.0000000000000000                1
   6.0473009158127278        9.2370207651585101        1.8905819975268070        4.0000000000000000                1
   9.4656113622573290        6.0822053994876288        1.6382363260986117        4.0000000000000000                1
   11.601697585539045        10.491415237568241        23.497336930577770        4.0000000000000000                1
   6.1410988381750986        8.2247450395158967        18.277923550402889        4.0000000000000000                1
   7.6892032395547796        11.695102651766138        12.240611394227603        4.0000000000000000                1
   11.550849921527954        7.5313233381419851        1.6939564124038240        4.0000000000000000                1
   6.0233580724348785        9.2255741410412355        11.836938450314742        4.0000000000000000                1
   6.8098140977902526        6.9583525426663861        1.0782456080387026        4.0000000000000000                1
   6.2500199657246220        10.188711243369024        6.1845844648514916        4.0000000000000000                1
   9.6314687505163761        6.0911508675271699        2.8499024358441662        4.0000000000000000                1
   10.601246961714089        6.8195444059829429        17.499987400032939        4.0000000000000000                1
   6.8905413946572498        9.0192424538101044        2.6143705236976813        4.0000000000000000                1
   10.297734538617718        6.3131527512342762        27.616408752476264        4.0000000000000000                1
   8.8700024068769086        6.0264709036511812        26.268707252627401        4.0000000000000000                1
   9.4218066453513334        11.951955894423284        4.8756231362428473        4.0000000000000000                1
   11.464810315746755        7.3033416552607884        20.684216676955312        4.0000000000000000                1
   7.4966117127922214        7.5853217664276951        6.4675905455928362        4.0000000000000000                1
   6.0808378726388161        9.5985414893110441        39.443212011248718        4.0000000000000000                1
   6.6818137284607451        7.1168450227329618        32.832799789275597        4.0000000000000000                1
   7.1852827400151309        6.6411701378352133        19.676236343383554        4.0000000000000000                1
   9.0024185515454214        11.975584968485967        23.290304062960519        4.0000000000000000                1
   7.1494984892391455        6.6527276208791433        30.911167195877994        4.0000000000000000                1
   10.717740533062653        6.5502436012519940        4.3336757007895885        4.0000000000000000                1
   6.4033039202682263        7.5565721856552370        23.496032879316218        4.0000000000000000                1
   6.0214043780594295        8.6578437424008072        31.422661609101041        4.0000000000000000                1
   10.685638032170875        6.5192619846383995        38.913356850736051        4.0000000000000000                1
   7.4258268831612790        6.4691895082944084        33.282203643056839        4.0000000000000000                1
   11.719508171777333        10.178991685418882        2.0789307589085255        4.0000000000000000                1
   11.000101200355017        6.7706951489866789        22.748771129469574        4.0000000000000000                1
   11.860479913090350        9.8415604788128892        11.019541893652507        4.0000000000000000                1
   8.5594354615531891        6.0817041580266471        35.356121441882344        4.0000000000000000                1
   6.0805354321581024        8.3456791712778724        35.516641034326163        4.0000000000000000                1
   11.133971118781634        8.7942888733651277        38.634436662865760        4.0000000000000000                1
   6.1195160902221257        9.1949314293375064        13.802690111245720        4.0000000000000000                1
   9.5049431313560113        6.0454091348364862        24.319371956642346        4.0000000000000000                1
   11.201454341877596        10.993646945631358        2.9106814221122121        4.0000000000000000                1
   7.9641183361361598        11.794278325038027        8.1006105254322254        4.0000000000000000                1
   11.464794592394059        10.697551682127667        13.188796444203847        4.0000000000000000                1
   11.777817919781812        9.9566893916097197        22.466352390994970        4.0000000000000000                1
   6.4544710064519180        10.542951230953790        32.056677286138040        4.0000000000000000                1
   8.2530792226676351        6.1114497009244264        39.622837389630625        4.0000000000000000                1
   7.4353170306410430        6.4806611205828535        16.586693586344889        4.0000000000000000                1
   6.3901147280335007        10.368879127933123        33.197739074653960        4.0000000000000000                1
   7.8184480163944032        7.1587079045699129        11.608386484812385        4.0000000000000000                1
   8.9273296100781270        11.997457238080491        12.908693147176622        4.0000000000000000                1
   9.1409052058991200        6.0051616404436130        11.847416357946921        4.0000000000000000                1
   9.3327022213825046        11.981243795820173        33.560539740196027        4.0000000000000000                1
   8.2425717295237124        11.874657656657984        28.475172034215475        4.0000000000000000                1
   10.273150601691846        11.713475411543964        14.665025271954489        4.0000000000000000                1
   10.022822704718822        11.819435673238987        12.714358245606173        4.0000000000000000                1
   6.9468500988410780        6.8607852650641963        12.447562468619436        4.0000000000000000                1
   11.841333434470663        9.9458825220140934        28.345441811159784        4.0000000000000000                1
   6.9800288718906565        11.203197690261135        8.2850460439189586        4.0000000000000000                1
   8.4440848443170680        11.928201110342499        5.6543369290236933        4.0000000000000000                1
   8.1796821152296122        11.873397349239452        6.8359615633221891        4.0000000000000000                1
   10.204745442935707        11.696313027883100        18.715234979049434        4.0000000000000000                1
   11.879491675309122        9.4727640829640514        2.8644987839205025        4.0000000000000000                1
   11.987000235397561        8.7991249557747313        4.8545081785821411        4.0000000000000000                1
   6.5789223638979593        7.3571693788436239        3.0809995715366298        4.0000000000000000                1
   10.844428770465335        11.360168885160368        28.036347785592589        4.0000000000000000                1
   8.6045961543541374        11.957295809955530        38.593561796942396        4.0000000000000000                1
   10.884593871474424        6.6836801310028520        28.668857722006070        4.0000000000000000                1
   10.967021556461599        11.243919303304285        15.218408246475493        4.0000000000000000                1
   11.657581112223584        10.388433817520555        37.817211202231093        4.0000000000000000                1
   10.092629397436522        6.2356372933161497       0.83432022901749225        4.0000000000000000                1
   11.950551301908638        9.3370382888799082        30.357965831260191        4.0000000000000000                1
   11.225157486451879        7.0259929511613120        31.070308629553971        4.0000000000000000                1
   11.115662965008246        11.111072254216687        9.5932115350001936        4.0000000000000000                1
   11.936212358172130        9.5852100018212436        25.665651872647267        4.0000000000000000                1
   11.434524637153569        7.3414516729350199        13.613531112899796        4.0000000000000000                1
   11.957258745204081        9.0119890448653592        27.952113284597804        4.0000000000000000                1
   11.718454727534363        10.259078909154580        36.609119133673289        4.0000000000000000                1
   7.4112384045819271        11.514272229467505        34.767763891432409        4.0000000000000000                1
   7.8150772534542581        6.2591776466687872        36.067303760503854        4.0000000000000000                1
   7.2782197831409476        11.454390018399025        35.885991758913370        4.0000000000000000                1
   10.250891493260175        6.2883533256389663        23.578741911410447        4.0000000000000000                1
   9.7471626484871763        6.1059432828447937        17.065627020057288        4.0000000000000000                1
   7.9300051817656110        6.2554168881344232        18.835784198226246        4.0000000000000000                1
   7.1513869753536445        11.338987632083176        37.043450024918030        4.0000000000000000                1
   10.159663146037865        11.732112599596134        11.597499953762846        4.0000000000000000                1
   9.1895457459422207        11.944119835848637       0.56780879903171988        4.0000000000000000                1
   11.956579845799457        9.3377230665030790        36.972252352299883        4.0000000000000000                1
   6.7634440612708806        7.0477538983936059        11.383167370727735        4.0000000000000000                1
   6.0976175734423927        8.3326592464091114        29.746104032821677        4.0000000000000000                1
   11.788278021738236        7.9019768162607633        38.488593181131549        4.0000000000000000                1
   7.7818926432708269        7.1999824673826929        25.636518711896287        4.0000000000000000                1
   10.306130693907452        11.695108820817744        31.994171650928479        4.0000000000000000                1
   6.6026734953387667        7.2123258254053670        31.604373852768823        4.0000000000000000                1
   11.980290526104731        8.9881367028754049        14.963630340292482        4.0000000000000000                1
   11.244054829600945        10.927439206383490        29.954755276082771        4.0000000000000000                1
   10.497105691282641        6.4178266833807971        30.630865552847798        4.0000000000000000                1
   8.0900508777730131        11.846788709393946        29.615557266336872        4.0000000000000000                1
   9.7605048758081203        6.8333928566474418        19.898204765704502        4.0000000000000000                1
   8.1990835573490894        11.832180584003245        14.035839384630892        4.0000000000000000                1
   9.9313690491484490        6.1594865560695471        11.042945768978191        4.0000000000000000                1
   11.149925182250657        8.4718835928241187        14.737333175676914        4.0000000000000000                1
   11.948761587725365        9.3317646512385082        15.969235249446449        4.0000000000000000                1
   7.7354022001202356        6.3121020350580066        30.132468841004254        4.0000000000000000                1
   8.8131929706860568        6.0120951963560270        3.5847841913489233        4.0000000000000000                1
   10.578297639356595        6.4992662719136955        37.728774616539688        4.0000000000000000                1
   10.814526881009781        6.6131245962678431        20.223901382837742        4.0000000000000000                1
   11.989974288054436        8.8114955732969555        20.997683354347441        4.0000000000000000                1
   6.0129434823322274        8.8357701563170412        26.258422830852716        4.0000000000000000                1
   10.830265349291826        6.6476372787504188        34.227203664280907        4.0000000000000000                1
   6.0538919702468004        8.5423323103692539        10.283999656163070        4.0000000000000000                1
   11.939418819332763        8.6519456808191499        37.701229044194193        4.0000000000000000                1
   6.5615988522359565        7.2698845339177351        8.9971140669415668        4.0000000000000000                1
   8.9673760756584091        11.995238316836151        1.6698571803955755        4.0000000000000000                1
   8.7946734289417137        11.992692827335029        14.850285450005948        4.0000000000000000                1
   11.127541712866345        6.9144137944806614        8.3107787453527830        4.0000000000000000                1
   9.4860344251221491        11.954507736674246        17.864933295158988        4.0000000000000000                1
   6.4144101890572394        10.505215860080673        24.751076859942263        4.0000000000000000                1
   11.427946056247738        7.2599301044460720        27.855867828349041        4.0000000000000000                1
   6.0746385515575367        8.3826763683990464        7.0252236651180748        4.0000000000000000                1
   6.5282529045481184        7.3777151094098841        24.629077381450944        4.0000000000000000                1
   8.7416826800046170        6.0615004820854574        2.3841719364687610        4.0000000000000000                1
   11.670944669379596        7.6363448556941300        10.606550889350940        4.0000000000000000                1
   11.417152052666180        10.736920547071005        28.810609944782716        4.0000000000000000                1
   7.4844428224490613        6.4246487975341715        13.433149133378105        4.0000000000000000                1
   11.954562133070574        8.5222857206203031        2.5426279336692827        4.0000000000000000                1
   7.0905751960368226        11.288235017640583        25.686206504460934        4.0000000000000000                1
   10.264989881596739        6.2984328325573733        29.408980006641595        4.0000000000000000                1
   8.3328743139453856        11.917890213376429        34.363297354011479        4.0000000000000000                1
   8.6777816383952597        11.942165941808708        31.487227462070351        4.0000000000000000                1
   11.868460174809650        8.1569066893109756        15.646946857534635        4.0000000000000000                1
   10.516812219071394        6.4365724141865854        3.1681988927401692        4.0000000000000000                1
   10.655052315107055        6.5232817311308233        32.947497649775826        4.0000000000000000                1
   8.3068702208236260        6.1100639473764868        5.5297854747146804        4.0000000000000000                1
   11.958096769348407        8.7000628655901497        32.266369788085463        4.0000000000000000                1
   6.2014737742907666        7.9411751497329162        15.404093401522701        4.0000000000000000                1
   9.6854192899637148        6.0816864617721924        25.414685616695966        4.0000000000000000                1
   6.2987651369492195        10.276080366303646        25.766509274160242        4.0000000000000000                1
   10.495044463351469        11.597809399103724        3.2978015759189914        4.0000000000000000                1
   6.1527414299571728        9.9139719566127340        2.6658927325949491        4.0000000000000000                1
   7.0811160720263580        11.295547050058692        31.635055375265136        4.0000000000000000                1
   6.3606088165516752        7.6124357242477414        34.857791442054904        4.0000000000000000                1
   7.3648018589399147        11.512955513402749        23.414480093797756        4.0000000000000000                1
   8.3183759223289755        6.1577737412449469        5.5457530332374709        4.0000000000000000                1
   11.810067765495022        9.9774738079124869        6.8324311234030271        4.0000000000000000                1
   10.639330449535597        11.494294500423001        2.1543656161789424        4.0000000000000000                1
   11.212157713726016        11.019682453126437        24.446457590941538        4.0000000000000000                1
   6.2098037854525954        7.9484168184417792        19.409919129607243        4.0000000000000000                1
   6.3822616043220854        7.6118197481735539        16.384900613512105        4.0000000000000000                1
   6.0079540939055587        9.1576327358852154        25.174657174667853        4.0000000000000000                1
   6.5684215608178755        7.2821112759528051        18.675736830079316        4.0000000000000000                1
   10.789816379477251        6.6818370255857245        24.590262862059610        4.0000000000000000                1
   9.2465879525071824        11.988017313113740        10.796864077856830        4.0000000000000000                1
   7.7575047892807119        11.702771032787142        37.791361683437728        4.0000000000000000                1
   8.0870287755163055        6.1482996479503234        38.397203657457908        4.0000000000000000                1
   6.4738231938719828        10.583275237985013        9.3780748632741826        4.0000000000000000                1
   8.4807185671836578        11.954039620781078        4.5206815803431732        4.0000000000000000                1
   10.762297024137771        11.412344110394079        6.4157154650353005        4.0000000000000000                1
   6.2899319499126936        10.251266175083860        14.578338661759609        4.0000000000000000                1
   11.643227481626397        7.6100274859113082        14.613701318146131        4.0000000000000000                1
   9.3102035403270005        6.0166996196679801        23.122420994685591        4.0000000000000000                1
   7.8104493820003844        11.740633833822958        3.7292808692711046        4.0000000000000000                1
   6.1513633637745890        8.1028340415127165        14.279790421593605        4.0000000000000000                1
   11.729096900411227        7.7854317933034629        18.819964838368762        4.0000000000000000                1
   6.0035218727975188        9.0201102738624943        36.420439221580082        4.0000000000000000                1
   10.465900710152736        11.594667678115226        24.841316696682799        4.0000000000000000                1
   11.937046450030151        9.4861769028537921        31.493164825605636        4.0000000000000000                1
   11.352455581412084        7.1477443350636509        26.758109989974649        4.0000000000000000                1
   11.967293832055129        8.8284849152403471        20.946907878288918        4.0000000000000000                1
   6.8576792060888723        6.9550580032199028        5.8299314785470715        4.0000000000000000                1
   10.996843946916000        6.8441355888277613        14.483579558316489        4.0000000000000000                1
   11.126939241734634        6.8942012181194361        2.5032171521615427        4.0000000000000000                1
   7.3071146364623374        11.439577374512528        17.390385936406172        4.0000000000000000                1
   7.2264173241463059        6.5909211229645424        9.3777535140271979        4.0000000000000000                1
   10.927426905697509        6.7099822024144249        6.0026087882700425        4.0000000000000000                1
   10.663758152205700        6.5336036461364628        10.397028141437385        4.0000000000000000                1
   11.957329483926461        9.3912286479970284        24.333844126859631        4.0000000000000000                1
   11.132448600691951        11.018708815834419        18.520900767514931        4.0000000000000000                1
   11.107390186947486        11.134480372699580        38.197726361767252        4.0000000000000000                1
   11.897814472802192        9.5942928604058402        38.588368552741969        4.0000000000000000                1
   11.289891868170818        7.1122187543385182        12.374523607990158        4.0000000000000000                1
   6.8722486712130486        6.9039746210150010        21.364816150313469        4.0000000000000000                1
   6.7505690466014778        10.970902707619789        1.0108444958352782        4.0000000000000000                1
   6.2884366047880000        10.240929199190420        34.323002225921371        4.0000000000000000                1
   11.724917906506587        7.8909212434283313        25.987733116545751        4.0000000000000000                1
   11.493560739551114        10.501272626502857        16.193094838199968        4.0000000000000000                1
   7.3456127740328814        11.502072065336280        1.8069153105690234        4.0000000000000000                1
   11.847975732638430        8.0652283471220318        28.286623583174165        4.0000000000000000                1
   7.6400040504011493        6.4073808188547199        14.782116833027416        4.0000000000000000                1
   6.8049100064045520        11.027342778467732        39.835609777523842        4.0000000000000000                1
   11.336862467920382        10.816756107044258        7.1692151120464898        4.0000000000000000                1
   8.1755788293524816        11.794421541492001        35.525932207148415        4.0000000000000000                1
   8.6844321843769645        6.0593440922223269        7.7975372375404266        4.0000000000000000                1
   11.085704725917967        9.3762841319089283        19.018868410441719        4.0000000000000000                1
   11.980555010512385        8.6691841318805558        3.5548821473648013        4.0000000000000000                1
   6.0263839659237188        8.6779656013532627        27.372182895567924        4.0000000000000000                1
   8.7082572500936237        11.219910337576344        33.184509042788825        4.0000000000000000                1
   6.9290312814930912        11.158405068044294        11.261052420525610        4.0000000000000000                1
   6.2925011240259847        9.9346409147121850        8.5609993159280151        4.0000000000000000                1
   6.9476097409813358        8.2590635668170744        31.467626520953729        4.0000000000000000                1
   6.3597534891865850        7.6529724156068610        6.3505523089067184        4.0000000000000000                1
   11.615425240733137        7.5671914890565484        36.109123014534475        4.0000000000000000                1
   9.7714920041565883        6.1435225902918456        9.9643258058931075        4.0000000000000000                1
   6.5238710708776564        10.670662740977297        13.650665074086707        4.0000000000000000                1
   9.4948535255635775        6.0535768848581624        1.6528064895587986        4.0000000000000000                1
   8.6945810981022156        11.967208674107635        37.540564382275825        4.0000000000000000                1
   11.869894877097693        8.1523139086597300        19.869293414001344        4.0000000000000000                1
   6.9822085160525686        11.215213575717316        19.703894159118583        4.0000000000000000                1
   6.0566940049491205        9.3081193387216423        22.157058317409604        4.0000000000000000                1
   6.0897720680451961        9.6971648232857053        32.459387878420827        4.0000000000000000                1
   6.0131275358474863        8.7524005697524458        4.7070228285717670        4.0000000000000000                1
   11.670501735199633        7.7242752572798219        3.2483946763843190        4.0000000000000000                1
   7.5600847555487487        6.3771129634892141        20.601696548895330        4.0000000000000000                1
   7.3793250309169229        6.4894183041475815        39.227383199765775        4.0000000000000000                1
   6.6889406686377457        10.883758056185620        22.555526802904350        4.0000000000000000                1
   11.437083264277000        10.739060991152220        34.768983585838406        4.0000000000000000                1
   11.962566011683400        9.1011061467853196        34.555830703545425        4.0000000000000000                1
   6.9813463159198434        7.9115778842198976        21.476214073339513        4.0000000000000000                1
   8.7218553596337465        6.0262776132120450        36.473425940248866        4.0000000000000000                1
   7.0523136474323032        11.276819076568053        14.358628556035139        4.0000000000000000                1
   11.769373723525286        9.7852535509344669        21.297029605212263        4.0000000000000000                1
   6.3302217496187714        10.265224749621511       0.29498900060608652        4.0000000000000000                1
   7.3908965266972659        6.4757171384522199        10.582372522153117        4.0000000000000000                1
   11.626839356920625        10.428162721947478        3.6238022661915239        4.0000000000000000                1
   9.0557330901582151        6.0057034420396489        4.7295054028031815        4.0000000000000000                1
   6.5047601311057459        10.664426327644378        3.3910297214360070        4.0000000000000000                1
   6.7278778149042795        9.0041796122697715        32.105359419708272        4.0000000000000000                1
   6.0255664799147510        8.7203145294995963        16.023071827287158        4.0000000000000000                1
   6.9313524992044790        6.8466942805999427        29.757055234562543        4.0000000000000000                1
   6.1961330177309657        10.024545069968644        30.074910137850914        4.0000000000000000                1
   10.934497492964887        6.7106435817284549        11.381532128540019        4.0000000000000000                1
   9.6437581560832673        6.0701586037520778        30.232018848164710        4.0000000000000000                1
   11.078993739595262        6.8622900878629594        18.547821400345128        4.0000000000000000                1
   7.9041950965043295        11.790675257929875        22.283003757537529        4.0000000000000000                1
   8.1663988811789441        6.1473224776212385        27.061773058327422        4.0000000000000000                1
   6.5830187401001199        7.3998654741955869        17.386895230492645        4.0000000000000000                1
   6.4073460489543592        7.5174630423116939        27.535653273698074        4.0000000000000000                1
   7.9674202487566639        7.1700517412956684        15.732396706285694        4.0000000000000000                1
   11.874205772233568        9.8592446579048953        33.846356555569557        4.0000000000000000                1
   7.0592939474347265        11.263806327908915        18.402597968612326        4.0000000000000000                1
   10.853350494675144        10.256165370367999        26.570380462845943        4.0000000000000000                1
   9.5082270634297501        11.917825782240330        19.814733695149226        4.0000000000000000                1
   10.194736000653947        6.2585057529780563        22.429840427092273        4.0000000000000000                1
   9.1034038402903406        6.8027377441732622        10.959351413363743        4.0000000000000000                1
   7.0532222143146877        6.7426246835142249        15.611881556556572        4.0000000000000000                1
   8.9408013650174496        6.0777520460904109        26.281696439573132        4.0000000000000000                1
   6.1588178486763958        9.8172138766857699        3.8605816052845889        4.0000000000000000                1
   6.0461260068805895        9.3811168702672116       0.70454351315025521        4.0000000000000000                1
   8.7152673493548853        11.975030658981973        19.042940811731082        4.0000000000000000                1
   11.163384262670357        11.029150095207907        8.5124198497278538        4.0000000000000000                1
   11.958171897471132        9.3896188099358167        8.8491720028086238        4.0000000000000000                1
   8.1144334317134899        6.1711003685014960        4.3658817241897516        4.0000000000000000                1
   9.9425493032497911        11.810918453264490        1.3644948028391335        4.0000000000000000                1
   11.649311613528125        10.401436923649802        19.120066088951837        4.0000000000000000                1
   6.0483345407506341        8.4915900553090751        34.419817282098002        4.0000000000000000                1
   9.4499336428274514        6.0343504333690241        13.045991880143255        4.0000000000000000                1
   8.0569857278364250        6.1610807405591421        15.799343827248441        4.0000000000000000                1
   11.285674698936122        7.0761802400874352        38.211789204316048        4.0000000000000000                1
   6.0543582410797505        9.5514371063804671        10.879685999602419        4.0000000000000000                1
   9.3395564429991218        11.164053736314267        18.871527996079003        4.0000000000000000                1
   6.0732137250570615        8.3554744785931110        17.021976562931606        4.0000000000000000                1
   11.975743118511577        8.8564950948407191        39.345961738815966        4.0000000000000000                1
   11.943008773584287        9.5471684406255406        10.040301006918382        4.0000000000000000                1
   6.0386927392079057        8.8572888607837790        23.365148968527130        4.0000000000000000                1
   11.854828056825282        8.1287511362414300        34.233695173058919        4.0000000000000000                1
   7.1797523096072693        8.0303095894758183        37.050425881383219        4.0000000000000000                1
   10.504580852133227        11.578272999614923        17.735131575332243        4.0000000000000000                1
   11.523674189256864        7.4246105665287248        21.880585781938098        4.0000000000000000                1
   6.5042953012800018        7.3421762001382183        30.555563449055864        4.0000000000000000                1
   11.887648347389758        8.3644695733405321        35.371084404324840        4.0000000000000000                1
   6.0450194182145998        9.2616082188534659        1.8608878647207630        4.0000000000000000                1
   9.5900643392498015        11.931097995007411        9.6566212536420384        4.0000000000000000                1
   11.919222917022179        9.6356150118434929        32.660379800050279        4.0000000000000000                1
   10.920278188054958        11.278457640029904        12.562471176803268        4.0000000000000000                1
   8.2397712161012340        11.901517517108571       0.96334000312987167        4.0000000000000000                1
   6.2488306587338682        10.172217942470871        28.836443545220554        4.0000000000000000                1
   11.093600042261532        11.046483115251615        31.566008397906607        4.0000000000000000                1
   6.0077444127095365        9.0832726872919292        30.427952345356697        4.0000000000000000                1
   6.0463926628040756        9.4493610077669405        5.4695066503015219        4.0000000000000000                1
   11.520989490429276        10.451219401222280        38.940233985233213        4.0000000000000000                1
   7.8929317153633942        10.955061957558609        32.536619254694592        4.0000000000000000                1
   6.0482462583875023        8.6096791470960170        12.936501840289196        4.0000000000000000                1
   11.994447261769324        8.8517077948876715        19.033273577957818        4.0000000000000000                1
   8.9551957061098744        6.0255139165106799       0.67413693905984218        4.0000000000000000                1
   6.0019532666666597        8.8961043450081139        37.584088381274121        4.0000000000000000                1
   10.195473077459422        6.3123115663389893        12.215934670050927        4.0000000000000000                1
   7.1054461886179192        6.6853087517150946        23.678475896173982        4.0000000000000000                1
   10.768926241835755        11.418361993441268        16.625275503354946        4.0000000000000000                1
   10.966418758008357        11.245816238608946        32.709338503546647        4.0000000000000000                1
   7.2416090315190242        11.413265670860316        13.294232213910796        4.0000000000000000                1
   9.8631493175091194        6.1313890089291316        21.115886545240102        4.0000000000000000                1
   9.4713474291619182        6.0986383101246604        1.6407742340839364        4.0000000000000000                1
   6.3140316622132495        10.336172160846363        27.746412357994643        4.0000000000000000                1
   11.299707669060396        10.923346095977795        14.305879805440663        4.0000000000000000                1
   10.052551575673823        6.2339546093625842        33.732737815777398        4.0000000000000000                1
   6.6082431043282579        10.805256163622367        2.1629999019105646        4.0000000000000000                1
   11.774468268224247        7.9347401956506767        4.3969917238029845        4.0000000000000000                1
   7.8125027246154097        6.2730159883496759        2.7004598775478557        4.0000000000000000                1
   11.676644044673367        7.6726109883723037        22.977554695102405        4.0000000000000000                1
   10.953868366202038        9.9656165679280999        14.255058172172628        4.0000000000000000                1
   6.1490890062778734        9.8440895526084731        37.161073400796205        4.0000000000000000                1
   11.576522110799472        10.515305722078123        10.261253847071696        4.0000000000000000                1
   11.942004572827347        8.4279982233791699        30.813767660001076        4.0000000000000000                1
   11.727474964984411        7.8294589445003080        31.824368166902211        4.0000000000000000                1
   11.828741076664571        8.0676357494383311        11.509956898271980        4.0000000000000000                1
   6.3274519262820350        7.6478570010212401        12.113835350626909        4.0000000000000000                1
   9.4659862901158700        11.079587805339340        8.4604027411972016        4.0000000000000000                1
   6.4258318924956521        7.5331163955053890        36.024309507587773        4.0000000000000000                1
   8.3623042161809149        11.899618529834054        34.389637182976870        4.0000000000000000                1
   6.2932988079223708        7.9151354575329638        26.558567704514278        4.0000000000000000                1
   11.000536234964313        11.139892298910533        19.572363941531155        4.0000000000000000                1
   11.299275288260066        7.0789280241519910        23.714781748080654        4.0000000000000000                1
   7.6754366563457506        6.3281497054943001        1.5567107709491705        4.0000000000000000                1
   11.858638941279018        8.2917754588161188        6.7641215009024407        4.0000000000000000                1
   6.4835206520809310        10.605247476339995        37.883421296215872        4.0000000000000000                1
   7.0530035613506019        11.264508489522971        10.091763387900683        4.0000000000000000                1
   8.3482808851829020        11.908926402827944        17.111897355483880        4.0000000000000000                1
   11.149956455790207        9.7750616406686390        34.648677551030467        4.0000000000000000                1
   6.2799987221421905        10.257570156357810        15.736869414060344        4.0000000000000000                1
   7.6983711586062809        11.701662289472884        26.420425940287569        4.0000000000000000                1
   9.7937960580288426        6.1084298030317754        3.9086830146325680        4.0000000000000000                1
   6.1410967652123780        9.8580776603080427        31.324451530391318        4.0000000000000000                1
   9.2288966973996622        11.987828677305593        11.932972235375649        4.0000000000000000                1
   7.3691986642925125        11.511965600028253        23.370744991375005        4.0000000000000000                1
   11.987021967378672        9.0693480174259236       0.53396299812217740        4.0000000000000000                1
   6.2515593795809083        7.9920698217993884        3.9031079837685962        4.0000000000000000                1
   6.0857531825071405        8.3398607752141629        21.250172806568994        4.0000000000000000                1
   8.3001189870361003        11.870609509025350        32.535812012840317        4.0000000000000000                1
   11.796823656989346        9.9767198811967734       0.92993898436624234        4.0000000000000000                1
   10.896006319105444        11.316913442226243       0.55577837781568207        4.0000000000000000                1
   6.2189584406646938        10.050881956529501        7.3602311989598048        4.0000000000000000                1
   9.6750545845183638        6.0794615852050953        14.324358582765793        4.0000000000000000                1
   8.6375085088408774        6.0287908541231152        16.749742655846411        4.0000000000000000                1
   11.465804319408544        7.2974558870283515        33.797750870749283        4.0000000000000000                1
   10.875723823593438        9.9020634098760709        25.387026285286325        4.0000000000000000                1
   9.4839651834749024        11.912508096220304        25.248997499967569        4.0000000000000000                1
   9.5386906423566913        11.925810232706583        38.221315394085771        4.0000000000000000                1
   7.3659156427046844        11.501851845252954        7.2887357260611045        4.0000000000000000                1
   10.373785283693065        6.3433734950836227        36.574036166563410        4.0000000000000000                1
   9.3151644491588037        6.0579950627998214        28.609525085030295        4.0000000000000000                1
   9.0826364955842038        11.957428339462405        21.989943384473069        4.0000000000000000                1
   7.0075986393909862        11.230790037600897        4.1796427240947702        4.0000000000000000                1
   10.083378686152015        11.782023260046477        34.236152498070147        4.0000000000000000                1
   11.932464261187441        9.5554919938325362        4.0271297599682461        4.0000000000000000                1
   8.7695884238362378        11.980630540817570        24.510811858450705        4.0000000000000000                1
   7.7705206260442772        6.2821304663557562        7.4434069474184028        4.0000000000000000                1
   10.928679811501210        11.278223599480089        33.944623008831236        4.0000000000000000                1
   7.6135553321487084        11.640456323156322        33.585130568734712        4.0000000000000000                1
   11.831428732336724        9.9893483344384499        26.620477854434800        4.0000000000000000                1
   6.1087621607425158        9.7585055163936367        38.290636153260088        4.0000000000000000                1
   11.952473663724133        8.9658793864350521        22.052655820555341        4.0000000000000000                1
   10.460606977683074        6.3995257040251206        19.310594474794808        4.0000000000000000                1
   11.215685778744918        10.999373555904940        37.075268795679015        4.0000000000000000                1
   6.0602556990510053        9.4383587107656641        28.139473148713833        4.0000000000000000                1
   11.591969553027820        10.495069317312366        10.251550723893407        4.0000000000000000                1
   6.6606353622426200        7.1483745465257931        4.2899610400205326        4.0000000000000000                1
   11.392499134689865        7.2180333835167190        39.213377685173938        4.0000000000000000                1
   7.4261610467114814        7.5153950949577641        16.544780548687001        4.0000000000000000                1
   11.649427326756882        7.6546441590728129        17.655788670698634        4.0000000000000000                1
   8.5237670780776682        6.1111194260283765        20.882628540455190        4.0000000000000000                1
   11.479554976619111        10.470437605004362        33.089008719685943        4.0000000000000000                1
   7.6324136274496635        6.3749729695140962        28.997511561320842        4.0000000000000000                1
   6.1586563051735466        8.2696230799119856        24.289276473031368        4.0000000000000000                1
   11.169141307551126        8.5332986933668007        22.934786489021757        4.0000000000000000                1
   9.3918905745610815        6.0269985232337788        7.0459109655475629        4.0000000000000000                1
   7.2520816971882356        11.382060735591864        30.493913609479691        4.0000000000000000                1
   6.8756483659841452        6.8852529107961145        22.670478319585449        4.0000000000000000                1
   7.9957698885547845        11.799476861003475        36.633217791425260        4.0000000000000000                1
   7.4462622500480036        6.4582802120660077        5.1465267079135817        4.0000000000000000                1
   6.1886766589659059        7.9690465963888277        32.494088310618558        4.0000000000000000                1
   6.7864695870905889        8.5746196790378253        11.944183500622467        4.0000000000000000                1
   11.924945204365390        8.5391142501315631        18.053712653217005        4.0000000000000000                1
   6.0114721442224743        9.1066577950418779        7.8233870751003627        4.0000000000000000                1
   6.1095011179850207        8.3299445160833265        1.2248617493274812        4.0000000000000000                1
   6.0120530673090347        8.9952887109498860        14.912902370377857        4.0000000000000000                1
   11.012874840026656        11.216920787155392        39.345925550396920        4.0000000000000000                1
   8.0020716377368437        11.788853157110479        8.1105659881532066        4.0000000000000000                1
   11.327664178868829        10.872872870830927        17.462846450230799        4.0000000000000000                1
   9.6735236729890186        11.790747345247439        24.098183093867213        4.0000000000000000                1
   10.003719833883576        6.1858119588516045        5.1419100824469863        4.0000000000000000                1
   6.0365672939511921        8.6341865812540739        33.249854764432470        4.0000000000000000                1
   10.666499454195908        11.469844073980008        7.5550704258403059        4.0000000000000000                1
   6.0025466557643359        9.0029222969624474        8.8733033320187946        4.0000000000000000                1
   7.5784460788464081        11.628146747779937        16.283874389114349        4.0000000000000000                1
   8.4238265832454786        6.0761812888982591        10.806850964625454        4.0000000000000000                1
   11.899749567189650        9.7244253456370178        5.2497088646867063        4.0000000000000000                1
   9.4394127985976510        11.958268434270616        32.426208132708055        4.0000000000000000                1
   10.539102670299890        6.4448182254268547        9.1456815683006916        4.0000000000000000                1
   9.8172974894277907        11.879595178926120        30.090283203602031        4.0000000000000000                1
   6.9175212091002791        11.153829516363764        26.975190571837977        4.0000000000000000                1
   6.9967864715023564        6.8316065825056942        35.577851091963709        4.0000000000000000                1
   9.8042184896310225        6.1218125152462326        32.590758364680980        4.0000000000000000                1
   11.705808459017833        10.262409408960700        30.705022342875463        4.0000000000000000                1
   6.5605212392233714        7.2696149420422271        31.622333976837041        4.0000000000000000                1
   8.8505071127693888        11.157491821674055        17.995964384023459        4.0000000000000000                1
   6.1139471716945737        9.7506803087097325        16.858548959337753        4.0000000000000000                1
   6.8393514717403106        10.995816903523886        33.908969302600497        4.0000000000000000                1
   8.6866761639372658        6.0611285392566243        7.7838158772515511        4.0000000000000000                1
   9.1576741535305235        11.994417379577593       0.55621222226316080        4.0000000000000000                1
   9.4284955269741921        11.958195023194827        26.955474779051830        4.0000000000000000                1
   10.920969586323617        11.264402384552339        5.3624404848505884        4.0000000000000000                1
   6.3106531751549957        7.7727453923362813        22.252151248588607        4.0000000000000000                1
   6.2274028798283938        7.8566802316551181        11.081529401249357        4.0000000000000000                1
   11.778743391674386        7.9496319827249806        38.551227202571866        4.0000000000000000                1
   11.918314196682651        8.3676715786416569        23.939187553046423        4.0000000000000000                1
   11.468893993787706        7.3236697309102077       0.45496783219470793        4.0000000000000000                1
   11.062641390399824        6.8282185914763396        29.804389461932768        4.0000000000000000                1
   6.2847582321728748        10.270313093651598        21.758405427515193        4.0000000000000000                1
   9.1101774288196022        11.944507184681589        6.4619844362583638        4.0000000000000000                1
   8.3293720457718337        11.872236464020180        21.327866138980845        4.0000000000000000                1
   8.5656343589868502        6.0675449217782820        29.426661797423094        4.0000000000000000                1
   8.7344624348549331        11.973716845127367        19.013908960962656        4.0000000000000000                1
   11.433524671785381        10.669095598175856        27.535730551671040        4.0000000000000000                1
   11.951251425505774        9.0099647372175724        11.976786061648319        4.0000000000000000                1
   9.2190000133726375        6.0085582266535846        20.141098490162356        4.0000000000000000                1
   11.879861466436607        8.3077216224762367        29.528334558562822        4.0000000000000000                1
   6.3380997719051573        10.363120208821721        11.645140119856826        4.0000000000000000                1
   8.4204155419260935        11.119631849096825        12.892616973438384        4.0000000000000000                1
   8.8341892402832318        6.0119299782914162        17.806587698073294        4.0000000000000000                1
   7.9061227818123454        6.2317559167086802        17.502545128631862        4.0000000000000000                1
   10.561271472416772        6.5776514182792578        13.166353917880080        4.0000000000000000                1
   7.4976723401174326        11.586054146297743        6.0713378659699773        4.0000000000000000                1
   10.222498883759362        11.737726309021570        33.164267432150133        4.0000000000000000                1
   6.7704199142268537        7.0106395186108470        11.408990265745762        4.0000000000000000                1
   11.784477820572729        8.0728409459381840        27.167420689146134        4.0000000000000000                1
   6.0958492175283592        9.7420477524981024        9.7765919262000143        4.0000000000000000                1
   9.9844560980658539        6.2033213883531575        39.747033126744554        4.0000000000000000                1
   11.129970678921243        6.9171747576164195        36.938184992651706        4.0000000000000000                1
   10.935145278560036        11.285830930124250        20.801223023733240        4.0000000000000000                1
   9.3787036252642775        11.971256795702544        13.858529814845435        4.0000000000000000                1
   9.2577145497008821        6.0304129715639680        34.544479775437985        4.0000000000000000                1
   11.843185247106840        8.0979351207833030        9.6899479644958433        4.0000000000000000                1
   6.6830097001406168        10.904691665880440        22.559891863171551        4.0000000000000000                1
   11.951432287098287        9.5196852084820467        2.8585368037287235        4.0000000000000000                1
   6.7318436318669503        10.883358351177145        20.656747122455126        4.0000000000000000                1
   6.2046148820818381        8.0046539120138291        38.013131649046670        4.0000000000000000                1
   6.0387025807470778        8.7806390051952867        38.680043792541944        4.0000000000000000                1
   7.5200862005945091        6.4062221123149170       0.40583977574669206        4.0000000000000000                1
   11.916206627866304        8.4162239668756609        16.773092196663736        4.0000000000000000                1
   11.028140296832914        6.8365161781977895        35.755325975168972        4.0000000000000000                1
   9.5588254546093925        11.938415992962247        3.7115988340245032        4.0000000000000000                1
   10.964624015829813        9.2319200091056270        24.295421775910039        4.0000000000000000                1
   10.243401909749679        11.719004165255603        8.5505070537114616        4.0000000000000000                1
   11.653734025731197        10.287810947536627        12.048040986046411        4.0000000000000000                1
   11.926692331769058        9.6467598534238750        20.094738225148454        4.0000000000000000                1
   9.7504086174346725        6.1362671667570314        31.407058363380862        4.0000000000000000                1
   10.839664174644984        6.6496296312470173        3.4612383698341916E-002   4.0000000000000000                1
   10.014302561420143        6.2316389258463474        18.337932318347775        4.0000000000000000                1
   8.5686628262692217        6.8059132623070404        1.2267595300245693        4.0000000000000000                1
   7.2546847678418338        10.155594678173966        36.798507074253926        4.0000000000000000                1
   8.7780037497232204        11.971653222004221        8.8783906828994041        4.0000000000000000                1
   6.1389518076149621        8.1323350326556909        36.882895248362495        4.0000000000000000                1
   6.8693196753009369        11.070825743074094        5.4162149922429164        4.0000000000000000                1
   11.956472348255703        9.0675543735122268        6.0307061195178955        4.0000000000000000                1
   7.8270835533114820        6.2600407408605454        36.082949216237388        4.0000000000000000                1
   11.483269979514695        10.667260468530962        21.696910250467532        4.0000000000000000                1
   10.967827125287480        11.211015068652562        22.638055038696240        4.0000000000000000                1
   9.6719537638974753        11.908640539504669        36.582108097455617        4.0000000000000000                1
   10.688209232707761        11.477128282442832        13.560572209860522        4.0000000000000000                1
   7.5769968224235011        6.3652607148595264        6.2777407257593358        4.0000000000000000                1
   6.7857399289075637        9.3822852019004053        16.109219902608970        4.0000000000000000                1
   6.3326584266111547        7.7911872795461337        33.704087457982752        4.0000000000000000                1
   11.316148588729906        10.850189493788921        35.811789862457772        4.0000000000000000                1
   8.0944815585400018        6.2254111049268843        32.525486943846303        4.0000000000000000                1
   9.1853052989545336        11.992696338206569        28.073612069237019        4.0000000000000000                1
   6.0054821403335144        8.8927149908949321        19.043223023691464        4.0000000000000000                1
   8.6109599804553980        6.0257224470741759        25.065029876108746        4.0000000000000000                1
   7.8295868289024710        6.2507513788115929        22.977692480767328        4.0000000000000000                1
   11.529924595543376        7.4431923650160225        35.038361048546960        4.0000000000000000                1
   10.872253239658818        6.6752332276015398        28.674494164322404        4.0000000000000000                1
   9.4739240151352568        6.0442370796961908        1.6585473729674920        4.0000000000000000                1
   7.3643212764745272        6.4962905801616682        24.691510402679175        4.0000000000000000                1
   8.7611946092861359        6.0220852964962912        14.881996648217207        4.0000000000000000                1
   10.311111857489291        11.649155137398878        26.120250955342701        4.0000000000000000                1
   10.695584722974916        11.421962953334212        35.006543264886716        4.0000000000000000                1
   9.7310865446979378        11.036461936616012        13.784845062720732        4.0000000000000000                1
   8.6688405935335044        6.0287659872308073        30.558346751398044        4.0000000000000000                1
   9.1597515177141275        11.966465001541472       0.55740041110276295        4.0000000000000000                1
   10.360566975557786        6.3659145961845383        2.0446241684186148        4.0000000000000000                1
   11.456697984638099        7.2930397705052501        5.1557743848917612        4.0000000000000000                1
   7.5931337863577530        11.621609621853210        4.9580505238122150        4.0000000000000000                1
   11.296406604284908        10.781914114148142        1.3857639860207527        4.0000000000000000                1
   6.0233870271712222        8.7130819903584094        39.925121295423985        4.0000000000000000                1
   10.627402191167318        11.505692075336952        36.237183263909486        4.0000000000000000                1
   7.0117785746352608        11.224398021544165        4.1633521206166417        4.0000000000000000                1
   7.9850794438148380        11.813261296093390        2.5975816934954490        4.0000000000000000                1
   6.6677210665858375        10.814295225214513        23.787766470975427        4.0000000000000000                1
   6.8127834675628645        6.9473210406057690        25.554128818511305        4.0000000000000000                1
   6.0901237041078824        9.6232457378195839        12.835468282600997        4.0000000000000000                1
   11.649874245299191        7.7032278443895974        8.7579755777437995        4.0000000000000000                1
   11.967538332774083        9.2898893226647061        1.6942065959650032        4.0000000000000000                1
   7.2704560647256571        6.6031808599156854        32.052425921556164        4.0000000000000000                1
   9.9456427162814141        11.832828817450215        22.880752414839090        4.0000000000000000                1
   8.8869615098615480        11.939379564047034        7.6605187023371792        4.0000000000000000                1
   11.660465463674187        10.367030864421260        9.1911524537346239        4.0000000000000000                1
   6.0050862429812852        8.8871936658121147        3.5004408624641523        4.0000000000000000                1
   6.0976879192988962        9.6295517509006245        26.931739041545907        4.0000000000000000                1
   11.039467653613885        6.8197368215730476        18.519362743914336        4.0000000000000000                1
   6.4384023027546435        10.516441805142913        4.5915809538091805        4.0000000000000000                1
   11.989698758331004        9.2437701224667759        29.183888272043500        4.0000000000000000                1
   9.1027321399652283        6.0330631419668572        27.427156967543716        4.0000000000000000                1
   8.6279137472967946        11.964668552747691        9.9287691766031383        4.0000000000000000                1
   7.7611753120699571        11.632988159648152        10.825238442093795        4.0000000000000000                1
   8.3392332240476552        6.1908939629906827        34.122101148440393        4.0000000000000000                1
   10.434846151351481        11.567231236756861        37.400813746910551        4.0000000000000000                1
   7.1674636483216609        11.326815571457375        28.603944665300016        4.0000000000000000                1
   8.1963016321423492        11.828576692160407        35.536608830487673        4.0000000000000000                1
   11.716800245150980        10.156396964068373        8.0113944786958253        4.0000000000000000                1
   7.1790981794056838        11.342508785849196        2.9888829167957667        4.0000000000000000                1
   8.5818284071759923        11.959888333630495        15.889735453603139        4.0000000000000000                1
   11.270314170159279        7.0745879786408858        25.607029175066661        4.0000000000000000                1
   6.1746846234950921        9.9317619898538787        36.039911513035214        4.0000000000000000                1
   10.561193682157484        11.556690443174617        21.741371583798884        4.0000000000000000                1
   6.0997306343784778        9.7256263912319980        24.143521832839490        4.0000000000000000                1
   7.6926444951778032        11.663729356931254        39.003768067986570        4.0000000000000000                1
   8.9766094845143165        6.0062626060142037       0.69772415530733778        4.0000000000000000                1
   11.922381407974720        8.7346449984416736        10.766845981564064        4.0000000000000000                1
   7.3314896907243625        6.5086018761039233        26.636402502016988        4.0000000000000000                1
   9.9116399034541676        6.1671543112018004        26.647662093555297        4.0000000000000000                1
   10.284339049061993        11.705757178453849        10.486060534892960        4.0000000000000000                1
   11.945086518207122        9.1803197375695085        7.6067062674069952        4.0000000000000000                1
   6.2445403965610318        7.8188812102365262        4.9902811832686211        4.0000000000000000                1
   9.9216388900261983        11.848764649767272        28.813505010667651        4.0000000000000000                1
