     1000000
           1
  0.10000000149011612     
   7.8463599797671320        9.1286560161030383        3.6088476987704965        3.5000000000000000                1
   8.8246750740791491        8.4265485872669359        11.565608459668237        3.5000000000000000                1
   8.1234149218423415        5.4993220502714637        9.1615284855760333        3.5000000000000000                1
   8.4254485827803354        5.6730433955006259       0.48845305172902181        3.5000000000000000                1
   6.1256366444027437        5.6452383644566861        15.681460428111791        3.5000000000000000                1
   7.0802125469371102        5.2784221402254650        26.105214729291390        3.5000000000000000                1
   5.3547262282865322        6.6125643220485664        6.6697309385746752        3.5000000000000000                1
   5.2748488126300135        7.1176166700443364        37.439581895312884        3.5000000000000000                1
   8.7373141381833221        5.9470839594357940        2.2547429178434397        3.5000000000000000                1
   7.5299815411000939        9.2235699435448844        5.3060635612488323        3.5000000000000000                1
   6.6213580776164447        5.3612003699842337        14.029420079997488        3.5000000000000000                1
   5.7392529843508289        8.5046995908123328       0.87662807196608361        3.5000000000000000                1
   5.3084117212305797        7.4587161972974032        28.225435966617606        3.5000000000000000                1
   5.3276820347829785        6.7069041214541745        32.786056604535226        3.5000000000000000                1
   8.2148954298553551        8.9741151422536429        22.368760573591974        3.5000000000000000                1
   7.8020783657249115        5.3589753520905816        34.177125714283449        3.5000000000000000                1
   5.3283092607337190        6.7276145838533639        36.339784564934618        3.5000000000000000                1
   6.6900826327228868        5.3396962171413103        2.2280948419438955        3.5000000000000000                1
   8.1338502806812105        5.5392591391063224        19.912341395386758        3.5000000000000000                1
   5.9017896140024959        5.8219714002678264        4.4420632288680659        3.5000000000000000                1
   5.9264747463732803        8.7435739131271326        22.544945347071074        3.5000000000000000                1
   9.2279928128554261        7.1123847692472530        30.233057591061264        3.5000000000000000                1
   7.3206184421709457        5.2879340223706848        8.5469357550475564        3.5000000000000000                1
   6.9537328253885944        9.2132785059983693        27.102692236704890        3.5000000000000000                1
   9.0737534474194241        8.0396338718956777        30.971991165620775        3.5000000000000000                1
   5.6640916428809902        8.4222482400038441        17.181618471833890        3.5000000000000000                1
   9.2282445562694715        7.5337631689792000        12.898940042749869        3.5000000000000000                1
   8.7089215953418808        5.9422665591410313        33.886402380163027        3.5000000000000000                1
   5.9337159349636872        5.7684738205951493        22.017412241405388        3.5000000000000000                1
   6.1006078665929762        5.6174672223460247        6.1646622654186221        3.5000000000000000                1
   6.4491667857349588        5.4256378376398882        7.9640869444642393        3.5000000000000000                1
   9.0593916900917382        8.0124601854494202        30.938731906024639        3.5000000000000000                1
   9.1820994365092119        7.3726869591610757        22.838416001284227        3.5000000000000000                1
   6.2040828783343107        5.5554125155562657        29.020413554553347        3.5000000000000000                1
   5.2871027630391483        6.9823722646984212        2.0993805584970140        3.5000000000000000                1
   5.3025797282677178        6.8191469407231580        24.561813578898548        3.5000000000000000                1
   5.9906644765346400        5.7550206424188053        27.433669428423343        3.5000000000000000                1
   6.0189961362666100        8.8111330745443421        39.105378833278394        3.5000000000000000                1
   8.9970461831967690        8.1731426817557526        9.8194707736913589        3.5000000000000000                1
   5.5894541723023892        8.3105127668804997        14.496685818193141        3.5000000000000000                1
   8.2426382475917102        8.9739816263481575        16.024382042307657        3.5000000000000000                1
   5.2804826608144770        7.2445109025551782        3.1740128555581215        3.5000000000000000                1
   6.4254858271569955        5.4400526241933838       0.37525584770126752        3.5000000000000000                1
   5.2576887324454145        7.0792437963813137        22.107742782116588        3.5000000000000000                1
   8.0877694657694619        9.0443345694527864        33.448894314381967        3.5000000000000000                1
   8.5923740372948512        8.7239600290473707        31.763273477116083        3.5000000000000000                1
   5.4634880670756907        7.9093408891353834        36.710516484037619        3.5000000000000000                1
   6.4205280927074186        5.4313522684135433        31.737761710069599        3.5000000000000000                1
   6.7764940733546446        9.1886632629612794        8.7976312007223108        3.5000000000000000                1
   8.0898158576114465        5.4710051769680135        38.809914667799156        3.5000000000000000                1
   5.4127037869663450        6.9302253469877986        15.700267501499042        3.5000000000000000                1
   9.0211252946689982        8.1707392019466436        26.859491286812318        3.5000000000000000                1
   5.4495458898821223        6.4116555631478329        12.821064947948306        3.5000000000000000                1
   9.2423796866448882        7.1000436106043825        24.502311606818175        3.5000000000000000                1
   8.9578716275776014        6.2186765709158376        12.756294060576122        3.5000000000000000                1
   5.3050828019208947        7.6713340837678432        20.116058150751034        3.5000000000000000                1
   5.4900225303552723        8.1955740869922415        2.5687714231598364        3.5000000000000000                1
   7.2065332686285428        5.2657099085866657        28.700096614235846        3.5000000000000000                1
   7.9542926337434059        9.1118154941905711        17.012826914466402        3.5000000000000000                1
   8.7353248189569079        8.5596654919238020        8.6181968644560953        3.5000000000000000                1
   6.0129312902524381        5.6886169656802430        38.706636231761479        3.5000000000000000                1
   5.7977317766488232        8.5826687041722884        11.253463544612718        3.5000000000000000                1
   9.0023756453984998        8.1317672437095894        36.706759700241797        3.5000000000000000                1
   5.3423091900437383        7.8304161400567951        11.774083897109419        3.5000000000000000                1
   6.6739016887977192        9.1442509074875797        25.977627302321160        3.5000000000000000                1
   7.1502769286954591        9.1728840369286591        39.579792843115335        3.5000000000000000                1
   5.3769345860632480        7.9069597163195402        15.413615886720923        3.5000000000000000                1
   8.5681693065935551        5.7491932600405065        14.507401218776156        3.5000000000000000                1
   5.8689504478267160        5.8671230140227326        32.516396103966962        3.5000000000000000                1
   5.5067957345266549        6.3628224397436641        38.069473279426617        3.5000000000000000                1
   9.2219642405526869        7.5192016881893906        16.463495773222114        3.5000000000000000                1
   9.2386659387787073        7.1787731312396508        27.477927693247999        3.5000000000000000                1
   6.7431052933392399        5.3587091902934834        9.6951994997849837        3.5000000000000000                1
   9.1757815312053186        6.7889445505700285        1.3134151147170314E-002   3.5000000000000000                1
   5.3175039843212453        6.7984671976278372        39.194702826215625        3.5000000000000000                1
   6.4337612597544922        9.0738076433725627        3.0812991197462956        3.5000000000000000                1
   8.0924807922322817        9.0305480797087156        9.3269342389959267        3.5000000000000000                1
   5.4493536731233041        6.3797606460496041        35.314236224290774        3.5000000000000000                1
   8.0153708431515529        9.0496174521393229        13.266595065442452        3.5000000000000000                1
   7.2322725785965565        5.2623041824359946        1.0326284732192550        3.5000000000000000                1
   5.2579419773627984        7.3202860978884869        21.066668861383445        3.5000000000000000                1
   6.0303938971795983        5.6670168021171436        9.0311799984090211        3.5000000000000000                1
   8.1008583467477937        9.0413037190702408        39.001109338614803        3.5000000000000000                1
   8.2385806136441957        5.5209096042438963        6.2990392768799515        3.5000000000000000                1
   5.5756775804065759        6.1595491281145449        2.7256590599777750        3.5000000000000000                1
   5.9711307292402784        8.7615521826168514        9.3719831293209523        3.5000000000000000                1
   7.8322784213025063        9.1527469877452443       0.81834140352036422        3.5000000000000000                1
   8.4766456559491665        8.8079591095619705        30.722089565724872        3.5000000000000000                1
   8.9969235031385164        8.2137891681052970        15.706613580494620        3.5000000000000000                1
   9.2149111466291256        6.9176484976452821        28.469577845243961        3.5000000000000000                1
   7.1071810528576025        5.2975981226604052        3.9355865234795195        3.5000000000000000                1
   6.8862279580241692        5.3168124113467918        22.340871152459052        3.5000000000000000                1
   5.9638831373860910        8.7593100774255284        25.253758045228182        3.5000000000000000                1
   5.2923157044423874        7.3290769700394351        10.670781093983438        3.5000000000000000                1
   6.7527017286524078        9.1607910990174126        29.767829166013993        3.5000000000000000                1
   6.3890547170751999        9.0455394283165003        35.361735074192858        3.5000000000000000                1
   6.8203892676574673        9.2023464509525237        1.3459162752029223        3.5000000000000000                1
   9.2226846335430963        7.5485958310792656        16.433465767691796        3.5000000000000000                1
   6.0207214093223724        8.8222326501879760        30.533399281968627        3.5000000000000000                1
   6.6611934641127331        9.1498850912094447        25.998113330010479        3.5000000000000000                1
   6.5979495942365931        5.3978606303997916        5.0916806770605705        3.5000000000000000                1
   6.0812829591529383        8.8696141958366574        15.270943677647892        3.5000000000000000                1
   7.9788813992040115        9.1077046479751438        24.556146363185096        3.5000000000000000                1
   8.5609145632919628        5.7852257843524635        34.885779573731703        3.5000000000000000                1
   8.7711133772585708        6.0020473530139329        39.477709959246461        3.5000000000000000                1
   5.4173980118447460        6.4517657356799054        3.8158738274609139        3.5000000000000000                1
   7.2722506545674737        9.2230815151620842        16.251789558875082        3.5000000000000000                1
   5.6413438497858230        8.4203668849540581        28.543445929966797        3.5000000000000000                1
   7.2378107806174290        9.2119792292582776        36.890423512838872        3.5000000000000000                1
   8.4453173158985457        8.8339622383235241        34.435282394044272        3.5000000000000000                1
   6.9653361258889959        5.2786685189702043        29.683448968641915        3.5000000000000000                1
   8.7424521686271017        8.5380541474595475        5.8813820856244670        3.5000000000000000                1
   8.6177962382094027        5.8044701214019012        5.2286340135161549        3.5000000000000000                1
   8.4636752119914131        5.7008632931389869       0.57168869959802482        3.5000000000000000                1
   8.6152756536566830        5.7960246213716715        18.252170788786387        3.5000000000000000                1
   6.4402052296377752        5.4363836101451231        23.969064886397355        3.5000000000000000                1
   5.9807593892280293        5.7464205650556934        30.048521068365584        3.5000000000000000                1
   6.1111890976003789        8.8624935022311799        21.528184132623949        3.5000000000000000                1
   9.0818403922949091        6.5209149252517715        5.7662077668066543        3.5000000000000000                1
   6.7930401804343807        9.1787123941758182        8.7961020257408453        3.5000000000000000                1
   8.5862680745837210        8.6166332940929529        25.213983048648977        3.5000000000000000                1
   5.8262557447955965        8.6446886820987867        11.272919945830122        3.5000000000000000                1
   6.9741149260274646        9.2261788314993272        24.909761087232614        3.5000000000000000                1
   8.2026517678818216        5.5064498230002181        12.158760516759452        3.5000000000000000                1
   8.7693070854976263        8.5399269389363042        8.6111310191397177        3.5000000000000000                1
   5.2976489884325790        6.9309912017902393        2.1265703120902537        3.5000000000000000                1
   8.6071275702472381        8.6724170041798594        2.9949664586203997        3.5000000000000000                1
   6.6091511334037110        9.1247977951368924        5.8606997765679161        3.5000000000000000                1
   8.1064939382337045        5.4792915925046364        1.5726174821638872        3.5000000000000000                1
   9.2106656037854275        7.3898708932859405        6.3712383314164756        3.5000000000000000                1
   6.5826267532148988        5.3946978599932791        5.0888099076257518        3.5000000000000000                1
   7.4659782580559932        5.2682846930805107        5.7005091020384775        3.5000000000000000                1
   6.3792266039617100        9.0105771430722363       0.28463391184959036        3.5000000000000000                1
   5.3103540483309750        7.4287293033893746        6.0756487562345800        3.5000000000000000                1
   9.0087053057532760        8.1558496724958509        22.087501884129626        3.5000000000000000                1
   7.2116225943709562        5.2610402665161216        32.435160363827194        3.5000000000000000                1
   8.8858826920949916        8.3263615580009507        4.1463622132182003        3.5000000000000000                1
   9.1947535716171469        6.8637072685643030        37.255209939756362        3.5000000000000000                1
   9.2128542946713949        7.6167345809053559        20.129421469531209        3.5000000000000000                1
   5.3355827191881948        6.7536876780446793        36.339286812772400        3.5000000000000000                1
   7.1515596882400780        5.2630123157326008        3.9599986896965809        3.5000000000000000                1
   5.9669252272370317        8.6970219727292015        33.238653971784579        3.5000000000000000                1
   5.5098076973863561        7.9446755120565493        30.224912479444566        3.5000000000000000                1
   6.7459488970588435        5.3168614512294496        9.7372084331274706        3.5000000000000000                1
   8.9087783643324645        6.1514453391941606        4.0669952789871839        3.5000000000000000                1
   5.6981218723171736        6.0225332388511648        36.987221112672486        3.5000000000000000                1
   7.1418969918509472        9.1781746787998060        39.610428055832891        3.5000000000000000                1
   6.8194845135345847        5.2984422558860977        18.652266372976683        3.5000000000000000                1
   9.1860165445383259        7.1000575376497794        1.7642957441919385        3.5000000000000000                1
   7.6139316888087709        5.3238470562706386        14.262213417871530        3.5000000000000000                1
   5.5244766043389095        8.2488952551685806        27.558460749078311        3.5000000000000000                1
   6.0918899934674728        8.8743379474466284        13.734686447672596        3.5000000000000000                1
   5.5667471519180882        6.2713051453890749        19.979518396416260        3.5000000000000000                1
   8.7058069689041986        8.5419154425623187        24.120440464762176        3.5000000000000000                1
   8.7686923520459601        5.9677326656972216        9.7742798863578226        3.5000000000000000                1
   8.2148126347444776        8.9829390884829348        1.8268099496639321        3.5000000000000000                1
   6.4358368096647167        9.0709573384078404        10.596313204769212        3.5000000000000000                1
   8.6394387871888831        5.8207929595304861        37.594235527972131        3.5000000000000000                1
   6.3828983035792577        9.0196324185899570        20.556701294973980        3.5000000000000000                1
   9.1911282850203175        7.7241682249957035        10.926073110543316        3.5000000000000000                1
   6.6813941560808967        5.3437155611477829        34.601808644144704        3.5000000000000000                1
   9.2380078352013406        7.0660501792328922        34.835119395192386        3.5000000000000000                1
   5.2542350128703195        7.3074003769425255        13.879133976493195        3.5000000000000000                1
   6.1652280334211724        5.5986832251317908        23.004859357872100        3.5000000000000000                1
   5.5805986298301127        8.2833935778005188        13.005674256871238        3.5000000000000000                1
   6.7617398497692802        9.1771368656081123        38.533178629720830        3.5000000000000000                1
   7.0523218210597349        9.2340369173063923        7.0365296411820726        3.5000000000000000                1
   5.4844731731476761        8.1216425760545334        21.818073717736411        3.5000000000000000                1
   5.4300549701823044        8.0560664877633954        7.1967478356454437        3.5000000000000000                1
   8.7784732194740194        8.5216235998919441        38.336325105607528        3.5000000000000000                1
   5.9412369683868276        8.7484068665811723        36.211678949718753        3.5000000000000000                1
   8.8193704907200452        8.4442029328900308        11.558525968971473        3.5000000000000000                1
   6.7632287694230557        9.1555488473568971        29.780939455944580        3.5000000000000000                1
   6.2709785086860341        8.9761631541431850        24.209948339251628        3.5000000000000000                1
   7.7998970800018839        9.1660883279807663        14.302334610300516        3.5000000000000000                1
   5.5940263098271421        8.3401645850880080        5.4791197287775848        3.5000000000000000                1
   7.2169467364727860        9.2268545488618994        30.674092858657577        3.5000000000000000                1
   5.4558391593184048        6.4253549059411812       0.98812500361016287        3.5000000000000000                1
   8.4267287998709435        8.8660278031880910        7.6738577088627240        3.5000000000000000                1
   9.1296296945603004        6.6212991623836350        2.9094501323909094        3.5000000000000000                1
   7.6292970603018695        9.2068680332670230        35.095751933801850        3.5000000000000000                1
   5.4170933335654414        6.4613122858559713        29.270709941446057        3.5000000000000000                1
   7.5523114053479024        5.2991260272298142        39.963285930103631        3.5000000000000000                1
   8.4906363775293094        5.6991528833840501        34.882508981169885        3.5000000000000000                1
   9.2243913752100113        7.5217435513453177        12.893320000546359        3.5000000000000000                1
   8.2829180239144193        5.5503737700874716        13.526133267987184        3.5000000000000000                1
   5.6837815642584220        8.4878809591033413        32.256090840290703        3.5000000000000000                1
   5.4126557240060125        8.0372125458703589        7.1622779952917917        3.5000000000000000                1
   9.0925737806783467        8.0219236088959285        14.728306944484181        3.5000000000000000                1
   9.2381788490908257        7.1898390194450084        36.218178332266845        3.5000000000000000                1
   8.0482264056017314        5.4557950058716491        29.540186116558850        3.5000000000000000                1
   8.1256205768649874        9.0445587365986047        19.664259715613522        3.5000000000000000                1
   9.1771586956196334        7.1556833824298307        21.860220300491420        3.5000000000000000                1
   5.9085659337077194        5.8021945271296920        4.4620049792086984        3.5000000000000000                1
   9.0029938344510914        6.3367577144721006        22.526341905376505        3.5000000000000000                1
   8.1025668993655824        9.0119083048902180        39.005116167727635        3.5000000000000000                1
   5.3138611077947768        7.5521159569093870        35.608709609772177        3.5000000000000000                1
   6.6283977509678556        9.1336635883345654        23.271539077480863        3.5000000000000000                1
   7.2919064168002103        5.2855884317583044        38.162694919388009        3.5000000000000000                1
   8.8502098620617460        8.4454124075555317        13.061618414534131        3.5000000000000000                1
   5.3396313426109705        7.6506270846665521        29.225641185745733        3.5000000000000000                1
   5.2672893827562657        7.3117803270119586        21.073864372090505        3.5000000000000000                1
   5.3288592720746939        7.7849725169040855        19.117648118402180        3.5000000000000000                1
   5.8799757156391603        8.6859582840938252        6.5429805848962692        3.5000000000000000                1
   9.1447963566939681        7.8829077298193626        5.1831242191078086        3.5000000000000000                1
   9.2376917254557380        7.2911069175310246        9.2978863732957429        3.5000000000000000                1
   8.7924698001520287        8.4949831018136202        16.709157905731349        3.5000000000000000                1
   9.1313884017040312        6.8534388992042734        7.5339140028580811        3.5000000000000000                1
   8.2091195680816238        5.5005973199312228        28.480007518917891        3.5000000000000000                1
   5.9278682077195111        8.6672829758558922        6.5294110694760636        3.5000000000000000                1
   9.0859598935610908        6.4573739058594493        38.309603026969249        3.5000000000000000                1
   8.1635315870940097        9.0197661506683566        12.225466620245250        3.5000000000000000                1
   6.9841201809695201        5.3284504952296059        33.441174951265900        3.5000000000000000                1
   7.8138708299617097        5.3368944323027225        15.265216816475029        3.5000000000000000                1
   6.7124164210568225        5.3251156631777983        39.345912441967883        3.5000000000000000                1
   5.2633658429592520        7.2503177372220327        7.8409446462373102        3.5000000000000000                1
   7.1839650397297250        5.3019985879924585        23.304515589389613        3.5000000000000000                1
   6.1981919755529304        5.5694491369844963        3.2409779885271841        3.5000000000000000                1
   5.4060122305217897        6.5404286170731361        26.577087549261364        3.5000000000000000                1
   9.1423179198194706        7.8678895820329915        17.449953971249982        3.5000000000000000                1
   8.8547567565287402        6.0819029978277692        27.847057775459831        3.5000000000000000                1
   6.2978243015276991        5.4914334432130731        25.498759038755097        3.5000000000000000                1
   9.2419130145697892        7.3796959790643681        11.896500635785985        3.5000000000000000                1
   8.1645335224869786        5.4968208336265549        27.280710094308471        3.5000000000000000                1
   6.3033408645573283        9.0052060929217621        7.6692093943040414        3.5000000000000000                1
   8.2745571107765468        5.5326507338049824        25.909314496632330        3.5000000000000000                1
   5.6674890568664393        8.4068799881796554        35.046986004319372        3.5000000000000000                1
   8.9954471328525099        8.0608066802467064        18.423801997901307        3.5000000000000000                1
   6.3561200470940378        5.4996562297534775        10.960027884619580        3.5000000000000000                1
   9.2312391155540041        7.4508179241986028        3.5419947200019166        3.5000000000000000                1
   5.4714825126452773        8.1515912437252229        10.094536447904567        3.5000000000000000                1
   5.6695331057704452        6.0600094608036388        17.401886943239859        3.5000000000000000                1
   6.8253942737183495        9.1946423221644817        33.393531673812340        3.5000000000000000                1
   8.4126175184865577        8.8265447446970278        15.028215059921200        3.5000000000000000                1
   5.8387984042291210        5.9021336211266560        24.679852822522250        3.5000000000000000                1
   8.9607646799021339        8.2459653388326259        33.769049696842991        3.5000000000000000                1
   6.3850486577472552        9.0333107054398400        37.418345797105971        3.5000000000000000                1
   5.3023024255596463        7.7012512964538731        16.453244974968396        3.5000000000000000                1
   5.9597689143837087        8.7565747785853230        18.785758884853106        3.5000000000000000                1
   8.1767994441897240        8.9938868049752045        29.744078958845364        3.5000000000000000                1
   5.5916383394205944        6.1366273674754792        16.394178073941330        3.5000000000000000                1
   9.2098452433726372        7.6196486703253772       0.69757462716451502        3.5000000000000000                1
   5.2870175292811821        7.0300118369699822        4.9545120018935949        3.5000000000000000                1
   7.2644215698082215        9.2376087096513952        15.242694704884372        3.5000000000000000                1
   7.2178919073216496        5.2648555756706834        28.696190620452001        3.5000000000000000                1
   8.2384075383892341        5.5115291780535181        35.856106414932619        3.5000000000000000                1
   5.5835546121599737        6.1558438420552939        23.742072930921903        3.5000000000000000                1
   5.7386104941645169        8.5482010137751310        38.069064966173087        3.5000000000000000                1
   5.4792645197952545        6.3451266083141133        22.763081352145100        3.5000000000000000                1
   5.9030283710796239        5.8335582773473655        18.368049521353782        3.5000000000000000                1
   6.0283064258781049        8.7878089908305501        26.721477560482715        3.5000000000000000                1
   9.1514259875934201        6.6718978339134676        26.044584261448474        3.5000000000000000                1
   7.2085252420545176        9.2450447349406542        11.696605070460462        3.5000000000000000                1
   7.6599951836430185        5.3022510647918892        17.907134485698286        3.5000000000000000                1
   7.1631576740659808        9.2352222263813548        12.696675007701531        3.5000000000000000                1
   7.3189287033230963        9.2227044804459215        18.925866528368964        3.5000000000000000                1
   5.3243211538128303        7.7197677218894274        32.919786742991725        3.5000000000000000                1
   6.5687790614220134        5.4078332804869529        14.012290338559298        3.5000000000000000                1
   9.0463807637048497        6.3791478041368217        35.556911366309905        3.5000000000000000                1
   7.2446964525806052        9.2265828140101522        2.4199003712809355        3.5000000000000000                1
   6.3144665667489841        8.9771411345745662        17.869518811798219        3.5000000000000000                1
   7.8607493950108962        5.3602863512358798        7.3929429903539203        3.5000000000000000                1
   7.6959207912096783        9.1831653232248218        23.542236617244065        3.5000000000000000                1
   9.2415960952228495        7.2766607206914600        15.430360499034482        3.5000000000000000                1
   5.8616086541278349        8.6060404064873701        29.534106452496168        3.5000000000000000                1
   8.8330758217239858        6.1152222647203240        27.862886435068429        3.5000000000000000                1
   6.4114576688614493        5.4389266561931393        12.665485697789482        3.5000000000000000                1
   9.2069717215844307        7.3180648825386809        19.158844628787016        3.5000000000000000                1
   6.9470469977659999        5.2825464114185312        6.8532902378818656        3.5000000000000000                1
   5.6193684380785198        8.3994299213527022        5.4713126794878244        3.5000000000000000                1
   6.4318092448854030        9.0728919111770221        10.600170877467386        3.5000000000000000                1
   5.3685716620379269        7.7692537987146784        1.4745483833172113        3.5000000000000000                1
   7.1880648865974210        5.3148733393430954        23.311392260960332        3.5000000000000000                1
   7.8778281650975783        5.3601119482897372        18.949702564862061        3.5000000000000000                1
   5.2911819683426744        7.4039149091238734        31.924667101716704        3.5000000000000000                1
   8.9591148667960159        6.3291326827787975        31.924554739533519        3.5000000000000000                1
   7.4105822218073909        5.2775905980308098        35.315489920478960        3.5000000000000000                1
   7.6162053895288491        9.2092851481987861        17.949930716571302        3.5000000000000000                1
   6.6777248467793431        5.3801930317139428        21.317894561093134        3.5000000000000000                1
   8.4358246239001300        8.8568422020826763        18.660275951579663        3.5000000000000000                1
   8.1886521673263815        5.4929213501139484        23.440572380070162        3.5000000000000000                1
   6.0285038919131626        8.8290492795092739        1.9575025123372654        3.5000000000000000                1
   8.8564813428908096        6.0685333782486763        6.9635399461634604        3.5000000000000000                1
   8.3546082632323806        5.5854516259953115        3.4296923291940216        3.5000000000000000                1
   8.8658839841149515        8.3806026586228803        1.2970879377415228        3.5000000000000000                1
   5.5946357346097439        6.1315701952516939        21.112235703646640        3.5000000000000000                1
   5.4995224107228724        6.3790137168256456        25.550185281585730        3.5000000000000000                1
   6.4234780596256300        5.4737945991703851        20.312691034368861        3.5000000000000000                1
   6.8969729691068693        9.2045257685611936        27.108175403897913        3.5000000000000000                1
   6.4140288716284362        9.0571966098782966        28.827380184564671        3.5000000000000000                1
   7.6423631676739605        5.3004617591419345        10.318805594444498        3.5000000000000000                1
   5.4749662745558707        8.1175552577811043        18.133204318024056        3.5000000000000000                1
   5.7868809665733805        5.8923920856233982        24.716448572814564        3.5000000000000000                1
   8.4085909241986929        8.8512441407762434        18.669851027061206        3.5000000000000000                1
   7.3006879935089817        9.2367375924974802        21.995935836400271        3.5000000000000000                1
   8.7788764717449581        8.5360594521945430        23.069835731862835        3.5000000000000000                1
   7.0460722530784183        9.2352400863246888        9.8090049323129307        3.5000000000000000                1
   5.7333384477873537        5.9588440646291234        10.111328481997413        3.5000000000000000                1
   6.3222372484435265        5.4807305538021751        37.646525957940703        3.5000000000000000                1
   5.8856884910411118        8.6426431949067357        16.226770039135474        3.5000000000000000                1
   7.1171886357921021        5.2882675773937624        24.826925225076256        3.5000000000000000                1
   5.8608969006582594        5.8892302497250997        14.747083262666454        3.5000000000000000                1
   8.6453834229779716        5.8400996520370558        33.888361161687136        3.5000000000000000                1
   8.9989993183781749        8.1975013546621707        7.0073446864063342        3.5000000000000000                1
   8.7027436769215800        8.6034577930407981        35.419724120458831        3.5000000000000000                1
   6.1695826594562693        8.8886937040260285        34.286312937958293        3.5000000000000000                1
   7.0178123696709926        5.2906998142401553        27.252272621892917        3.5000000000000000                1
   8.7052915192959262        5.9045909993027426        30.371459579086540        3.5000000000000000                1
   9.1285953720565178        6.9575401470738258        33.735614008367314        3.5000000000000000                1
   6.2915125503242786        8.9822712117787322        31.618321761292563        3.5000000000000000                1
   5.8361913694612859        5.8736105291411072        31.032672999418285        3.5000000000000000                1
   8.9887850480409810        8.2288592115138695        15.705806207351600        3.5000000000000000                1
   8.7450164729098923        8.5516630249021315        32.746487362019643        3.5000000000000000                1
   6.8440010968558207        5.3006397930889904        15.007337643408009        3.5000000000000000                1
   8.7924611965210513        6.0462938667748594        36.539705277590386        3.5000000000000000                1
   5.4411965357444485        6.4113901848585186        31.783280184319409        3.5000000000000000                1
   9.0071372174209845        6.3184716852844804        1.1527203762666376        3.5000000000000000                1
   5.7744660643144199        8.5986824511165132        3.7159896378484571        3.5000000000000000                1
   5.2549380768803600        7.2613705843626777        30.916419132336262        3.5000000000000000                1
   7.8720578836512676        5.3705542462901992        36.876797332536000        3.5000000000000000                1
   9.1395659989139162        7.7953163270791634        31.980990751445361        3.5000000000000000                1
   5.7983797151789309        8.5795736128688063        19.840153121699707        3.5000000000000000                1
   5.3160558677235361        7.5991049672891631        16.483008716119119        3.5000000000000000                1
   5.8230848586894304        5.8536491138909126        11.932299168768981        3.5000000000000000                1
   8.7127633918276217        8.6054972150866558        20.419116374962332        3.5000000000000000                1
   7.1608641727320572        5.2547004740545127        19.657352350199886        3.5000000000000000                1
   5.5004634733073399        8.2097858086423425        31.240321508255818        3.5000000000000000                1
   6.3938328225549528        5.4454670264980916        16.674663690168938        3.5000000000000000                1
   9.1113584724894121        7.9354984384173379        21.073206635889530        3.5000000000000000                1
   6.2072739268769554        8.9486559440723781        27.826033537581765        3.5000000000000000                1
   5.7893251138203388        5.9153435829747050        39.767291634714859        3.5000000000000000                1
   9.1101807017564163        6.5742896642583766        23.543473331827737        3.5000000000000000                1
   8.2983631568996721        8.9217307203258169        4.7322621543259569        3.5000000000000000                1
   8.4579758990879998        8.8282864058955273        10.436637381461974        3.5000000000000000                1
   7.7211012297247024        9.1790369677033183        25.577225030997038        3.5000000000000000                1
   5.5399794189876150        6.2392022155043581        5.5760696547785571        3.5000000000000000                1
   8.3447472253019761        5.6017443462913148        17.233428839620260        3.5000000000000000                1
   7.1026599487455888        9.2283400018051100        39.602550519353798        3.5000000000000000                1
   6.2618734998122356        8.9031906414370781        4.8655620164769164        3.5000000000000000                1
   6.5418819291659416        5.4160510635505545        17.692378527029767        3.5000000000000000                1
   8.8978182204535745        6.1383488964491706        21.506312617632524        3.5000000000000000                1
   8.6421805189632384        8.6709268360682152        14.039576389373565        3.5000000000000000                1
   8.5930667006467214        5.7760437775076143        37.596705805777518        3.5000000000000000                1
   5.3102698575763752        7.6295197738667611        8.9266998191585873        3.5000000000000000                1
   8.9343001311094365        8.2881042949330332        19.422007728807159        3.5000000000000000                1
   5.2570949896426811        7.3850492256080988        12.681506080515717        3.5000000000000000                1
   9.2249144311528966        7.0239925941668098        4.6276242257603268        3.5000000000000000                1
   5.2639021846081580        7.2671470194027448        17.463906342249235        3.5000000000000000                1
   9.1539475855971624        6.8497438189267896        20.820113560010544        3.5000000000000000                1
   8.4810187871485407        5.6763810060146840        10.871800548904163        3.5000000000000000                1
   9.0779335642735539        6.5565071380664763        19.861304585429878        3.5000000000000000                1
   9.2267780126662622        7.0785638605971384        32.718405866240886        3.5000000000000000                1
   5.3639111364258332        7.8350992635943655        11.775864425249075        3.5000000000000000                1
   8.5190368939486856        8.7676307237729230       0.18433939343884245        3.5000000000000000                1
   5.9715071329089868        5.7143290683721775        1.5931234399649901        3.5000000000000000                1
   5.9836342960416751        5.7882887051437759        27.435307046230584        3.5000000000000000                1
   5.5808025940279675        6.1483711786022548        28.290236500913306        3.5000000000000000                1
   6.7370417024728182        9.1743403403119341        38.480703292133335        3.5000000000000000                1
   8.6183165429739343        8.7041719671001374        17.688916924624923        3.5000000000000000                1
   8.5152059161475879        8.7395050038951911        21.413137718958303        3.5000000000000000                1
   5.3378941187419136        6.7224730447903616        39.133470091482117        3.5000000000000000                1
   5.4695086303847802        8.0697318014489490        18.153746668322146        3.5000000000000000                1
   5.3003806165023244        7.6649499328443316        8.9785577210656982        3.5000000000000000                1
   6.1829325991723385        8.8993565199539741        34.322605150739626        3.5000000000000000                1
   9.2370871053835426        7.0284990280049273        31.257755834560530        3.5000000000000000                1
   9.1875490243646603        7.7221055130983984        8.1050210604010164        3.5000000000000000                1
   6.0122694403431982        8.7838928682443189        12.247557355034322        3.5000000000000000                1
   9.0035075292980604        7.9901435573725568        2.3788694651219320        3.5000000000000000                1
   9.1251797335993086        6.6236602675316529        23.588484985055686        3.5000000000000000                1
   9.1454294588006277        7.8080800073896199        17.432608215177336        3.5000000000000000                1
   8.8335613854896646        6.0778860352347985        32.895121041734470        3.5000000000000000                1
   7.6550061302489709        9.1824966659586273        37.831825229813845        3.5000000000000000                1
   5.8926529994103332        8.7090352151528698        33.259794221427015        3.5000000000000000                1
   7.3357413148178674        5.2546277209077443        13.240305044801371        3.5000000000000000                1
   7.5753560397291224        5.3061601486424781        2.8184868443453395        3.5000000000000000                1
   6.8149515438207384        5.3228403112965150        30.818341491867294        3.5000000000000000                1
   8.9936740985286416        8.2249731640874337        29.867818365848237        3.5000000000000000                1
   9.2042314308603590        7.3560438696401826        9.2675943917793262        3.5000000000000000                1
   7.1448557498041145        5.3333423263063251        24.868329105827243        3.5000000000000000                1
   5.4087674304957138        8.0090607613822513        33.982768525915347        3.5000000000000000                1
   8.7990296698659840        8.4558739197481891        16.716507996731625        3.5000000000000000                1
   6.0575398980171018        5.6594186380291660        19.346118784846279        3.5000000000000000                1
   5.5707588899130567        8.3322270118063457        20.822518705868763        3.5000000000000000                1
   7.0370887488646998        5.2652373616758297        24.845106452454367        3.5000000000000000                1
   8.8743916796449511        6.0986190175535198        26.819622238527817        3.5000000000000000                1
   5.6623583155173867        8.4216036332246826        8.3176694816646553        3.5000000000000000                1
   8.3140916849002391        5.5582492498800118        32.053694523980646        3.5000000000000000                1
   7.2221273975741882        9.2422040565000341        28.115603585602742        3.5000000000000000                1
   5.3729479722115636        7.9400641331446344        26.590758377141402        3.5000000000000000                1
   8.5668458274323935        5.7542186239131823        8.0593031720017159        3.5000000000000000                1
   7.7572006043532298        9.1766869140454599        25.553631529792543        3.5000000000000000                1
   5.4826530443279173        8.1230228636851827        2.6031548288338819        3.5000000000000000                1
   8.0152642708763278        5.4024054431427588        33.096962366256953        3.5000000000000000                1
   9.2157031529815985        7.5510208343095977        16.440825155013947        3.5000000000000000                1
   8.9483926617854905        6.2017886127587980        29.331969633895731        3.5000000000000000                1
   5.5988404713401181        6.1382856661162926        13.785288400341710        3.5000000000000000                1
   8.1471159034996354        8.9944642288794938        26.506922764938881        3.5000000000000000                1
   5.3372480887707106        7.4228063542123799        31.928890234658677        3.5000000000000000                1
   8.8309821756946913        6.0855010338358131        36.587936527673385        3.5000000000000000                1
   8.7107571759740274        5.8876816814356205        24.205662119261600        3.5000000000000000                1
   6.6464720716777554        5.3739012330589677        5.0604461710105495        3.5000000000000000                1
   5.4590469218766247        7.9224197412772188        36.696143840247750        3.5000000000000000                1
