     1000000
           0
  0.10000000149011612     
   6.2565979746115472        6.7684202936761064        5.2984042383890051        2.0000000000000000                1
   6.5252372085044339        7.7771628091413367        10.102170124117814        2.0000000000000000                1
   5.4025094084875223        6.9802104565823599        13.238053337014586        2.0000000000000000                1
   7.9818376632363135        5.6315166340673750        14.908022247810626        2.0000000000000000                1
   3.8937871900899839        7.4103178081910759        5.8014377330476972        2.0000000000000000                1
   5.0324892171191964        7.9404093960507032        2.6476630609219951        2.0000000000000000                1
   6.2808437310716068        6.7546408667052233        15.591375704913945        2.0000000000000000                1
   5.9988267562828037        5.5931390093018729        26.589805642575921        2.0000000000000000                1
   5.1236201050607271        3.0290318710161843        19.099183255596042        2.0000000000000000                1
   4.3940816835701346        3.2817178168682442        18.427064444582488        2.0000000000000000                1
   4.2998907874000620        3.3152046728455571        25.319769082579100        2.0000000000000000                1
   7.9713712646694193        5.8671288647495778        25.778782668594790        2.0000000000000000                1
   7.7347386488557417        6.5618772846719216        34.920324934684871        2.0000000000000000                1
   3.0742160644999128        4.9219034599927420        11.271413624299704        2.0000000000000000                1
   5.0240763073232477        7.9279746333636840        10.452345517796408        2.0000000000000000                1
   4.9267703379839745        3.0822171501628461        21.768837592895711        2.0000000000000000                1
   6.6416198727315763        6.5409299195010933        8.4428359151363139        2.0000000000000000                1
   3.2881288301324822        4.3673073610996447        18.266156523645613        2.0000000000000000                1
   4.0388918258744102        5.3795058024218871        30.002543045010135        2.0000000000000000                1
   7.3404589206825239        3.9319005247136136        31.804593184718488        2.0000000000000000                1
   5.8291866435794448        3.0344182117815275        22.424071565800347        2.0000000000000000                1
   3.1818232906974226        4.5947694899128289        23.918274047823235        2.0000000000000000                1
   4.1733329248161093        3.4167581366717830        23.710439093494422        2.0000000000000000                1
   7.3127952023013307        7.2127965853147060        32.759157960250917        2.0000000000000000                1
   6.6461899998494456        6.4680412961200906        13.558066426758938        2.0000000000000000                1
   6.8395915147794950        6.3067777983129032        2.2345650529878900        2.0000000000000000                1
   6.7509249481186737        7.6381933997283724        12.965233429605400        2.0000000000000000                1
   5.7077018515325424        5.9694945055323103        5.7313208358244445        2.0000000000000000                1
   3.6104293545492094        3.8834317440900517        24.601430340173302        2.0000000000000000                1
   4.1563315311198110        4.9542967477029158        7.5114898340711109        2.0000000000000000                1
   7.6431913482993838        6.7430129227377194        21.100201313277051        2.0000000000000000                1
   7.7477688548626835        6.5849323539634064        37.449443125472008        2.0000000000000000                1
   5.2649138304702010        7.9854725168541174        15.590272414395068        2.0000000000000000                1
   5.6826149581089140        4.0460735877258447        27.960625726666098        2.0000000000000000                1
   6.9381878611652601        3.5179165953006843        15.413749728931961        2.0000000000000000                1
   3.8499314579635469        7.3369650892972365        30.542435889679712        2.0000000000000000                1
   3.2264475655915223        4.4743050674384071        26.554160998725468        2.0000000000000000                1
   4.2079270838498708        6.2159256124421089        20.103001903928053        2.0000000000000000                1
   5.3533316134644151        6.0931050846374974        1.2978615696967519        2.0000000000000000                1
   7.5438784245974038        6.9388958551931514       0.96922591339044917        2.0000000000000000                1
   3.7421581591911162        7.2507099489666214        21.021557503506017        2.0000000000000000                1
   3.0493905278212678        5.7148277727298060        38.550518870266338        2.0000000000000000                1
   5.8086479336830479        5.8832068475003521        17.461815261502942        2.0000000000000000                1
   5.9295089564888608        3.0450287900117834        19.731079482599167        2.0000000000000000                1
   7.7665895198545041        4.5339399519840269        29.710845725473074        2.0000000000000000                1
   5.5673813747073142        3.0058343359805284        14.046848806466320        2.0000000000000000                1
   4.7089352784031275        4.2352348364376997        25.467287959935636        2.0000000000000000                1
   7.9016365255217496        6.0065935435617286        21.731704929164589        2.0000000000000000                1
   6.3944625753316204        3.1772964076368666        8.3749076986718265        2.0000000000000000                1
   5.8076254026001903        6.0315596782944088        12.958407789959155        2.0000000000000000                1
   4.9028249318134245        3.1596811826152127        6.7024471580800498        2.0000000000000000                1
   3.2606432669734020        4.4248567322988004        12.148581642635625        2.0000000000000000                1
   4.2073828812905338        7.6393924920619973        2.1325897175611908        2.0000000000000000                1
   4.7474190893181429        7.8731765294161367        26.222348847188368        2.0000000000000000                1
   7.2595495513265016        7.2362565282897675        39.355336669519048        2.0000000000000000                1
   5.2217536100382418        7.9806680808934276        16.798435160101061        2.0000000000000000                1
   3.0928552655412114        6.0917467307876105        31.973425617134875        2.0000000000000000                1
   4.5087610180487010        6.5336355047813104        21.074621593377810        2.0000000000000000                1
   7.8252796136941933        4.6425963394873246        8.9017478914759636        2.0000000000000000                1
   7.2428927139868522        3.7891964486183460        22.493256871035566        2.0000000000000000                1
   4.5383151889982676        7.7820175350204481        31.260251286026431        2.0000000000000000                1
   4.4258778443018043        7.7315846968327495        17.450756899310242        2.0000000000000000                1
   5.3899792709412315        7.9617456701585443        39.105814383039892        2.0000000000000000                1
   3.4233181341213745        4.1265274389275124        14.332443486084303        2.0000000000000000                1
   7.9558245192680852        5.9471122817473718        27.061795589105913        2.0000000000000000                1
   3.0255175032179098        5.1818417433740418        33.846954713617031        2.0000000000000000                1
   3.0250332873568819        5.2575396490064765        31.345279538872152        2.0000000000000000                1
   7.3177497732780283        3.7866958870630416        23.656815381379669        2.0000000000000000                1
   5.0814957957316693        7.9227258255825248        11.501942062840774        2.0000000000000000                1
   4.4049100133928576        7.7218497103814840        21.681070400471175        2.0000000000000000                1
   4.0993008095424841        5.7641528288408876        4.5263615941858282        2.0000000000000000                1
   5.2336967887273724        7.9711567652586393        14.355794075910433        2.0000000000000000                1
   7.9961166800848185        5.5654718690320886        17.458905161498119        2.0000000000000000                1
   5.9020302946041223        5.2144065592616373        6.5599296360049841        2.0000000000000000                1
   6.2171117535997880        3.1176103267061621        6.6768242086591050        2.0000000000000000                1
   7.0301861180956298        3.5315583861827511        38.685477100796810        2.0000000000000000                1
   6.9696491016887583        5.7527102434776767        27.051782155250901        2.0000000000000000                1
   5.6350769402355523        4.8558389652234668        20.549959148546133        2.0000000000000000                1
   6.4890448876614011        3.2079373927628629        12.105699359533970        2.0000000000000000                1
   6.7135113138016118        3.3431472868753378        17.874983283366596        2.0000000000000000                1
   3.0067397415910109        5.6746530600886240        14.415089682301602        2.0000000000000000                1
   7.1251402767721643        7.3518912705076644        25.697736266940279        2.0000000000000000                1
   5.4828809035772661        3.0404511230678075        15.220646703978053        2.0000000000000000                1
   5.3929090682483789        5.9661671778696919        24.702328131071244        2.0000000000000000                1
   7.3531404496969364        3.8396204277873061        18.501802652195440        2.0000000000000000                1
   7.9482751883894407        5.9083247880762473        24.448408109369069        2.0000000000000000                1
   3.0816303035311470        6.0702801669851656        13.443496393232142        2.0000000000000000                1
   7.1727145938558667        3.6460095438199831        11.509695505842048        2.0000000000000000                1
   3.0565780979006556        5.8886793168212037        22.380200821104822        2.0000000000000000                1
   3.5018621991620416        4.0261162682462563        9.3610698851471277        2.0000000000000000                1
   5.9144127016802530        7.0349566551196929        7.8119040803834796        2.0000000000000000                1
   6.6120783484169632        7.7027576949344514        36.227141268469360        2.0000000000000000                1
   6.4734800841110607        7.7859558010002630        1.1973723049501741        2.0000000000000000                1
   7.9517146190977614        5.7913826041241023        36.847820803293850        2.0000000000000000                1
   3.7001603005973731        3.7881300120215347        35.195994450499441        2.0000000000000000                1
   4.4934957773027824        4.2640395088184899        2.7391557293571620        2.0000000000000000                1
   5.8059545590262172        7.9687020143233553        36.838428017557895        2.0000000000000000                1
   3.3058840586342226        6.6869886597029335        17.532469355191562        2.0000000000000000                1
   7.7269385183020756        6.6157279936178126        8.1215510807263330E-003   2.0000000000000000                1
   3.3280293319852747        6.7158459038117488        34.001416980599629        2.0000000000000000                1
   5.3044208384962221        5.0579479961572495        3.0164424899735081        2.0000000000000000                1
   7.2602026568547622        7.2638044373414470        4.6166770902103442        2.0000000000000000                1
   5.2347019152176868        3.0267235055857653        36.433089649047858        2.0000000000000000                1
   3.6405827265727422        7.1502782466565886        1.4339922660546267        2.0000000000000000                1
   3.4008684590523832        4.3567916315823263        3.2140662247230463        2.0000000000000000                1
   5.7922668663940824        3.0225684835263014        28.000978398118768        2.0000000000000000                1
   6.4123584405076777        7.8270171453550281        26.288575206507950        2.0000000000000000                1
   6.4436748298717852        3.2183928168920737        5.4102471568134991        2.0000000000000000                1
   6.7541464895026717        7.5792086857807845        16.894563781560095        2.0000000000000000                1
   6.9008882067505981        5.7188407680286586        19.148756317349186        2.0000000000000000                1
   5.1887936635700900        4.8169822175274861        39.646822292900325        2.0000000000000000                1
   5.8284507405853878        3.0347265728343937        37.399573725800060        2.0000000000000000                1
   6.9603424081410052        5.6102561556800739        36.890547900297456        2.0000000000000000                1
   7.3477852674288524        7.0912099165427236        14.880696235767930        2.0000000000000000                1
   5.6848495968101922        5.9911435518115006        11.438208664412519        2.0000000000000000                1
   7.8213653727262491        6.3880262145021733        16.872035509318327        2.0000000000000000                1
   3.0972680929700536        4.8153106565433914        13.662787091556643        2.0000000000000000                1
   7.1268880954398623        3.6144517691293774        1.8528714914113557E-002   2.0000000000000000                1
   6.6675458553794034        4.4222267124465358        24.839965968191805        2.0000000000000000                1
   3.2938952255098828        4.3988152857236553        35.926285535984015        2.0000000000000000                1
   7.3377626975527042        3.8434083900059046        30.494358419175533        2.0000000000000000                1
   4.3364008246823342        6.6235565286867581        14.383308550789886        2.0000000000000000                1
   5.2926121177916166        6.9581657144824209        36.032253582050409        2.0000000000000000                1
   7.6016172703361047        4.1648158226563883        39.292292150177381        2.0000000000000000                1
   7.6808146690703962        4.3197846292755528        10.930272089947280        2.0000000000000000                1
   4.0848757787580077        5.4040484981670573        32.691958428963083        2.0000000000000000                1
   3.0749611854530747        6.1073372289523098        20.909663977125234        2.0000000000000000                1
   7.7641943551028110        6.4684640293095788        6.6013168153291231        2.0000000000000000                1
   5.9936593853710116        3.0507894892916112        33.323951984497974        2.0000000000000000                1
   3.0811641628926583        4.8710964139757849        37.992097094046521        2.0000000000000000                1
   7.1865211433569476        7.3420992494624704        20.414807954511563        2.0000000000000000                1
   7.9428658287033054        4.9888479149493703        23.969072348459189        2.0000000000000000                1
   7.5104539423303214        4.0578116649066587        9.8008539535570200        2.0000000000000000                1
   3.7095262432639133        7.2436105432916342        25.152927105961417        2.0000000000000000                1
   4.7745327205884891        6.6415024454086895       0.49321551719437334        2.0000000000000000                1
   5.2876359138925615        7.9820859463430835        31.952288735330733        2.0000000000000000                1
   5.5085304061939961        4.9906165727667631        18.943802230439278        2.0000000000000000                1
   3.5645770826981540        3.9413385236592067        12.980045598313598        2.0000000000000000                1
   7.9038448936104064        5.1562033957257549        11.465992175176385        2.0000000000000000                1
   4.0010908005937340        7.4038941509856748        26.720963302192825        2.0000000000000000                1
   7.6313060200270124        4.2030744565366485        36.763451731395101        2.0000000000000000                1
   4.1111349430245339        3.4271104120001996        7.3134266567556043        2.0000000000000000                1
   7.5675729635113935        4.1053099497887411        14.836232026069576        2.0000000000000000                1
   6.7657109420342501        3.5676959695237485        7.3914245552213922        2.0000000000000000                1
   4.5790760325755819        4.3073430607836380        36.285162671380718        2.0000000000000000                1
   4.1068689265451921        3.4245614564517508        22.468969994095314        2.0000000000000000                1
   6.8152802763259306        4.8140974780506642        20.475988480462988        2.0000000000000000                1
   7.5686486546413256        6.8989406840856198        28.813644947957091        2.0000000000000000                1
   7.2323034957446879        3.7633285356081445        21.162939474818021        2.0000000000000000                1
   5.6445788412221853        5.9845507554942676        8.4233681233636251        2.0000000000000000                1
   4.5832452484776365        6.5548023119135790        18.066875320353915        2.0000000000000000                1
   5.9871607526130433        3.0509850714714104        18.507622358895762        2.0000000000000000                1
   3.8925835875377794        7.3732257691442218        28.039409418125263        2.0000000000000000                1
   7.8030657576088860        6.4256078730038624        5.0326035904676827        2.0000000000000000                1
   5.3976178117432401        7.9811791085598793        29.321246672975168        2.0000000000000000                1
   4.2660786346372781        6.8168297849410902        22.351962857166338        2.0000000000000000                1
   6.4805605945602336        4.3730471583367994        13.911301698665897        2.0000000000000000                1
   3.8137626617105185        7.3447330231905577        18.158546282664524        2.0000000000000000                1
   6.6177121709239959        7.7258297034767205        21.211804570269120        2.0000000000000000                1
   3.6964803731514864        3.7777252141604309        33.810437158253102        2.0000000000000000                1
   6.7213849947090445        4.7319721176422718        6.9339657617007742        2.0000000000000000                1
   3.4582213273505853        6.8013020606549333        27.337578687614251        2.0000000000000000                1
   3.0109585265301031        5.3244689521185258        20.283461451804392        2.0000000000000000                1
   5.4333112410274547        6.0031789904147166        35.545808322618214        2.0000000000000000                1
   7.7021307341390264        4.3179399716942779        12.138205735317772        2.0000000000000000                1
   7.7936074027366677        6.0949742097944215        29.634715279564929        2.0000000000000000                1
   3.4108017893422886        6.8426911545844309        31.344483242268257        2.0000000000000000                1
   4.5278175342883626        7.7948145857274236        32.792139103410662        2.0000000000000000                1
   5.3664417372889863        4.9192829231272279        13.324200025334950        2.0000000000000000                1
   4.2436626105957096        7.6560287919490708        9.6971588332134608        2.0000000000000000                1
   3.0197551615031704        5.2378095976529657        12.682755505927464        2.0000000000000000                1
   5.1819974561148836        7.9727011207633467        36.037561116391458        2.0000000000000000                1
   3.2773033018597921        4.3587176520136568        4.8249469274061513E-002   2.0000000000000000                1
   4.3641824517061636        3.3573735370143707        20.983648245569022        2.0000000000000000                1
   5.2628057068010303        3.0441155682593695        10.422500965670681        2.0000000000000000                1
   7.9578305381360517        5.0885951168700183        12.766696350272623        2.0000000000000000                1
   6.0333918123093548        3.0602350736012913        17.169452333039619        2.0000000000000000                1
   4.3999010124469420        4.3933950897572398        22.819407488990439        2.0000000000000000                1
   5.8540542623907550        7.9599583371779588        18.869751027490420        2.0000000000000000                1
   3.1434473123722442        4.6933925251751658        10.014484031843788        2.0000000000000000                1
   4.1399279230714114        3.4036805005602768        6.0500499802070262        2.0000000000000000                1
   7.2745787021918948        7.2548612708115279        38.084711851673127        2.0000000000000000                1
   5.0528267552085353        5.7237488743826077        37.717853576276497        2.0000000000000000                1
   6.2856010206778894        6.6845971049190149        6.4690868989175048        2.0000000000000000                1
   5.3773339953317825        5.9483096316113100        34.268700325573938        2.0000000000000000                1
   3.4118084042760972        4.1540654427840282        38.660953452698024        2.0000000000000000                1
   5.7086964354822562        6.9765227530919471        11.044970730753715        2.0000000000000000                1
   6.7715154206211281        4.7227627684627871        4.5448798115763864        2.0000000000000000                1
   3.6851829017233535        3.8199152958857994        5.1236342866613969        2.0000000000000000                1
   3.7338935977832186        3.7612182973212125        27.239725184089906        2.0000000000000000                1
   7.7452495048795571        4.5310486494584410        31.100597985806530        2.0000000000000000                1
   3.0748299088829949        6.0557199689733459        7.1469356594872027        2.0000000000000000                1
   5.4115776651177070        4.9904194328795981        35.646038224706835        2.0000000000000000                1
   3.8598605049081764        7.3405126173707069        37.466008240561408        2.0000000000000000                1
   3.0323880912705530        5.3099959343244665        26.032368976520971        2.0000000000000000                1
   3.6419162661304592        3.8530775181255299        25.856215279117968        2.0000000000000000                1
   6.2123882801142161        5.5680854427736488        4.7984360733763678        2.0000000000000000                1
   4.0439725021059489        7.5255068520178527        8.3560284871876345        2.0000000000000000                1
   4.7680000762330819        3.1337003578456071        8.0745821964138944        2.0000000000000000                1
   5.4280435328692223        5.9823392927226626        21.923537917734158        2.0000000000000000                1
   6.0521774459374944        7.9229405341937635        32.720152218058530        2.0000000000000000                1
   3.0168774540715342        5.2567348121497659        21.585639847882089        2.0000000000000000                1
   5.0136943156604197        3.0792033242942538        3.8090211215239376        2.0000000000000000                1
   7.9516936969178547        5.8655049131102155        34.117049887090850        2.0000000000000000                1
   7.9642949764522575        5.0917462490578043        34.812622174336781        2.0000000000000000                1
   3.7513375424287521        7.2689851190179331        15.584347602882776        2.0000000000000000                1
   4.8313104209027609        3.1453862144711011       0.70916724575909029        2.0000000000000000                1
   4.4153877581642389        7.7349895998607829        4.7397223171534284        2.0000000000000000                1
   5.4457382998538870        6.0171478368866156        32.531184390762512        2.0000000000000000                1
   5.4553101311626646        6.0086013148595727        28.649179576443402        2.0000000000000000                1
   5.7376872473011709        3.0183051279617410        23.687648054014986        2.0000000000000000                1
   5.8297501372599250        5.8714744994317236        2.6848929971222231        2.0000000000000000                1
   5.6786795091553568        3.0068617497334320        1.4187520803867935        2.0000000000000000                1
   4.1242496709466119        7.5562846419891301        24.250237695190769        2.0000000000000000                1
   4.3973527677210704        7.7151126555176113        16.205198952540997        2.0000000000000000                1
   6.4084605599531006        3.1809001694915318        39.428103429649816        2.0000000000000000                1
   5.2457631911772680        6.0387123111276564        4.7651290259046961        2.0000000000000000                1
   7.9380324446623041        5.1532916521640777        27.704180246984265        2.0000000000000000                1
   5.1968470861756781        7.9754653024331281        18.097546475711219        2.0000000000000000                1
   6.6146141695727749        6.3077367253086694        39.741734823570923        2.0000000000000000                1
   5.1893795517955725        7.9693332743472753        34.815913435070478        2.0000000000000000                1
   3.6161818193752038        4.6276751511597363        31.916896679537000        2.0000000000000000                1
   4.4456004527996393        3.2389614536513842        10.984868651469450        2.0000000000000000                1
   5.3080327999551749        5.0388095745955850        8.5164609759816656        2.0000000000000000                1
   4.5352904644292211        7.7308872217073015        38.629773649295117        2.0000000000000000                1
   5.3581849792929193        6.1001530261354828        10.424286383729020        2.0000000000000000                1
   5.9718159308130341        5.6241028541528841        21.163352206159928        2.0000000000000000                1
   5.0929299703052049        3.0660500180642241        2.6938566600603489        2.0000000000000000                1
   6.9912625271298499        5.5557618898076910        30.101320774358324        2.0000000000000000                1
   3.3037628342989938        6.6670248852753993        35.192141518479126        2.0000000000000000                1
   4.3040111050885246        3.3097490908859482        12.498320541177002        2.0000000000000000                1
   4.6755662806635252        6.6482836034281627        26.868820012436139        2.0000000000000000                1
   6.8704354106742951        3.4126002003762559        9.2827958395910830        2.0000000000000000                1
   7.3653657199758635        7.1188359487819657        12.320613691921874        2.0000000000000000                1
   3.0393480629176652        5.1074964606416176        23.051280459246982        2.0000000000000000                1
   7.2467132447493974        5.7073268428944370        4.3619803764174065        2.0000000000000000                1
   3.0403881653402096        5.9100551289007432        16.907990712339792        2.0000000000000000                1
   4.3168544714894699        3.3161954956827793        19.653038354125862        2.0000000000000000                1
   7.9855076017618556        5.6696773228376527        16.179637585720300        2.0000000000000000                1
   7.6772033275582583        6.6514897837712637        11.452621560377422        2.0000000000000000                1
   4.0996486823012832        5.9248324097812857        7.1515808908266578        2.0000000000000000                1
   3.0504404297674692        5.8786930294220205        23.711062140272791        2.0000000000000000                1
   7.2993901829691232        7.2354412419065373        36.783681745584325        2.0000000000000000                1
   5.8126196669647694        7.9762617344547406        4.7934799432544670        2.0000000000000000                1
   3.4086547077598088        6.8465547044365698        6.4869189466078492        2.0000000000000000                1
   7.9741261386539861        5.6931562071308948        8.5173776594280550        2.0000000000000000                1
   3.0702420883287092        6.0170967637974018        33.263035115375537        2.0000000000000000                1
   5.3170123480809481        7.0785959324946441        18.596246407312378        2.0000000000000000                1
   5.2561897195203038        5.0668735691564546        4.4572408148561014        2.0000000000000000                1
   5.7539986267167791        4.0255659088333990        3.4977801240792052        2.0000000000000000                1
   5.8394839486117771        3.0252968630191286        38.594434422990858        2.0000000000000000                1
   3.2223977452533328        4.5104199341043207        30.705724479776240        2.0000000000000000                1
   5.5979863990017531        7.9937331137349856        9.5576692188071668        2.0000000000000000                1
   7.1386063661366137        3.6292535965969406        26.617974298590759        2.0000000000000000                1
   3.2463460874911720        6.5495310409691898        24.453390372505186        2.0000000000000000                1
   3.3667479718038207        6.7050473961233878        18.874986722737031        2.0000000000000000                1
   7.2051837360639874        7.3004019140520260        24.443861218934504        2.0000000000000000                1
   7.7848663863060210        6.0375625330383356        28.230544967040551        2.0000000000000000                1
   3.3379387473121773        6.4736637243435764        36.652549651875411        2.0000000000000000                1
   6.4981982357902783        6.5316290150213066        10.603792105995606        2.0000000000000000                1
   4.5418598893353153        7.8033375453865244        29.977269936464236        2.0000000000000000                1
   6.6445201093894193        3.2836542870748069        28.572882919906061        2.0000000000000000                1
   6.7814614902204795        3.3568146816823821        31.176453324128929        2.0000000000000000                1
   4.0212973956408122        3.5026259064911747        13.777061185932167        2.0000000000000000                1
   5.7035154443569738        5.0067254437382909        38.340967180770178        2.0000000000000000                1
   7.9507610599838419        5.8433410064203688        10.600461618355691        2.0000000000000000                1
   7.8648344854001673        6.2830040555990010        30.921095375694712        2.0000000000000000                1
   6.3405043963366907        3.1490260109133814        14.681940648044568        2.0000000000000000                1
   3.2358177758475475        4.4589852215932888        5.8020705958866632        2.0000000000000000                1
   7.6295547512528410        4.2540227102863248        13.379701066062227        2.0000000000000000                1
   5.1916247154050312        4.0253617368635277        5.6088879818662036        2.0000000000000000                1
   4.0995768535139439        5.3247863455020692        27.231392620070725        2.0000000000000000                1
   4.0343873095387837        5.7747828541141732        35.847950461458154        2.0000000000000000                1
   6.0930009760896073        5.3004335603325865        14.169145118719928        2.0000000000000000                1
   5.7927482287685921        4.9545646060049382        17.914849142333647        2.0000000000000000                1
   5.9976898804077026        5.5282417161041826        30.577663376677876        2.0000000000000000                1
   3.6340725879494111        3.8622222220902143        28.699459032007802        2.0000000000000000                1
   3.0245903741688682        5.2356935151446731        3.7223237924838184        2.0000000000000000                1
   3.1897942608676200        4.5512676741647393        29.355783536751300        2.0000000000000000                1
   7.8236274281669980        4.9765657064533340        38.727025770655402        2.0000000000000000                1
   6.7220827136918189        3.3525020781459922        1.4641889797166747        2.0000000000000000                1
   5.1548570056162859        6.9455145586963845        24.933037592904018        2.0000000000000000                1
   5.6386246804204090        5.9882049689584074        38.687914073825141        2.0000000000000000                1
   4.7854068697848913        4.2389307299140562        27.485838316931218        2.0000000000000000                1
   6.6771225255598550        3.4167782238268125        32.566967734297975        2.0000000000000000                1
   5.0009330914200119        5.4826142938522322        26.725224133851821        2.0000000000000000                1
   7.0231466871426074        7.4572386145335186        28.183933088570377        2.0000000000000000                1
   5.7799230284917194        7.9447004306225555        23.121275757567275        2.0000000000000000                1
   7.9606790406143695        5.5908284813873133        7.1235202751867925        2.0000000000000000                1
   3.3051220537802197        6.6200753333646203        23.043207441149956        2.0000000000000000                1
   5.9674418534015796        5.7886444368364192        36.395983850087319        2.0000000000000000                1
   4.3490522021117917        6.5399076260633926        31.656327420347274        2.0000000000000000                1
   4.7117430310902995        4.2832460734551585        20.759055515480888        2.0000000000000000                1
   6.7753766101149928        3.3704871206371676        33.937214120697291        2.0000000000000000                1
   6.6893278812828916        7.6738923109681982        19.561718308320458        2.0000000000000000                1
   5.3889476503532334        4.9243411967825566        22.989091569305867        2.0000000000000000                1
   4.4760746322991061        7.7629923985713436        18.784345567352133        2.0000000000000000                1
   5.0811184811940704        3.0505847981794014        29.925964406868712        2.0000000000000000                1
   5.5830999480351649        4.9969689238146042        29.806006710393106        2.0000000000000000                1
   7.1284564740155192        5.2837984370286799        39.861359258338773        2.0000000000000000                1
   4.5470672183806995        3.2149859591081618        15.762049303655051        2.0000000000000000                1
   4.6837195268919185        7.7972081642790778        27.442230708501555        2.0000000000000000                1
   3.1713563317278326        6.3946835074598525        37.823140433644667        2.0000000000000000                1
   3.0318300824102513        5.1769163395222346        28.467384602186154        2.0000000000000000                1
   7.7855158803347413        6.2859810530191114        18.181336890036206        2.0000000000000000                1
   7.4128193495168002        7.0810785462703443        18.854236490681149        2.0000000000000000                1
   6.7366656941880692        4.7674920951380155        22.859998316456789        2.0000000000000000                1
   7.7433860795253127        4.5603858264597648        33.902765156931530        2.0000000000000000                1
   5.1828097778520146        7.9655936103591500        4.0115705890143669        2.0000000000000000                1
   7.7016597281842474        4.3171293658311694        17.655911794649569        2.0000000000000000                1
   5.2239824944172799        3.0289729080666317        17.827984392650972        2.0000000000000000                1
   5.6853799526498481        7.9284371022091982        24.338480816704177        2.0000000000000000                1
   4.8688738285702096        5.4119607965977652        29.233814874933980        2.0000000000000000                1
   3.8017044801008231        3.7205885026971797        37.779757945811632        2.0000000000000000                1
   3.2494260246795563        4.4315358819932875        33.157696786301209        2.0000000000000000                1
   4.2061437805010398        7.6260644490595393        11.116964775045902        2.0000000000000000                1
   5.7659558611353745        5.1028003796687793        16.814777565693987        2.0000000000000000                1
   5.9908467475391083        5.4051644246164718        39.457194439117536        2.0000000000000000                1
   6.0212002594929128        5.7619257382294657        37.463881966404635        2.0000000000000000                1
   5.7972016813239104        4.0564335527998283        31.951329221297385        2.0000000000000000                1
   6.0443867290216744        5.3890931549141650        34.977368507895207        2.0000000000000000                1
   3.1572061795949318        4.6844284556595488        8.6432330279196545        2.0000000000000000                1
   5.4438649258350935        7.9965057232844279        28.145410382145844        2.0000000000000000                1
   3.0402049418410710        5.7888961571360662        2.8269242385743691        2.0000000000000000                1
   4.4016448462916493        7.7319412650719004        13.711782910687926        2.0000000000000000                1
   5.7041618042793214        4.9780057639467215        27.403664354357407        2.0000000000000000                1
   5.2626664813512107        3.1168121638847865        16.478899357972036        2.0000000000000000                1
   4.9424775772415943        5.7478725898611929        36.634528467329687        2.0000000000000000                1
   3.7227635197008935        3.7441332414539148        3.9975424722224964        2.0000000000000000                1
   3.8950737985223625        7.3492121387156510        19.495424159745099        2.0000000000000000                1
   7.0797353660723026        7.3926533271947212        3.2798944244177712        2.0000000000000000                1
   4.9986058071038881        3.0844066292125967        28.648016612798795        2.0000000000000000                1
   3.8501295464816989        7.3760638658238014        33.403377368193624        2.0000000000000000                1
   7.3942324031732332        7.1304467677699606        13.670717574997203        2.0000000000000000                1
   4.8517747698348375        7.8244115199266879        39.965045669543578        2.0000000000000000                1
   5.8696878873647300        7.9254234204406968        12.313631755944618        2.0000000000000000                1
   5.6032154841281443        7.9690081630189820        25.595966065107493        2.0000000000000000                1
   7.2614442042039888        7.2064110610485423        35.589567712178201        2.0000000000000000                1
   7.8612845442468622        4.7547736707866051        16.711151559099704        2.0000000000000000                1
   6.0190904573376232        5.5279935768409372        23.814223253762318        2.0000000000000000                1
   6.9480384986270485        7.4920850080953620       0.31724077952110091        2.0000000000000000                1
   7.6458356341593134        6.6639506121361842        25.127941037116944        2.0000000000000000                1
   6.9000891500073696        5.3010676068312446        29.138115754462685        2.0000000000000000                1
   7.6682420044734032        6.7380230668695891        19.758805818326245        2.0000000000000000                1
   5.4899135508565422        5.9743095201689709        31.374719333604354        2.0000000000000000                1
   6.0510501427717172        7.9095226761982484        14.954036883303013        2.0000000000000000                1
   4.7832638653056287        7.8913616132985123        7.6902782350663088        2.0000000000000000                1
   4.5791063397665130        7.8177373977654474        28.651896598922367        2.0000000000000000                1
   4.4146612280163744        4.5819145123431699        5.0100412414143332        2.0000000000000000                1
   5.7499041471496923        5.9490985478095872        16.125907812504668        2.0000000000000000                1
   5.9340716739383605        3.0428848651011604        31.895478402185784        2.0000000000000000                1
   6.3307870103724273        3.1465241430079751        13.339760625070886        2.0000000000000000                1
   5.1175252984348436        3.0552642485661861        33.864810762161127        2.0000000000000000                1
   5.8576958034652744        3.0455217108585284        11.253150736480576        2.0000000000000000                1
   3.8816786631860292        3.5946171079176437        16.443250427973187        2.0000000000000000                1
   6.5230705049730320        6.5595711403093073        21.802052573774020        2.0000000000000000                1
   4.9892451775673567        5.5997887767015584        7.6347429040892356        2.0000000000000000                1
   3.7337073373835663        7.1560722341171035        2.8706682011730145        2.0000000000000000                1
   3.6172613535542650        7.1323262664618268        4.2908234903746214        2.0000000000000000                1
   3.9801434467962875        5.4463481963905505        39.867824830739224        2.0000000000000000                1
   3.5092627162477599        3.9911534443096182        6.7044075846630680        2.0000000000000000                1
   3.5992387873165264        7.1191292826729562        10.419868643608803        2.0000000000000000                1
   3.7930975852741211        3.6855575047921358        17.716224076643289        2.0000000000000000                1
   7.0201343087009453        3.5274474790001724        14.025136668639044        2.0000000000000000                1
   7.9863962062788465        5.6802532566966555        13.578254808754783        2.0000000000000000                1
   4.3961921892356441        3.2759881523188201        33.208274499951060        2.0000000000000000                1
   3.1876080588494902        4.5602984012842649        25.214981049201562        2.0000000000000000                1
   7.9513756556683415        5.7964279025603895        35.548046623719571        2.0000000000000000                1
   7.9701295769473619        5.8553417511798145        23.289625281786442        2.0000000000000000                1
   6.0062289645298117        7.8995956604128521        20.330369873461120        2.0000000000000000                1
   7.9302912831577590        5.0728697080686809        26.395347620807939        2.0000000000000000                1
   6.6162248573945108        5.2716347039534366        27.902047396228834        2.0000000000000000                1
   7.9231812530292478        4.9172928527812072        10.155805708245527        2.0000000000000000                1
   7.0811534649566550        3.6060255513611175        25.268656054904088        2.0000000000000000                1
   6.1941290967348177        6.7925684128407644        19.491207423490930        2.0000000000000000                1
   4.9632718906976487        3.0746697142921517        27.345975237242047        2.0000000000000000                1
   6.3714946677975943        3.2097115983525266        25.929381303297642        2.0000000000000000                1
   4.2684983066578512        3.3491428446572682        29.302496313672915        2.0000000000000000                1
   7.9617745602508574        5.9008462248773279        12.146553420653142        2.0000000000000000                1
   3.9706587169064025        7.4233617457810430        32.025265378331277        2.0000000000000000                1
   3.1501263593637510        6.3034409850088817        8.6063828633871147        2.0000000000000000                1
   4.9909081693183133        3.1430727854324418        23.018202418519493        2.0000000000000000                1
   5.2988452074578545        5.0335173522600254        11.290915547518813        2.0000000000000000                1
   3.0455666588621271        5.9749760889520740        18.233506322896563        2.0000000000000000                1
   5.0451489073461051        7.9268400271092334        5.5036369946085699        2.0000000000000000                1
   7.2658036461862228        3.7810184803611135        27.838937720181629        2.0000000000000000                1
   7.1228217216764893        7.4013991063415085        10.818341255236371        2.0000000000000000                1
   6.6100064730739509        7.7353771590124181        38.763473119804907        2.0000000000000000                1
   3.0472861645335607        5.1328335266877900        18.885285305272898        2.0000000000000000                1
   5.9767775261577993        5.3349494168913587        15.291316227551338        2.0000000000000000                1
   3.0604241691706879        5.0116857321667405        16.354078712183544        2.0000000000000000                1
   3.9739759238485197        5.7665758807744689        37.577960471278516        2.0000000000000000                1
   7.8263237354352828        6.3651124178575733        7.7854737262971199        2.0000000000000000                1
   6.5977028336271459        3.3327513231036905        2.5985488647737198        2.0000000000000000                1
   5.2307623674260419        3.0208427170275769        25.830164096545854        2.0000000000000000                1
   5.9844841533268438        7.9013530873819828        17.470317028168985        2.0000000000000000                1
   7.0559543902471846        3.5484758747219063        6.2051511342612100        2.0000000000000000                1
   6.9978277766268446        7.4663520953119926        29.425424308744006        2.0000000000000000                1
   5.6168020761385673        3.0129434210810180        12.642705621682049        2.0000000000000000                1
   5.1670591742594114        7.9516070931653795        20.917160920315858        2.0000000000000000                1
   3.0773003934402459        4.9686427922528438        39.224191438682197        2.0000000000000000                1
   7.6289201399566418        6.7827515914273295        10.204448170232270        2.0000000000000000                1
   5.7914762057290554        3.0172057850063729        24.940993356621100        2.0000000000000000                1
   7.0045311781873885        5.4330421513846803        8.4132042869923804        2.0000000000000000                1
   7.7503729238002892        5.0077610655041997        5.0177868877517993        2.0000000000000000                1
   7.9801005081821161        5.3408605186226668       0.87480948415235626        2.0000000000000000                1
   7.6951223075937314        4.3627864789184310        27.132715415921329        2.0000000000000000                1
   5.7429434947156617        5.9634132864589473        18.812737982190221        2.0000000000000000                1
   4.9928569499131807        5.4103262090258522        33.258912478768870        2.0000000000000000                1
   7.7618960291221670        6.5613556522139778        22.565376607970940        2.0000000000000000                1
   4.9118377808498135        5.6298532707629425        16.981373826778547        2.0000000000000000                1
   4.4659767749216508        4.4261638275894493       0.61650494624083585        2.0000000000000000                1
   6.0292174718451292        4.0931527458432955        6.4552276463537543        2.0000000000000000                1
   3.0161512810577680        5.7351602856019186        10.629017060049252        2.0000000000000000                1
   3.2432488670018809        4.5121921911245355        19.689671728639983        2.0000000000000000                1
   6.7618316875001945        7.5901283879090373        6.5403320254142718        2.0000000000000000                1
   3.3595814274460634        6.6870749250993189        21.852439576828754        2.0000000000000000                1
   4.1583712569802156        5.9420795678408771        9.8911374549858859        2.0000000000000000                1
   5.6153646088977993        4.9835917764277795        24.610848323237889        2.0000000000000000                1
   7.3983784075524914        7.1154841940737201        31.407940957405803        2.0000000000000000                1
   4.8805180796934886        3.0780290814343072        24.410393025173050        2.0000000000000000                1
   4.0365596752217030        5.2801706922495555        33.898291972549686        2.0000000000000000                1
   5.4057608372064481        6.7336234011815321        33.520778858527557        2.0000000000000000                1
   5.9515109860850917        5.7302721845341136        22.777433592721792        2.0000000000000000                1
   4.6095572724836851        7.8276610091606464        6.4187870971504388        2.0000000000000000                1
   6.3993998528179112        7.8307641456364419        7.4442803989042341        2.0000000000000000                1
   7.0075323302907746        7.4609754528160650        8.1851970462289909        2.0000000000000000                1
   7.1527537602678235        3.6794440250184990        35.980894188699246        2.0000000000000000                1
   5.0132088552932377        3.0517250603396868        39.231611099153767        2.0000000000000000                1
   4.5165992064955081        6.4723517845624681        13.214142121048452        2.0000000000000000                1
   6.4031419902029629        4.2989542975069428        32.962163267128709        2.0000000000000000                1
   5.1331102990783757        5.0286303308540461        10.133473239911881        2.0000000000000000                1
   3.0107152232283143        5.4634744975511804        7.9970331967520742        2.0000000000000000                1
   4.3327765569373184        7.7092061463856805        36.623045729881326        2.0000000000000000                1
   4.9855286251324689        5.5051118436400062        30.629912727802523        2.0000000000000000                1
   5.5919346743783205        3.0378056409442959        7.4789440667717422        2.0000000000000000                1
   5.6647925961177172        3.0523176061966732        4.6351473849903702        2.0000000000000000                1
   7.8479446200561487        4.6512073742879760        1.6217708859982045        2.0000000000000000                1
   5.9571481261443511        5.3510482498181622        1.6454199908861162        2.0000000000000000                1
   5.1585018554370228        7.9652044296603188        19.589077990918522        2.0000000000000000                1
   7.5843559137666539        4.1806303947832912        38.147539213712328        2.0000000000000000                1
   5.7511538401939450        4.9412420836265429        32.537182667590884        2.0000000000000000                1
   5.9864550589402654        3.1087636431486287        9.6932130087267065        2.0000000000000000                1
   3.3087979849123781        4.3401019279112942        37.078878628121629        2.0000000000000000                1
   6.0667574741691288        5.5048685951366103        19.822066321178074        2.0000000000000000                1
   4.2657647337945814        3.3855163154668073        28.008326607539079        2.0000000000000000                1
   6.5994681608133279        4.6966391093378057        16.029109969805077        2.0000000000000000                1
   4.2575526459908355        3.3554573617084444        38.597738549298342        2.0000000000000000                1
   3.0207046769543737        5.6236104820603749        1.6662266473865293        2.0000000000000000                1
   3.8832564455209924        3.6065209715502968        15.111839943134276        2.0000000000000000                1
   3.3992346544054364        6.7110086092784256        28.647964861536177        2.0000000000000000                1
   4.8109145138929090        7.8971243405268163        24.930801219615994        2.0000000000000000                1
   3.8571657658000955        3.6438712911985491       0.84702400541271650        2.0000000000000000                1
   5.0249096769515225        3.0630753034938061        11.817768000897207        2.0000000000000000                1
   5.4509838732161402        3.0058098868525596        8.8255473877285837        2.0000000000000000                1
   7.5371442896548047        6.9474030646749396        30.113303125341975        2.0000000000000000                1
   3.0267635681376626        5.2599536430485792        32.590731218247250        2.0000000000000000                1
   7.9814631336990507        5.7879923057635896        39.347883858291780        2.0000000000000000                1
   5.4324981618904244        4.0831191406222791        10.534824486763847        2.0000000000000000                1
   7.8991772784767438        5.0103434815980119        36.209019187659514        2.0000000000000000                1
   5.4302312884808837        6.9780808550460636        28.058279334986338        2.0000000000000000                1
   3.8115486582061928        7.3413677812019111        34.624099413587302        2.0000000000000000                1
   5.9886590492223641        7.8853151970512130        34.183184411146058        2.0000000000000000                1
   3.4590663168950693        6.9029426261961619       0.16050242114194410        2.0000000000000000                1
   3.2795846611284922        6.6016015804989605        16.222000698100477        2.0000000000000000                1
   4.3689902610918852        4.5723810058474568        9.4852105665071047        2.0000000000000000                1
   4.9889310230853825        5.4950594664853263        20.999052941204670        2.0000000000000000                1
   5.0754343513375320        5.6347622920999418        9.2980982835165555        2.0000000000000000                1
   6.2691129931139153        7.6993233322472650        27.514570701494012        2.0000000000000000                1
   7.9280947485786299        5.0028854324048240        25.218956613357715        2.0000000000000000                1
   7.6117088843671192        6.8339150345872488        2.5952044760382136        2.0000000000000000                1
   3.1043179518044872        4.8307083623159430        2.3701888161321212        2.0000000000000000                1
   5.8542446618785533        5.9628141854660335       0.42080360408816975        2.0000000000000000                1
   7.1795055563688637        7.3207992061488447        1.8253127005152006        2.0000000000000000                1
   7.4009260455513992        7.1033770475755000        16.245132389826324        2.0000000000000000                1
   3.2666308791896630        6.5551147680792807        11.178988854324004        2.0000000000000000                1
   7.6966274183004062        6.6750882705298089        23.797305382717628        2.0000000000000000                1
   7.1931293231914495        5.2658831305138394        33.334209026565503        2.0000000000000000                1
   7.3339312828615615        3.8969788959351703        2.1807291140366725        2.0000000000000000                1
   6.2876325110145181        5.6164984493096846        25.081189202304422        2.0000000000000000                1
   4.9917920458515077        3.0861280829816664        37.965123225944787        2.0000000000000000                1
   7.9386956084178353        5.2207681717799446        31.834344935123902        2.0000000000000000                1
   3.5094238955390664        4.0085109088278852        23.069746131707834        2.0000000000000000                1
   3.0586204161979875        5.7187790712916486        15.644967112677774        2.0000000000000000                1
   6.7370458174845487        3.3303540298631735        19.120475972343947        2.0000000000000000                1
   4.8592744983376743        7.8706228291625422        1.3062523130229957        2.0000000000000000                1
   3.3575277572072988        4.2536676750081943        16.992928199081529        2.0000000000000000                1
   7.2523868251118886        7.2724621978388200        21.890111890884757        2.0000000000000000                1
   6.6165909155845473        3.2886415041228751        23.092164587762728        2.0000000000000000                1
   6.5029892493542869        3.2301229609724058        36.628797308290430        2.0000000000000000                1
   5.0173051070399755        5.4252593253580823        23.851951259433193        2.0000000000000000                1
   4.4665909480261332        3.2848664783105281        37.115827142761802        2.0000000000000000                1
   3.5975105066081663        7.0669533534161522        9.1484169202494865        2.0000000000000000                1
   3.7760591035438704        7.2564461815751784        13.057310749349373        2.0000000000000000                1
   5.4215157382112604        6.3010058381070992        20.463370303599582        2.0000000000000000                1
   5.4039419173393828        4.0617854421835853       0.93266501446955963        2.0000000000000000                1
   6.4975640269532775        7.6394293985667590        4.0587145578928885        2.0000000000000000                1
   4.9473605639273419        5.3021536643757274        32.022873237743511        2.0000000000000000                1
   6.7300140319710255        7.6715417993353681        11.769746136565528        2.0000000000000000                1
   5.2393151823833630        5.9543112327766803        3.7310577553894571        2.0000000000000000                1
   6.6859013545196717        7.6923626123933202        5.3291385437123324        2.0000000000000000                1
   4.1760985198096368        7.6013893789394968        22.986019298453201        2.0000000000000000                1
   4.6299632823959795        6.4147558461810981        2.7024809122501607        2.0000000000000000                1
   3.0108982816784176        5.3173931986604126        30.060141705211105        2.0000000000000000                1
   4.6349775920467744        6.7253074079931858        9.3751309374229006        2.0000000000000000                1
   7.2974601118011888        3.7676804452798733        8.2725917220469736        2.0000000000000000                1
   7.2038744042730016        3.6836386090192570        4.8602143596893423        2.0000000000000000                1
   4.3553891979562476        3.4784861483367990        39.876361200410841        2.0000000000000000                1
   4.8548647902074373        7.7960215362699685        8.9058112763348802        2.0000000000000000                1
   6.3847182757738672        6.6857669521718242        31.739761674601922        2.0000000000000000                1
   3.0544103208014279        5.1757387388284108        6.5606079342955095        2.0000000000000000                1
   6.6362493657335815        3.3371580679012456        10.657585185912035        2.0000000000000000                1
   5.4015110626408820        6.9716468565163581        29.316013702350119        2.0000000000000000                1
   6.3275443074448736        4.3042806559841162        1.4640106931396926        2.0000000000000000                1
   7.1853395053173310        7.3231446036724828        9.4699205675031912        2.0000000000000000                1
   3.0007026905468561        5.5434302927007542        37.233235299342347        2.0000000000000000                1
   7.0983648321269968        3.5993143838394301        12.798634180488433        2.0000000000000000                1
   5.2391882504113045        5.1064988989475006       0.81663462666336839        2.0000000000000000                1
   7.7325097273369359        6.5438910743859298        36.191961383531861        2.0000000000000000                1
   6.4608401373275433        3.2458022711140884        35.358227422518112        2.0000000000000000                1
   7.9912239951380810        5.3543492507186787        30.349955308114808        2.0000000000000000                1
   4.3795874189080788        3.3617098050016905        26.564947047561880        2.0000000000000000                1
   7.7651137208640701        4.4939970698141520        32.557007249414838        2.0000000000000000                1
   5.9737160103153153        7.9429364673117071        13.660578722575499        2.0000000000000000                1
   3.0796850431373910        6.0531010352238228        4.4499940478539299        2.0000000000000000                1
   5.9077842492854211        7.9595122524509687        3.2664769132043547        2.0000000000000000                1
   3.0502030543689149        5.9876751309847327        19.516898644875038        2.0000000000000000                1
   5.6507967052802988        7.9603796301109044       0.62556564493939271        2.0000000000000000                1
   7.5280323450367135        4.0529811077314069        6.9308431011640099        2.0000000000000000                1
   3.6571454809309110        3.8906641474068189        29.961125291650085        2.0000000000000000                1
   6.5098502902424453        4.4079787652873650        37.225110719249372        2.0000000000000000                1
   3.2201859778391215        6.3285352185394119        9.8397205901758351        2.0000000000000000                1
   4.3937895890766123        7.7297804512623420        12.359899274479508        2.0000000000000000                1
   6.7613465970146107        7.6220770114412870        34.808780850615896        2.0000000000000000                1
   3.7333473467911209        7.2587021923998423        16.829442713592858        2.0000000000000000                1
   6.1788751207368664        3.1067695620740765        15.960030702173437        2.0000000000000000                1
   4.3879571306151401        7.7180611785234063        35.444468827407583        2.0000000000000000                1
   3.1393927655656757        6.2428326215975796       0.85650806629047149        2.0000000000000000                1
   7.7880039242826582        4.5521898275184478        2.8203242409295375        2.0000000000000000                1
   5.1929478714086788        5.9116274198428442        14.024097217790128        2.0000000000000000                1
   6.0784674914561867        7.9269671918813023        16.185560449672963        2.0000000000000000                1
   7.9866990238414992        5.2531376377284245        3.8144346361764012        2.0000000000000000                1
   5.7934869305345273        4.9101567636205035        7.5518688924736583        2.0000000000000000                1
   3.0563452546519354        5.8008095322306756        11.848773736125699        2.0000000000000000                1
   3.9486782705528527        7.4550958341079401        39.467745729661260        2.0000000000000000                1
   7.7746625876802842        6.4662097682603479        12.981904370077991        2.0000000000000000                1
   7.6516858354837183        6.7620569991764095        26.348128185284263        2.0000000000000000                1
   3.4579688101136852        6.8072058600611651        26.022004916325518        2.0000000000000000                1
   7.1158446922609500        4.9430143120095282        9.5497435513792528        2.0000000000000000                1
   4.1297460535504920        3.4314103083233536        8.8139434758678572        2.0000000000000000                1
   7.1432280153061711        3.6281278933626284        16.964724409774000        2.0000000000000000                1
   7.0549447935055722        3.5503176865055410        37.431586950439204        2.0000000000000000                1
   5.9124166735155210        5.2173786999608360        12.172404465318257        2.0000000000000000                1
   5.9758240023491238        3.0457496185537321        3.3986537616891006        2.0000000000000000                1
   6.5463298642203638        7.7339660141793907        22.463990870249400        2.0000000000000000                1
   5.4871419037378022        7.9351822546962403        6.9541852795217736        2.0000000000000000                1
   6.7650039791473882        4.5259051159988042        17.299133080662102        2.0000000000000000                1
   7.7404046654464160        4.3936210512109968        21.756363796929726        2.0000000000000000                1
   6.4006953032168648        4.3681285086323625        10.397435428640017        2.0000000000000000                1
   3.7118311782409696        3.7784109465348990        32.510739645417374        2.0000000000000000                1
   7.6522293615471231        4.2300473120137703        24.563754958425420        2.0000000000000000                1
   5.2908768724956916        6.0583049551563617        15.026754882052130        2.0000000000000000                1
   3.6974987286291032        3.7695960955836592        2.3698972212168012        2.0000000000000000                1
   3.7027155297249101        3.7875096037967060        19.001275690706361        2.0000000000000000                1
   4.9853460850591187        5.7983920759695451        6.5275879342348277        2.0000000000000000                1
   7.1705922728394320        3.6686396406347903        3.4135994542425960        2.0000000000000000                1
   5.7366458266846276        4.0218160402353256        25.146892632794035        2.0000000000000000                1
   7.7588033529554838        6.4145373600019653        15.505143601937679        2.0000000000000000                1
   7.9763271513621099        5.6998190312888539        32.856624571888823        2.0000000000000000                1
   5.1480924336807377        5.1401758901784138        15.992620465545714        2.0000000000000000                1
   6.7131339795622438        7.5883138469659581        18.150857727084915        2.0000000000000000                1
   4.3481656058686902        6.2739400493038664        29.658976530899839        2.0000000000000000                1
   6.6267102278403076        7.7285808294784148        37.432550242649860        2.0000000000000000                1
   5.4372854620752715        6.9971501059155843        32.040955713986001        2.0000000000000000                1
   4.9987235583813279        5.5558730843934443        19.921401296781532        2.0000000000000000                1
   7.5095753259425013        4.0598931025851996        16.069568093993681        2.0000000000000000                1
   4.9814762189100135        5.4845433136943109        27.899541329096561        2.0000000000000000                1
   5.1526967132094272        7.9481890890104614        13.064391215922949        2.0000000000000000                1
   5.1315226094493243        5.1214820683973965        14.670233489958717        2.0000000000000000                1
   7.9230315514560736        4.9089892849841092        6.3445475186713143        2.0000000000000000                1
   5.0405758393307813        7.9319914120749786        22.429880752119569        2.0000000000000000                1
   3.0839145717537568        5.8947940799304339        34.582699378361070        2.0000000000000000                1
   7.0355143826653448        5.6010512302814695        12.389456795644554        2.0000000000000000                1
   5.1312132620894069        5.8394845767430041        39.728612946476765        2.0000000000000000                1
   7.3099021692527497        7.1251326822081884        7.2657648808956656        2.0000000000000000                1
   6.5572754979336612        3.2831530125345409        4.1890598396524297        2.0000000000000000                1
   3.0587448051117700        5.4629532887345524        9.3089566663498715        2.0000000000000000                1
   4.3230504755751946        4.5872898002167934        14.067441405828063        2.0000000000000000                1
   3.0508415864058693        5.0621554258350239        35.214576458173077        2.0000000000000000                1
   3.6779503379910432        3.8215324811269147        21.622570513102026        2.0000000000000000                1
   7.4202062707089018        7.0707549454961587        5.8686089867742846        2.0000000000000000                1
   4.4204909607304321        7.6140045438328885        20.316738978103643        2.0000000000000000                1
   5.3423876827600738        4.9258893695190409        21.942470021632431        2.0000000000000000                1
   3.3259845957201342        6.6691164574486175        29.846194788189084        2.0000000000000000                1
   6.1961765314006438        7.8874270037127996        39.786080602633405        2.0000000000000000                1
   3.3753288793776699        6.7927483790335783        7.7604566695011581        2.0000000000000000                1
   5.9245413281759776        5.8813270651400629        7.3494905194693505        2.0000000000000000                1
   5.4441073234193924        3.9932390053931153        38.925241435712515        2.0000000000000000                1
   5.0533512133236824        5.6672857046317233        18.098439807458345        2.0000000000000000                1
   7.6551879152699573        4.2419473608942901        4.1542603577349659        2.0000000000000000                1
   3.3462113733581420        6.7550772232832257        20.196534250554386        2.0000000000000000                1
   6.9380768620341735        5.8683758747120143        20.427345835200111        2.0000000000000000                1
   7.6601562027854460        6.7398608814777479        8.7590992315783964        2.0000000000000000                1
   4.5267549325859147        7.7706744104206802        34.039126871738326        2.0000000000000000                1
   4.7442730092259238        3.1475310670869394        9.5659336977166145        2.0000000000000000                1
   7.9570668535797395        5.2427948760408176        22.399794100286172        2.0000000000000000                1
   5.2492426753466104        6.9102070166374627        22.525086584733785        2.0000000000000000                1
   6.0185124220211170        7.9424368370223766        11.060046431074454        2.0000000000000000                1
   3.7106616640556691        7.1656281610839354        11.889838891373229        2.0000000000000000                1
   6.5553873853120761        3.3280320098354443        20.534691572762700        2.0000000000000000                1
   6.3721534477826580        7.7794252332765481        8.9493271355877706        2.0000000000000000                1
   6.6544896342630837        3.2938957526517854        24.354633542494373        2.0000000000000000                1
   7.9794056779409770        5.8055208965119967        38.062224144927846        2.0000000000000000                1
   3.2574464682238284        4.4059778008761912        27.861394590125300        2.0000000000000000                1
   7.2512664471831210        3.7347847701565420        19.910354969041965        2.0000000000000000                1
   6.5758260823955705        7.7516660999958615        23.767852145069696        2.0000000000000000                1
   6.2471265965171048        6.7055469257590090        16.828213022634326        2.0000000000000000                1
   4.1557077017127906        7.5922400917229433       0.64504632846865229        2.0000000000000000                1
   7.7535726559627873        4.4962610089287676        23.046921304512043        2.0000000000000000                1
   7.3350482117456712        3.8049728051847875        33.216426478522649        2.0000000000000000                1
   6.7442752352400994        4.6938636331865613        14.835340261410717        2.0000000000000000                1
   4.0230255616445127        5.6681861301869905        14.401620726585817        2.0000000000000000                1
   3.3595881135342665        6.7530394901285558        5.2403784192077749        2.0000000000000000                1
   5.6901392152128114        7.9804862012593851        1.8764941998474896        2.0000000000000000                1
   7.0314626938236575        5.2673765355896309        2.0243877698951822        2.0000000000000000                1
   5.5051630564806091        4.9079246742648657        31.279585523122165        2.0000000000000000                1
   4.3649928827343274        3.3037647898482176        31.842349123808170        2.0000000000000000                1
   5.3561899081620012        7.9657441646836222        30.585838514287786        2.0000000000000000                1
   3.2304541298995550        4.4538568977817468        20.974288504881223        2.0000000000000000                1
   3.6915764944116742        7.2218536642726239        35.966000337352853        2.0000000000000000                1
   3.2079151312808887        4.5422904897570069        4.4390251516042785        2.0000000000000000                1
   5.7219498526949613        7.9864584346415111        38.090863576994387        2.0000000000000000                1
   3.1393528441491778        4.8776088839327114        15.093017107362716        2.0000000000000000                1
   7.8403119219505193        4.6212954154463350       0.16304433463024567        2.0000000000000000                1
   5.5734119906915787        7.9974903837849407        26.838204248938915        2.0000000000000000                1
   5.9744781630118515        5.5696938642924989        33.445098719663349        2.0000000000000000                1
   4.0666897307741348        5.2201983582822216        16.398909633880621        2.0000000000000000                1
   7.9321909134250301        5.3103029466405278        28.987651121128863        2.0000000000000000                1
   5.7849360662624258        6.0029988971843933        27.531230669423657        2.0000000000000000                1
   7.9342152070153142        5.9665448304936515        20.512888923360105        2.0000000000000000                1
   3.0607956184448288        5.1235804092041883        17.599204315801060        2.0000000000000000                1
   5.9319383185605155        3.0423639391631543        30.548180297043778        2.0000000000000000                1
   4.0136814625283925        3.5717232600162987        10.112501027998771        2.0000000000000000                1
   3.1406124796170567        6.1041211616377051        25.357858004972378        2.0000000000000000                1
   7.6993142293653261        4.3526800119884772        35.442917116697878        2.0000000000000000                1
   5.9755250649445300        5.2750069700568920        3.7913084226770515        2.0000000000000000                1
   5.4247048364939090        6.0145766562566534        29.816811498650519        2.0000000000000000                1
   6.0126480767937949        7.9294252258007303        35.406882678587344        2.0000000000000000                1
   3.8792894595808409        5.1654782545665148        11.820303445795044        2.0000000000000000                1
   6.4571938233332205        6.6923743052370286        33.786620580726385        2.0000000000000000                1
   6.8228998521696251        7.6009303569627908        15.567935828603259        2.0000000000000000                1
   3.1009997025317100        5.3619068078191559        24.609464007375607        2.0000000000000000                1
   3.0899951225611133        6.0796151493541766        26.676449997264271        2.0000000000000000                1
   5.7522475024958108        3.0517987507211708        26.711027701385763        2.0000000000000000                1
   7.2200705303259323        7.2772325999327450        23.132763174622873        2.0000000000000000                1
   3.3843558316254563        4.1775856343220319        15.799289691342052        2.0000000000000000                1
   6.1261366739089427        7.9119691602632596        31.226820502416960        2.0000000000000000                1
   7.7556890223081965        6.5547055521120710        33.377643053059593        2.0000000000000000                1
   3.0631999557936207        5.9919867457666971        5.9042768984426734        2.0000000000000000                1
   3.8921031881274204        7.3568036935930463        29.300369768794884        2.0000000000000000                1
   7.7208885394245952        6.4799380148849339        32.138092327551597        2.0000000000000000                1
   7.9801894356240810        5.7937491303597772        5.7890967051356412        2.0000000000000000                1
   7.8792510767692914        4.8866861685175600        14.210265578795594        2.0000000000000000                1
   4.8680178299821222        3.1449344713733272        13.319793732284461        2.0000000000000000                1
   3.1717887766466974        5.8714663343997762        29.232894815777090        2.0000000000000000                1
   6.9750637583876465        5.6029849176862516        35.440270273375766        2.0000000000000000                1
   5.1883677123801375        3.3440419573997620        31.228664564803125        2.0000000000000000                1
   6.2555697819835210        3.1393678265426916       0.56009261863666582        2.0000000000000000                1
   3.2252061914380787        6.5016709159409718        12.544841939256479        2.0000000000000000                1
   6.9602609038510730        5.7882073020946834        31.096609624486970        2.0000000000000000                1
   4.8739511901034511        5.3390962278965510        38.791728085452839        2.0000000000000000                1
   3.8145869893279221        3.6821207482440537        11.702098116472468        2.0000000000000000                1
   3.4278335583979667        6.8733871793235046        14.022018377000762        2.0000000000000000                1
   7.7253151781250988        4.3705991030983409        20.535574851494211        2.0000000000000000                1
   4.2414789642642434        3.3654825422696204        3.1597351092839161        2.0000000000000000                1
   6.1059918670875257        5.6363498625633150        9.4294341505630364        2.0000000000000000                1
   7.9231070817850995        5.7989087978905927        19.130947185707488        2.0000000000000000                1
   5.7434622540621900        6.9836811149094249        38.040817679086516        2.0000000000000000                1
   3.7287792800871813        3.8241186973411549        31.239938959855980        2.0000000000000000                1
   4.3391698675501038        3.3058626146028876        30.585445669154733        2.0000000000000000                1
   4.4751955799312615        6.5925457955103575        4.0549662639250927        2.0000000000000000                1
   5.6934897878497601        4.0380989623757930        22.495184704654992        2.0000000000000000                1
   4.8348700107530629        4.2073230410253410        18.452676595537554        2.0000000000000000                1
   3.2748825325621778        6.4931181793349317        3.5734548006755840        2.0000000000000000                1
   5.6658115623318990        7.9859091933569530        8.2098808974470092        2.0000000000000000                1
   5.3459047622608420        6.9527209245444173        34.811501916961909        2.0000000000000000                1
   7.4296988432869693        5.9587393572352161        3.1069831520087927        2.0000000000000000                1
   3.3007572010522104        4.4160413140908759        34.477629422225277        2.0000000000000000                1
   5.4910961041569282        6.0858277731276935        25.708934614749737        2.0000000000000000                1
   5.1395414476675905        5.1239232235226559        5.6306604067265598        2.0000000000000000                1
   3.1754911071804903        4.9956692420904130       0.81988627291336924        2.0000000000000000                1
   5.2657199991021972        4.0251469910983371        35.157762354684252        2.0000000000000000                1
   3.1646866400770892        5.2689625492709986        5.1891569949169547        2.0000000000000000                1
   4.0729163958798980        5.4241751628098749        18.887361198215210        2.0000000000000000                1
   7.7463494860787909        6.2780258572877097        1.7265044459931331        2.0000000000000000                1
   7.9652127560122867        5.1485909077720091        19.894515881145111        2.0000000000000000                1
   5.1619590712977450        3.0291651027027555        35.153536693432471        2.0000000000000000                1
   7.6972966641379381        4.4004654053239411        19.267758307166982        2.0000000000000000                1
   3.1945991513335388        4.6504234630652261        7.4334558398919031        2.0000000000000000                1
   3.6794783141388616        3.7895157493509086        20.285478335942322        2.0000000000000000                1
   3.0245135392363234        5.2248576515687901        27.221803994286130        2.0000000000000000                1
   6.4643650554768888        4.3547207887532471        34.968059514352220        2.0000000000000000                1
   3.0398343011791997        5.8886075246819916        35.806799129639053        2.0000000000000000                1
   5.7588613004501639        3.0263173560917851        21.134544811239380        2.0000000000000000                1
   5.1395430294226241        3.2335153681638893        20.348047769255544        2.0000000000000000                1
   3.3884331364111104        4.2804276569681017        1.5152458209672446        2.0000000000000000                1
   5.6777876164065875        4.0465356205562681        29.271545239356513        2.0000000000000000                1
   3.1778066381531644        6.3848308814322721        39.310455590031346        2.0000000000000000                1
   6.0008840556571919        5.3377403556374370        10.531112492302562        2.0000000000000000                1
   4.9768512656880803        5.5145139103832905        12.366391758197734        2.0000000000000000                1
   5.7277562141117375        4.0278589146514099        30.545676880515646        2.0000000000000000                1
   4.5020193995271311        3.2119042635306823        17.148377352882640        2.0000000000000000                1
   5.8436212519924853        3.0418920925946442        29.249413763980520        2.0000000000000000                1
   6.6629253797686667        3.2873071076643852        29.844395833277314        2.0000000000000000                1
   4.2567524579429863        6.4386618488197485        24.840327780849030        2.0000000000000000                1
   6.5930597724599043        3.2741879017845297        21.806900042048646        2.0000000000000000                1
   7.4069528869823547        7.0971056299127939        17.575673787934100        2.0000000000000000                1
   7.3330712873230182        7.1009474608626046        34.140889116893305        2.0000000000000000                1
   5.7103024171056926        3.9054935601758927        8.4635563156071303        2.0000000000000000                1
   3.0101389638509271        5.6733357165222431        3.2803387199364820E-002   2.0000000000000000                1
   3.2214735996825699        4.4878810241262297        22.234359384439607        2.0000000000000000                1
   5.4952511106233395        3.0239524299066343        5.8759681886189723        2.0000000000000000                1
   4.6870499515114297        3.1457924791627878        14.534080733178660        2.0000000000000000                1
   5.5654932949565268        5.0492068561609438        25.783367344240293        2.0000000000000000                1
   7.9658938210556895        5.1574009389312954        21.143240879601219        2.0000000000000000                1
   6.2336368072741086        3.8369209027868965        38.148903746767765        2.0000000000000000                1
   5.1271119248172816        3.0343714287985097        32.566205831785702        2.0000000000000000                1
   7.7359764102227500        4.4563492550872450        28.426407914219549        2.0000000000000000                1
   4.5723986182791414        4.3358426427308414        16.455543054177717        2.0000000000000000                1
   7.6649900658121872        6.6492139662526810        3.8621763700866780        2.0000000000000000                1
   7.9317936311418729        4.9595988792681132        37.479268731270565        2.0000000000000000                1
   6.4615115687803737        7.7471339763243616        25.037232731495799        2.0000000000000000                1
   3.7817746162072257        3.6883507925927428        36.473849416961983        2.0000000000000000                1
   7.2198638530112591        3.6909338700739838        34.792166183113217        2.0000000000000000                1
   3.9400577757638739        5.5116027513952384        23.390800863623365        2.0000000000000000                1
   4.3854484214308895        7.7371434471142440        3.3971065609352147        2.0000000000000000                1
   5.9730233546121418        7.9492400092500706        6.0000480731117065        2.0000000000000000                1
   6.4962436785506803        7.7775963171396185        2.4763494374829893        2.0000000000000000                1
   6.9798200988097863        5.7191115539502553        23.165169052489865        2.0000000000000000                1
   7.2905201356281388        3.7755685179984253        29.205900915729750        2.0000000000000000                1
   6.2504275332222665        7.8486697777931527        28.766052185355118        2.0000000000000000                1
   3.3793359499277265        6.7922819002629087        32.687194023531134        2.0000000000000000                1
   7.8718059676407455        4.7368867573042612        7.6821526409552234        2.0000000000000000                1
   3.5564445105234985        7.0215464592211605        38.635192020354303        2.0000000000000000                1
   4.4197627851739556        3.2586538717681175        35.795346242182148        2.0000000000000000                1
   6.8884474505164590        7.5712492768744886        30.654692168343214        2.0000000000000000                1
   3.0835472365485921        6.1338986179476871        30.693286289793402        2.0000000000000000                1
   7.7483341836400870        6.5836725256333679        38.713543262814362        2.0000000000000000                1
   3.6681933787011727        3.9772739046217285        8.0518959226940563        2.0000000000000000                1
   5.6286926886994832        5.0146012516687071        28.578945081574197        2.0000000000000000                1
   5.2587609548224448        4.9533314475937180        34.482229996848723        2.0000000000000000                1
   6.7349247894877342        7.6559357074048453        33.519829628853557        2.0000000000000000                1
   6.4996289057974019        6.5704731009718333        25.707375789654925        2.0000000000000000                1
   4.9189634316368389        7.9250482669519640        23.664907999444420        2.0000000000000000                1
   3.2605731268270985        6.5186116274899062        2.1270180104247278        2.0000000000000000                1
   4.5492715587370958        3.3613214741938484        1.8677606404055842        2.0000000000000000                1
   4.7785286520158445        3.1878429939637125        5.1244936400477350        2.0000000000000000                1
   4.9364031638052506        7.9203052043407718        37.458012123732153        2.0000000000000000                1
   3.4460416977541475        4.1020590961448118        10.815372180352981        2.0000000000000000                1
   6.7460977806160338        7.6342852507131456        14.271141899946310        2.0000000000000000                1
   7.8983958739550353        4.8165007416354868        15.519838372618848        2.0000000000000000                1
   7.5885656968390345        4.2197626375282598        5.6833485087828075        2.0000000000000000                1
   3.2746368096024172        6.5177875707936188        14.994334327743182        2.0000000000000000                1
   7.6261063899093200        4.1875351584890854        25.894546119378209        2.0000000000000000                1
   3.9709709756278500        7.4291852217734649        7.1336259321993829        2.0000000000000000                1
   7.8975606759767540        5.0243228458065250        18.360224737276202        2.0000000000000000                1
   7.8193660678022212        6.4231769574498179        14.250862393887884        2.0000000000000000                1
   6.7288111470423910        7.6076937301017722        32.014149135573980        2.0000000000000000                1
   6.5285214536440206        3.2549423113303808        27.363082125367516        2.0000000000000000                1
   7.4943431173909998        4.0032037386799555       0.91603415651259801        2.0000000000000000                1
   7.9892798222238799        5.4605514688712660        2.2571156596702586        2.0000000000000000                1
   4.7792625460837597        4.2701666497934179        12.711718187605113        2.0000000000000000                1
   5.9633058135435517        3.0511192484548419        34.472977735029936        2.0000000000000000                1
   5.8216709347557778        7.9609809502239699        21.791160127523248        2.0000000000000000                1
   6.5252072731308557        4.4094880652751787        11.507115091425067        2.0000000000000000                1
   4.3262330920719023        3.3491814969016427        34.542505740880188        2.0000000000000000                1
   4.9701137507879851        6.0032544510072725        22.971313088094163        2.0000000000000000                1
   5.5660428708293281        5.0067924806381292        36.897396948168570        2.0000000000000000                1
   4.4475547370118429        7.6484554131742692        14.972609598865933        2.0000000000000000                1
   3.0687305143336308        6.0761931248520220        27.937253592120484        2.0000000000000000                1
   7.6030411526320139        6.8493900259034790        27.601411351639090        2.0000000000000000                1
   7.0925183619582262        7.4082382984250250        26.907288522051026        2.0000000000000000                1
   6.1757955116646777        7.8762733120157167        30.005086302723583        2.0000000000000000                1
   4.9586003005711587        5.6027542515039936        2.2154828535604771        2.0000000000000000                1
   7.9174380569279466        6.1118487817426779        9.5044199712330073        2.0000000000000000                1
