     1000000
           1
  0.10000000149011612     
   9.6871074546501941        9.7287162553943691        37.126482077983937        4.0000000000000000                1
   7.7619996988842077        10.863246229132256        3.7600268306160967        4.0000000000000000                1
   6.4377947627400491        9.8750587799542036        17.923578695291734        4.0000000000000000                1
   9.3588202473299127        6.1733637527802889        7.6542046097180316        4.0000000000000000                1
   7.1086350158851239        6.4529915442165180        31.386350335223611        4.0000000000000000                1
   7.8283906673307868        6.0946052515089040        2.2567071646419428        4.0000000000000000                1
   7.0346323618880744        10.516781396503811        8.7133117920348564        4.0000000000000000                1
   8.7397288626895104        10.986084574359973        32.811694059546092        4.0000000000000000                1
   6.0076444930986126        8.6743501950376096        24.787541714995129        4.0000000000000000                1
   6.2206285966956996        9.4504823120700046        30.376967856090058        4.0000000000000000                1
   7.7295120335854621        10.856013902415212        16.633998618353679        4.0000000000000000                1
   9.2560515056415653        10.866384059257582        6.4184398482833789        4.0000000000000000                1
   7.3792607872217317        6.2661781282330207        27.694572968303721        4.0000000000000000                1
   10.624637260205514        9.7884493879948220        13.907541728939869        4.0000000000000000                1
   10.964098182565854        8.1273829398225050        15.159576269701512        4.0000000000000000                1
   6.1550096201105262        9.2827132473756109        36.749420128061956        4.0000000000000000                1
   7.2334292728800715        10.650987428217320        14.968145190656035        4.0000000000000000                1
   7.7360901038060925        10.836690312949147        28.021490470633452        4.0000000000000000                1
   6.9892036433988753        10.485218040965547        18.570160207149435        4.0000000000000000                1
   9.2350417027185028        6.1137463216309493        16.868035433576175        4.0000000000000000                1
   6.1616788374183580        9.3838851858494241        10.013016236301809        4.0000000000000000                1
   8.9938565142754392        10.948678717456961        31.470255612806788        4.0000000000000000                1
   10.507999258695106        9.9856984329500769        20.999717774413121        4.0000000000000000                1
   10.981712683112255        8.6341988730556007        32.410529738105410        4.0000000000000000                1
   7.5944446567343000        6.1743603488288406        36.688919061663860        4.0000000000000000                1
   8.9368263105319823        10.958279068275340        2.1733883162308407        4.0000000000000000                1
   10.871076507387825        9.2876464898190960        20.228877533548456        4.0000000000000000                1
   9.8594374596077792        10.579482266653951        21.630331339463044        4.0000000000000000                1
   9.6497703285478895        6.2982430384400230        29.447555648862103        4.0000000000000000                1
   8.1831123710256524        6.0206599106535679        9.1867576410816678        4.0000000000000000                1
   7.0684368297165596        10.547567783992188        28.843289988778480        4.0000000000000000                1
   6.1464254232392479        7.7677775348495066        34.048607973938417        4.0000000000000000                1
   10.960589440792791        8.9234074478949257        30.156129602481538        4.0000000000000000                1
   8.0279188705040490        6.0489833720883164        28.905032959737770        4.0000000000000000                1
   6.0279599527700087        8.1335872658147981        37.553749930582107        4.0000000000000000                1
   9.9659710768427043        6.4756068734108183        12.835352527452748        4.0000000000000000                1
   10.968685627002781        8.7222248003601486        26.112890614424039        4.0000000000000000                1
   6.0330437644934181        8.7856506425704861        8.2483062052322520        4.0000000000000000                1
   9.9278400037624319        6.4715048755027205        34.696831819679261        4.0000000000000000                1
   9.7969961068082334        10.625332417664541        34.552003003593903        4.0000000000000000                1
   10.939776598838916        9.0289021092242816        31.412422801672346        4.0000000000000000                1
   10.984469276118013        8.7315142397366561        26.121663672192938        4.0000000000000000                1
   10.955740644585802        8.4362367272233296        3.2866878925520164        4.0000000000000000                1
   10.965884737958863        8.8138915302509826        11.661274016268056        4.0000000000000000                1
   10.855620603973586        7.7808173333809103        10.234873407642310        4.0000000000000000                1
   6.1053723402819502        7.7908155621665518        8.5702272728347104        4.0000000000000000                1
   6.1884193672815782        7.6031755979504458        9.8827747362785612        4.0000000000000000                1
   10.044936169089121        6.5486956644337866        6.9720186810512912        4.0000000000000000                1
   10.664956647958684        9.7467106010525519        10.623555895059333        4.0000000000000000                1
   10.397879983023561        10.097932335944712        22.399569237931274        4.0000000000000000                1
   6.1639132504990712        7.6807165835169044        35.564016382690632        4.0000000000000000                1
   6.0010350527691472        8.5108276057609391        10.548072343241969        4.0000000000000000                1
   7.2558525596100987        6.3366326761129308        38.270692999882776        4.0000000000000000                1
   7.2262187194134189        10.620685579373951        14.943439861017453        4.0000000000000000                1
   9.4218137193516345        10.812462488545474        29.681081669410361        4.0000000000000000                1
   6.8381482735023695        10.364754576837287        30.510635078562458        4.0000000000000000                1
   9.9579388523030925        10.529017982157425        14.500882727920986        4.0000000000000000                1
   6.0668268293092238        9.0597977971193462        22.582929933112300        4.0000000000000000                1
   8.7653119196450184        10.984095685997112        18.676313344489426        4.0000000000000000                1
   10.714143894073615        9.6587723923529563        37.284882474646729        4.0000000000000000                1
   7.8334668621320409        6.0997942322129433        18.278539933971942        4.0000000000000000                1
   9.8860719029609889        10.555258855801556        7.2825681851008470        4.0000000000000000                1
   7.6654112772344867        6.8742312461564863        9.1092630462258484        4.0000000000000000                1
   9.6685578290573666        10.694498315523003        32.247166639326167        4.0000000000000000                1
   9.1245052140881526        6.0820511117177842        12.301042128659018        4.0000000000000000                1
   10.043218303521259        10.458112827044616        10.985295843015424        4.0000000000000000                1
   7.8438501628763744        10.902385430307275        18.036362947275183        4.0000000000000000                1
   6.0202346125027795        8.3206604320432032        1.0581450520757070        4.0000000000000000                1
   9.2477908587020519        6.1557887435925993        22.267476966617640        4.0000000000000000                1
   7.2587970466234655        6.3613380849741539        38.198536612278438        4.0000000000000000                1
   6.4430649441433543        7.1229661921626786        25.013710834134322        4.0000000000000000                1
   10.986315486518015        8.7336333874838008        29.166711338905262        4.0000000000000000                1
   8.3857693893041354        10.957797147427614        29.992986559681878        4.0000000000000000                1
   8.6436424486585661        10.986503933316603        19.786422201486648        4.0000000000000000                1
   9.3808800825620384        6.1622921463024944        15.409079815016502        4.0000000000000000                1
   6.6131366902942741        6.8949107997921102        38.901259225648801        4.0000000000000000                1
   9.3951397657056894        6.1682098960240879        6.2679019658028974        4.0000000000000000                1
   10.598369227905193        9.8487498476806170        29.102836670982949        4.0000000000000000                1
   10.886635307973233        7.7964753142804932        18.769342207984955        4.0000000000000000                1
   8.2862638603327206        6.0165078565235603        12.973838228983700        4.0000000000000000                1
   6.0412419167287972        8.0855033410372705        28.920517688551531        4.0000000000000000                1
   10.392313407442625        10.077796783353199        19.626944196508571        4.0000000000000000                1
   6.1002310754285034        9.1977756894162201        7.2725237156690978        4.0000000000000000                1
   9.1240050610703332        6.0840615450550137        11.296794335081671        4.0000000000000000                1
   10.649207997474891        7.2233806923232216        6.2649815191188560        4.0000000000000000                1
   6.4189807112490298        7.1513279443865327        1.0258091682752157        4.0000000000000000                1
   6.1602481984089899        7.6658986717530126        13.163543709652336        4.0000000000000000                1
   8.0028519382689893        10.944117312318852        32.026012141827756        4.0000000000000000                1
   7.1028047195264161        6.4438230775291743        28.952231626034724        4.0000000000000000                1
   6.0897541955757255        9.0884858745940225        16.012123792642530        4.0000000000000000                1
   6.0007874317313563        8.5022655909578777        26.943187771047675        4.0000000000000000                1
   9.3395370471880756        6.1567946578483053        20.926634483912508        4.0000000000000000                1
   6.7885571029715850        10.320494606289902        23.299236854338101        4.0000000000000000                1
   9.3154228180472938        6.6325989318579097        33.904275766327153        4.0000000000000000                1
   10.045687198681087        6.5467733064596265        6.9678950806893134        4.0000000000000000                1
   6.0102988738759446        8.2991396539540663        30.664213109671035        4.0000000000000000                1
   7.6329586541900243        7.1117661672003107        6.5920177186424791        4.0000000000000000                1
   8.3481737641741258        6.0485964759208972        27.537710437283543        4.0000000000000000                1
   9.3511809182115542        6.1567867451801819        27.699474398026556        4.0000000000000000                1
   10.712493392851179        9.4737326370452930        35.982740609647827        4.0000000000000000                1
   7.0517665585217451        10.472947690442760        8.7159153922827421        4.0000000000000000                1
   6.7665042722594642        10.291961587656715        37.550851823933421        4.0000000000000000                1
   10.859626426277993        7.6768353879929689        32.050366681582780        4.0000000000000000                1
   6.0999300544089312        7.8056817573262984        22.944277929880322        4.0000000000000000                1
   10.932588354236074        7.9528533199574456        38.374162047599484        4.0000000000000000                1
   8.6481652594815142        6.0398021646697799        6.9554172183598109        4.0000000000000000                1
   10.993296637140237        8.4063116339791044        1.1598616640924637        4.0000000000000000                1
   9.4150935096971633        6.1820949856127170       0.61269572048507326        4.0000000000000000                1
   10.906779194919876        7.9245954258262108        26.773138393825715        4.0000000000000000                1
   7.8182034324029361        10.891011910840040        3.7175424896331948        4.0000000000000000                1
   6.2506403059210616        7.4107330047162900        31.358223176064563        4.0000000000000000                1
   7.6060371376638942        6.1662336603061076        5.0300656385204947        4.0000000000000000                1
   6.0086244321583848        8.4899820944391191        3.8743098818308983        4.0000000000000000                1
   10.992633968615879        8.5056324414551607        34.155771521383151        4.0000000000000000                1
   6.1304063419171237        7.7162238696981191       0.18339163571216313        4.0000000000000000                1
   10.617713830773901        7.1959826294877267        36.883890327769109        4.0000000000000000                1
   6.2059108859825107        9.4821580998676573        13.561649414192384        4.0000000000000000                1
   8.4418308417770742        6.0012594329141988        17.487717953764992        4.0000000000000000                1
   10.620483957605783        9.7962950085569602        11.637838474765488        4.0000000000000000                1
   8.3836156234885610        10.991125593608075        29.974829486799546        4.0000000000000000                1
   6.1576567651776122        9.3462179771947831        28.756024160657343        4.0000000000000000                1
   9.1768778242180975        10.456515143999477        10.412039975812945        4.0000000000000000                1
   10.585472329739803        7.1896172561845191        20.969191896692646        4.0000000000000000                1
   6.0528218362687394        8.0345601932848094        18.362581943414092        4.0000000000000000                1
   10.705069433333287        9.5957402648506118        32.322178347580682        4.0000000000000000                1
   6.4392457785756267        9.8822528131855254        7.9430730491198371        4.0000000000000000                1
   8.3512110170113978        6.0291886625540130        27.562721514891201        4.0000000000000000                1
   9.9810675576829713        10.511928554336984        2.6726217248463251        4.0000000000000000                1
   8.9202077328740454        10.961212537943165        2.1821937523495771        4.0000000000000000                1
   6.5515823863447515        6.9501717528557139        16.738135403197159        4.0000000000000000                1
   6.0094607363898049        8.2857998600468772        16.641980597352777        4.0000000000000000                1
   7.8067976782256245        6.1061407129467566        19.551775661250272        4.0000000000000000                1
   6.1727633767071586        9.4118256612288533        27.453334083939826        4.0000000000000000                1
   7.5440383060697860        10.793661404544608        26.546140523000833        4.0000000000000000                1
   6.3954647239721831        9.8097749472508600        16.659038321435059        4.0000000000000000                1
   9.0728086875641285        10.056857795293366        14.518848822175142        4.0000000000000000                1
   10.098391671038318        10.399918049249408        9.9823106293770039        4.0000000000000000                1
   6.7209516872666262        6.8498113570366153        17.950630001029104        4.0000000000000000                1
   10.876946427534824        9.2674764089222741        21.697969317195607        4.0000000000000000                1
   10.717952850320975        9.6467601334250848        37.302348057379540        4.0000000000000000                1
   10.073220015057016        6.5583306859698185        6.9612460601968458        4.0000000000000000                1
   6.6564999254388582        6.8128379211292627        4.7103026224597224        4.0000000000000000                1
   10.962470768326378        8.2872321921680516        13.548521307117046        4.0000000000000000                1
   9.4963444355724125        10.790372754951083        33.507689356748742        4.0000000000000000                1
   8.3259066012426182        10.977103527800942        10.317471426839612        4.0000000000000000                1
   6.4251255140607357        9.8288073624670727        21.948472539109371        4.0000000000000000                1
   10.920105828650726        7.9730791612796432        6.8954448301709261        4.0000000000000000                1
   7.5417036201108898        10.750505668978672        26.547880619761354        4.0000000000000000                1
   10.983929748005647        8.6842399660914911        36.612779890444742        4.0000000000000000                1
   6.2526886020628885        9.5618658741220930        8.9054227983746141        4.0000000000000000                1
   10.837140235241435        9.3862362806223452        4.1161162463785796        4.0000000000000000                1
   9.8256501717610529        7.4447982996450648        38.616731587112056        4.0000000000000000                1
   7.7711113549328346        6.1126541868441562        7.5258847191763021        4.0000000000000000                1
   6.2000037135099735        9.4721833907329938        30.359207387639088        4.0000000000000000                1
   10.835276891941037        9.3915123497925865        18.990978713659821        4.0000000000000000                1
   9.5052130229759317        6.2141383598490254        35.590334657564490        4.0000000000000000                1
   8.9919894124112876        10.939316254113292        38.051217932209731        4.0000000000000000                1
   6.1190335756473768        7.9838266770544495        21.790322376718034        4.0000000000000000                1
   10.841000909633799        9.2076140797029442        33.259377314429692        4.0000000000000000                1
   6.1302646711658859        9.1481222637342618        11.323165689024952        4.0000000000000000                1
   7.1971049882163136        10.619874477979351        25.614558926149993        4.0000000000000000                1
   7.7544715783473270        10.875685245038868        22.832722237162955        4.0000000000000000                1
   7.6728311403991709        10.854628673985657        9.5097437142927959        4.0000000000000000                1
   9.0079280702518361        10.939308647925497        7.6507201858732898        4.0000000000000000                1
   6.5747262127446815        10.077091180957401        2.3622551883742275        4.0000000000000000                1
   9.3955433715632761        10.827933916055590        37.121866064214935        4.0000000000000000                1
   8.5023250443446496        6.0025767838023922       0.17804719514843326        4.0000000000000000                1
   6.6295375527379043        6.8739664114535826        33.923899731697389        4.0000000000000000                1
   10.685586874461100        9.6942982908457651        26.015318941461516        4.0000000000000000                1
   6.3996094973338726        9.8424167217503875        15.282496328550614        4.0000000000000000                1
   8.3402263393312257        10.994611346440244        27.132361383981507        4.0000000000000000                1
   6.6208166137748421        6.8535688395858516        39.934904954706425        4.0000000000000000                1
   7.7482387655121343        6.1201168599538240        6.4978871766729975        4.0000000000000000                1
   10.265228158315878        10.263557235959963        36.471136630711406        4.0000000000000000                1
   10.268615799357812        6.7335046870411857        30.135386287567027        4.0000000000000000                1
   9.0126463180105407        6.0602564005877007        37.933318030520986        4.0000000000000000                1
   6.0369962899597223        8.0942607871867711        32.087699552581732        4.0000000000000000                1
   8.7185156933987589        6.0128749242661836        14.587642382544704        4.0000000000000000                1
   9.2058393481531979        10.895593593247652        26.589235719641820        4.0000000000000000                1
   7.7601544424676696        10.873082471644144        27.942064198022166        4.0000000000000000                1
   10.526844005952354        9.9620013393038622        16.249650483413333        4.0000000000000000                1
   6.6650258925162751        6.8116656668326847        13.292249438638592        4.0000000000000000                1
   10.239854724520050        9.0538685211004530        12.310866973934575        4.0000000000000000                1
   10.912304399243713        7.8598598008654106        4.1862258479821248        4.0000000000000000                1
   10.472428865889198        10.010804250838714        12.620766697779327        4.0000000000000000                1
   10.994464584163016        8.5951153782481544        24.936168686477814        4.0000000000000000                1
   10.738598341307084        9.4937279796456373        35.982344300027471        4.0000000000000000                1
   6.1331649540598860        7.7531537901047161        8.5647990267930822        4.0000000000000000                1
   6.2058678611033704        7.5136411027221319        19.940813463795070        4.0000000000000000                1
   6.0417191984672289        8.4397942329051165        5.0585211008393092        4.0000000000000000                1
   6.4516748917984383        7.0669531035971032        23.553090249548909        4.0000000000000000                1
   7.6410340557826233        6.1610823567103781        35.356107198586905        4.0000000000000000                1
   6.1838006453092138        7.5838610686600720        9.9087466274640299        4.0000000000000000                1
   6.0594051620883667        7.9735684750153446        3.0095787011079622        4.0000000000000000                1
   10.893629192579532        9.1975334235085473        15.718125726385349        4.0000000000000000                1
   10.555700072460827        7.0905426571547325        38.013924447155617        4.0000000000000000                1
   8.1810898331642221        10.368172244810797        7.3337285188236372        4.0000000000000000                1
   9.9896669229099242        9.5035037074220341        17.023232036310656        4.0000000000000000                1
   10.270846469118815        10.264039991853538        32.931597870954690        4.0000000000000000                1
   10.607955229978343        7.1597324200327197        19.534502973056217        4.0000000000000000                1
   9.4162845418539973        6.1781452879027761        19.611900826264026        4.0000000000000000                1
   6.5782672904738977        10.085176229971047        1.3248973584330956        4.0000000000000000                1
   6.1041316466128412        7.8354179353297324        24.196447746579423        4.0000000000000000                1
   9.8824836835067913        10.571566820721589        7.2799392411341808        4.0000000000000000                1
   7.1289065201310216        6.4297847463358027        2.9322525952473559        4.0000000000000000                1
   10.275069526225838        6.7397628975991024        32.213230742616190        4.0000000000000000                1
   6.6588174719199626        6.8581180840109361        39.938984770710753        4.0000000000000000                1
   6.3347754170517705        9.7393096282913518        35.769166081562503        4.0000000000000000                1
   10.788687902378967        7.5268370510763081        14.258767555869110        4.0000000000000000                1
   8.5182863365857902        6.0026841973305576        5.8114662770964580        4.0000000000000000                1
   10.398217732823428        6.8886204695527269        33.916516049805992        4.0000000000000000                1
   7.4432152845418420        9.9056041686619167        7.9624931544869746        4.0000000000000000                1
   6.6598500397448399        6.8283356175333285        10.545173312392592        4.0000000000000000                1
   10.642460364131708        7.2233551094561275        39.435047484503997        4.0000000000000000                1
   6.2275113697983384        9.4324887670885076        37.741260594946510        4.0000000000000000                1
   10.002414816072493        6.5076592422540376        21.652920228299909        4.0000000000000000                1
   6.6038092586989210        6.8986614420043662        9.2429656502447681        4.0000000000000000                1
   9.7279702218545285        10.641804658816149        25.637656988095813        4.0000000000000000                1
   8.0640212156065765        6.0421709339594809        30.738756408414794        4.0000000000000000                1
   10.798490364563575        9.4248110744202762        23.037271633514731        4.0000000000000000                1
   6.0485924679147143        8.9806197624786961        21.279625375259414        4.0000000000000000                1
   6.6181466038224066        6.8574616036356844        28.070222897597297        4.0000000000000000                1
   8.9560636804408791        6.0479462934955750        2.6807405224027976        4.0000000000000000                1
   10.101818761383422        6.5917359622195368        20.237176858299673        4.0000000000000000                1
   8.3460635448893896        10.994702469289043        27.112263937466722        4.0000000000000000                1
   6.8601270516855219        9.2013746100835192        24.756542832101324        4.0000000000000000                1
   8.3711928369873334        6.0140746516594952        15.620058916952706        4.0000000000000000                1
   7.9774536392384023        10.938436646007787       0.37482604029597738        4.0000000000000000                1
   9.8032828326552952        10.586448159744535        21.624044982585826        4.0000000000000000                1
   6.9564101876133613        10.454150211942258        24.616721933211277        4.0000000000000000                1
   6.4096524931796113        9.8707718889521239        19.137178536378681        4.0000000000000000                1
   10.870179187417813        7.7049568018384242        28.377058629055398        4.0000000000000000                1
   9.0533366034757154        6.0792871592836191        28.665869956257602        4.0000000000000000                1
   7.7432195427105901        10.869101085102379        3.7665023555640533        4.0000000000000000                1
   7.2886237256973221        6.3206637850891729        12.549244395070733        4.0000000000000000                1
   6.4128140147148631        9.8609015782409664        19.124485864241613        4.0000000000000000                1
   9.8102527415407526        6.3834439863749450        31.311230644922688        4.0000000000000000                1
   6.0183296073195329        8.4584847443595716        19.406770560680147        4.0000000000000000                1
   9.3768987913359716        10.828599578849008        27.899094459409604        4.0000000000000000                1
   6.6607378089123284        6.8142382486076540        3.2972882025792766E-002   4.0000000000000000                1
   7.1973570293483293        6.3673500718634459        3.9938689324146526        4.0000000000000000                1
   9.7883534768755815        10.612465263020066        21.614813749630528        4.0000000000000000                1
   7.0796233348980619        6.4506298873100008        11.470558849062371        4.0000000000000000                1
   7.8875514282268782        6.0804477742234493        25.478553504128488        4.0000000000000000                1
   7.5189186673264352        10.788629289781626        38.022612824537262        4.0000000000000000                1
   7.0217169828822827        6.5213433927763145        22.889064338146351        4.0000000000000000                1
   9.0337510778728198        6.0970358823783286        39.329181666691049        4.0000000000000000                1
   7.5276114233606553        10.790718368773549        23.807240967592602        4.0000000000000000                1
   9.8812351023560723        6.4167352020965627        24.365051028841425        4.0000000000000000                1
   6.6506688297198551        6.8746266178563848        33.914235525342555        4.0000000000000000                1
   10.549996276674399        7.0699650936183289        31.278897334412012        4.0000000000000000                1
   6.6837273855397852        10.206190098679619        39.738411220804544        4.0000000000000000                1
   7.5133503020284209        10.765361899593641        39.496240886495308        4.0000000000000000                1
   6.8862576778935152        9.5344235871410028        19.950104421456302        4.0000000000000000                1
   9.0454274128356342        10.939089895165486        39.331847579129402        4.0000000000000000                1
   10.298030239706668        10.222484895287874        1.7679830004185713        4.0000000000000000                1
   7.3030149786781058        6.3131949462349999        17.312484657305269        4.0000000000000000                1
   10.797582968004892        7.5181990155019109        25.790102678924288        4.0000000000000000                1
   9.3110554394308505        10.843920784113346        9.4542512604731463        4.0000000000000000                1
   6.1130992557225277        8.9312441782978205        2.4341255977613168        4.0000000000000000                1
   8.9377364792275653        10.932631803749626        28.792925623663699        4.0000000000000000                1
   8.0356433576752782        10.941378476977016        32.016032046034951        4.0000000000000000                1
   7.0953486150499918        6.4504135171282799        31.391124566629344        4.0000000000000000                1
   9.1676681954490054        6.1048509353476783        26.331107879610308        4.0000000000000000                1
   7.1354411545514793        10.563213457384826        11.907250028815080        4.0000000000000000                1
   10.885869813802984        9.2180537331712085        8.6707751576050516        4.0000000000000000                1
   6.6633519859353392        6.8536275508670759        38.933702720031448        4.0000000000000000                1
   6.0164754918960384        8.6750996686980812        38.411175524612787        4.0000000000000000                1
   7.0231021971139223        6.5189365698272095        5.8571309383307906        4.0000000000000000                1
   10.822484892347431        9.3944615648376164        1.3840319165034123        4.0000000000000000                1
   6.1630956317928067        7.6330459341859695        17.430963325658862        4.0000000000000000                1
   10.790929763110244        7.5174267689165095        25.788639640745242        4.0000000000000000                1
   10.815568604540619        7.5967771966237274        33.263889751298237        4.0000000000000000                1
   10.818778470615664        9.3889104243889516        18.993327776137381        4.0000000000000000                1
   6.8958169962882803        6.5967870134795925        25.740625931335433        4.0000000000000000                1
   10.342310474724970        10.189712687043180        31.593256339878973        4.0000000000000000                1
   10.647306123116193        7.2320343377169536        13.281428918572393        4.0000000000000000                1
   10.495413474227306        10.001460848204511        6.6082465057534838        4.0000000000000000                1
   7.0815000260365641        6.4529525536635175        24.386992576963571        4.0000000000000000                1
   7.6926118769078426        6.1355880988235132        23.589086308191099        4.0000000000000000                1
   7.1438318309861799        10.598084795283629        32.523039350152573        4.0000000000000000                1
   9.6627257615790576        10.695779015074425        8.3681920622667487        4.0000000000000000                1
   7.4331579554721818        6.2540531194468318        39.487928103544739        4.0000000000000000                1
   10.961106707757640        8.1197522509921036       0.16354937002024394        4.0000000000000000                1
   6.4802222482227485        9.9693043411408162        20.754904226818056        4.0000000000000000                1
   7.0444563023436277        10.523355711394546        7.2137183898110777        4.0000000000000000                1
   10.763905042497276        7.4495938627194063        1.4444557633600437        4.0000000000000000                1
   6.0103689660960429        8.5850136005924593        9.2307285255070024        4.0000000000000000                1
   10.383666763525182        10.081847858574042        19.617193660740913        4.0000000000000000                1
   6.8476526456998421        6.7239402700096917        26.964838871752832        4.0000000000000000                1
   7.8651643291154398        10.917564004833981        18.078199493566192        4.0000000000000000                1
   8.5381680938603761        10.711809288130748        13.230911759643826        4.0000000000000000                1
   10.159096815911210        10.363082349404795        37.763019823606840        4.0000000000000000                1
   6.1041195300353497        7.7930246322982990        39.008903668451488        4.0000000000000000                1
   6.4832761990854051        9.9685657132099710        29.509664646309023        4.0000000000000000                1
   7.8640579466037162        6.0840265605806554        33.045836909301933        4.0000000000000000                1
   10.435974835363496        10.079914287722390       0.76237165185947797        4.0000000000000000                1
   9.2155324552828830        10.888425507418249        16.372608255383263        4.0000000000000000                1
   9.8157942940260750        10.609200609145383        20.400235643900999        4.0000000000000000                1
   6.9500011009685485        10.439402754977401        10.110321897536314        4.0000000000000000                1
   10.480908543218408        10.002826657633987        6.6145952366018612        4.0000000000000000                1
   8.7338422458129923        10.965188867020727        36.372565883935863        4.0000000000000000                1
   8.1690124802442110        10.958640566241140        15.645986326848911        4.0000000000000000                1
   6.8678828511099468        6.6098925304120311        34.862819322993253        4.0000000000000000                1
   6.9749944167821711        10.464051915180326        27.325734891232887        4.0000000000000000                1
   6.5650155129071663        10.040767177355569        28.135909965102488        4.0000000000000000                1
   7.6644418350680974        6.1964600918920940        34.032143936379519        4.0000000000000000                1
   10.971875364669510        8.8449969866609308        6.3474249895975099        4.0000000000000000                1
   10.657634641072239        7.2411028218323814        13.287186923354854        4.0000000000000000                1
   10.126578399456024        6.6180631284079814        4.2865007517940477        4.0000000000000000                1
   9.0501600738161141        6.0926921220933119        39.334830539690110        4.0000000000000000                1
   10.463226654214523        10.037552130857048        25.064660963564286        4.0000000000000000                1
   9.5909196406068666        6.2561954020654387        1.9330784468526241        4.0000000000000000                1
   7.5911902535249931        10.808875617568004        36.550625253284764        4.0000000000000000                1
   6.1205608015972075        7.7764199546527211        7.2294787230371753        4.0000000000000000                1
   8.9809767226244404        10.939543316256177       0.41498887748424079        4.0000000000000000                1
   10.833852945851334        9.3853509472725047        24.315754867009652        4.0000000000000000                1
   7.6452804102007823        10.839741870211524        34.668855756221049        4.0000000000000000                1
   6.6833502350424610        6.7849557388850856        37.037906234174244        4.0000000000000000                1
   6.3700053475569423        9.7820574040065580        32.127294439121663        4.0000000000000000                1
   10.559525415357506        7.0830057414040928        37.999243059251221        4.0000000000000000                1
   6.0139806009278800        8.6285141574215967        28.055917752586826        4.0000000000000000                1
   6.9861107222156029        6.5315841935136572        11.478048724596267        4.0000000000000000                1
   10.367303418848401        10.143859704418078        9.0352150514202947        4.0000000000000000                1
   6.2061125353367448        7.5939050183481545        9.8861359542207463        4.0000000000000000                1
   6.8060128893660208        10.304461534305322        23.279506357091662        4.0000000000000000                1
   10.978642164264928        8.5878929096175813        23.666108779757121        4.0000000000000000                1
   10.896669724508863        9.2035837613728742        13.098438076487595        4.0000000000000000                1
   10.189452098004184        6.6640929845527292        8.2998744570739120        4.0000000000000000                1
   8.0721612935562828        10.957701589750405        30.944714481500668        4.0000000000000000                1
   7.8557506451051626        6.0978489553598898        22.289847010605545        4.0000000000000000                1
   10.454778301904994        9.9983338739056364        16.270628908651755        4.0000000000000000                1
   6.2058451725560246        9.4648927023150673        13.553474622890006        4.0000000000000000                1
   6.0421401371284738        8.1264796914710864        11.963000781450054        4.0000000000000000                1
   7.9334386850971406        10.927355109979528        2.4547693190267852        4.0000000000000000                1
   10.043302848864156        6.5361344730462179        14.237215036002281        4.0000000000000000                1
   10.609017807369085        7.1922039334729337        7.5331282967587390        4.0000000000000000                1
   10.924161594497665        7.9642225563752902        9.1630742056393295        4.0000000000000000                1
   6.0242092734147246        8.4755264065247466        6.4997154260836831        4.0000000000000000                1
   6.0076546258220747        8.4602854663234464        36.180917676829687        4.0000000000000000                1
   7.3672330287894772        6.3075519348202764        30.000853869176101        4.0000000000000000                1
   10.987356136882134        8.7439206335841284        26.135315133235828        4.0000000000000000                1
   7.4779300531438375        10.771967131391966        13.605855997925019        4.0000000000000000                1
   10.650151915389927        7.2527787047941485        13.300709602134919        4.0000000000000000                1
   8.2151067011911643        10.972237826378134        38.733987959387285        4.0000000000000000                1
   6.9656135057465809        6.5298856188982395        33.028480688723320        4.0000000000000000                1
   7.7150531715940751        10.834643952254131        19.334418833430401        4.0000000000000000                1
   10.988299311582338        8.7328197715218909        29.164510113066346        4.0000000000000000                1
   9.4074546410890409        6.1788390069880919       0.61849117130695197        4.0000000000000000                1
   8.3506632115074009        10.986449044448038        1.3184066397932597        4.0000000000000000                1
   6.2723954926934482        9.6229320416267843        8.9016289324333489        4.0000000000000000                1
   10.559427408485108        7.0869219552902756        38.036145928911921        4.0000000000000000                1
   10.913660645829054        7.8512148386872820        4.1583208352889063        4.0000000000000000                1
   6.9643007528814653        10.440922269537634        27.307790809297174        4.0000000000000000                1
   6.8634517768856309        10.372988666446613        3.9777267957564613        4.0000000000000000                1
   6.4679958191140328        7.0599402886077467        3.6428259040034736        4.0000000000000000                1
   6.4420867100298302        7.0935973601348516        22.235702068244940        4.0000000000000000                1
   6.2019119059656580        9.4653737186219988        37.765586020659697        4.0000000000000000                1
   6.4400113433173409        7.1020254733162309        22.257579971516439        4.0000000000000000                1
   10.621611073578904        7.2049413986016182        7.5332854642995404        4.0000000000000000                1
   6.6188379301116624        6.8572529132099502        30.565151785417999        4.0000000000000000                1
   8.2087985141298869        10.947111352733225        5.5274648249049791        4.0000000000000000                1
   6.1417418473051626        7.6956528427617235        1.8850535525612806        4.0000000000000000                1
   7.5451351162256568        6.2160105289932730        34.008461071544133        4.0000000000000000                1
   6.9117309344889124        10.412980810135345        38.754870841920734        4.0000000000000000                1
   10.817125143301480        7.5974859049719310        34.664072833716013        4.0000000000000000                1
   10.611749491192635        7.1765286009839482        7.5459570842738906        4.0000000000000000                1
   6.0329237573982679        8.6837511515917267        29.734084429159441        4.0000000000000000                1
   7.5739023150793043        6.2174703968053278        34.091729875818352        4.0000000000000000                1
   8.6374791489984073        6.0151214212546753        18.967316250853418        4.0000000000000000                1
   8.6522205752773598        6.0705021498687843        14.526770321010074        4.0000000000000000                1
   9.4548755627240855        6.2032447018455406        10.292784683405689        4.0000000000000000                1
   8.9206604855321689        10.963719789093586        28.805760806739965        4.0000000000000000                1
   8.5798644725131314        6.0031318055098568        4.5903884976124605        4.0000000000000000                1
   6.7976796818138041        10.312447587891615        12.840803474997047        4.0000000000000000                1
   10.949388734469904        8.0165365143123495        37.367674140228161        4.0000000000000000                1
   8.2148561592142801        10.978871738539983        21.697843405382386        4.0000000000000000                1
   10.478930914115706        7.0656169937024194        10.945023532264514        4.0000000000000000                1
   8.0361504285692131        6.8030075350457571        4.3268692779870435        4.0000000000000000                1
   9.7478144698623517        10.595158517054131        13.020620131746636        4.0000000000000000                1
   9.0025910406264327        10.943089215631446        7.6526588550617500        4.0000000000000000                1
   6.5275898632207516        7.0170367305499148        7.9592175287817799        4.0000000000000000                1
   10.620355812233967        7.1940875574969763       0.48489068216643089        4.0000000000000000                1
   7.6929210719141548        6.1419554457314129        20.857798203411473        4.0000000000000000                1
   10.561391100086341        9.8909513730514647        14.995695329414175        4.0000000000000000                1
   10.924796947603925        7.9446892763890649        16.214158413388429        4.0000000000000000                1
   9.9871731416857106        6.4984412853573490        11.626207531889371        4.0000000000000000                1
   9.6277208610129357        10.715650615829587        32.229669150426410        4.0000000000000000                1
   6.1871637500691943        7.5626054234742899        29.981957987276484        4.0000000000000000                1
   10.165534154057822        6.6360812395466242        5.6035203276485310        4.0000000000000000                1
   7.0645382355669017        6.4701194732899650        18.883958808148343        4.0000000000000000                1
   6.4027879609407199        7.1642132090493407        29.067008928090193        4.0000000000000000                1
   7.6722527889727523        6.1450921859192897        20.834664027618658        4.0000000000000000                1
   7.5288454287429429        6.1983206936130211        13.871988807111965        4.0000000000000000                1
   6.0876485337807980        9.0295732844125105        21.286333181678351        4.0000000000000000                1
   7.7766521661197325        6.1087193163446729        7.5164016526691277        4.0000000000000000                1
   6.0178161436462796        8.5501493341225565        9.2500436392388288        4.0000000000000000                1
   7.2721414757851708        6.3401301024922647        9.8632086385720044        4.0000000000000000                1
   7.0776465924162038        10.554563603445574       0.58906316074052723        4.0000000000000000                1
   6.6124683222996916        10.110257889643277        14.267743065225234        4.0000000000000000                1
   10.829573852801269        9.3752657890417765        18.975725202807851        4.0000000000000000                1
   6.2870154701704619        9.6627620005069179        12.186846442189733        4.0000000000000000                1
   6.6160167099149678        6.8571887813739520        38.851245424822068        4.0000000000000000                1
   8.2888726255615186        10.987936390821059        25.758733458153028        4.0000000000000000                1
   6.0379676434000960        8.7774755895619272        17.586919918188350        4.0000000000000000                1
   9.8542895147263447        6.4283715363494638        38.728303617800400        4.0000000000000000                1
   6.2535090731350484        7.4533520421388459        15.918978927061145        4.0000000000000000                1
   9.8802552205412386        6.4207268509359210        2.9419242789440108        4.0000000000000000                1
   7.1960871146006280        10.630127010449057        5.9530097891022891        4.0000000000000000                1
   10.044190126280899        6.5425841393433082        6.9491380689174784        4.0000000000000000                1
   9.5839089855077013        10.746532525637145        19.403434480612042        4.0000000000000000                1
   6.6731784660367870        6.8282021773659745        17.962908929470867        4.0000000000000000                1
   10.349402158065185        10.083458860579944        23.766942643265629        4.0000000000000000                1
   9.2485358787210092        6.1195930741755422        22.246131766428576        4.0000000000000000                1
   8.2598445592640353        10.986769064906806        37.315269658088212        4.0000000000000000                1
   7.2774966176177296        7.3784874741004263        15.717233534452442        4.0000000000000000                1
   10.681726665605600        9.7132884830920165        30.724086944843513        4.0000000000000000                1
   8.4368885869584478        10.985688979814364        4.5087876348703730        4.0000000000000000                1
   6.2041937020635025        9.4057670772330990        4.7175278657542599        4.0000000000000000                1
   6.4633613261428691        9.9423565801667415        6.5390589083760480        4.0000000000000000                1
   10.122405659897389        6.6228417996943145        20.246740943829813        4.0000000000000000                1
   7.4805184825453646        10.776452333830585        10.915491288418174        4.0000000000000000                1
   6.0503135489142794        8.0584959434221233        18.370303218284000        4.0000000000000000                1
   9.9288096459142210        10.544370689164115        38.979945142549603        4.0000000000000000                1
   6.8049899239513563        9.2997530930116685        23.244736476587359        4.0000000000000000                1
   10.933551381282859        8.7382789648428503        18.162966366056633        4.0000000000000000                1
   8.6061562754660237        6.0451227587668441        29.760432912828001        4.0000000000000000                1
   10.995709033183905        8.5441225990549032        27.584386406938762        4.0000000000000000                1
   9.9823003993569959        6.5127119193790008        28.417262362822129        4.0000000000000000                1
   10.263392841126819        10.252655845875767        28.220822545718018        4.0000000000000000                1
   6.1311875232944644        9.2171939553299875        33.701361355353427        4.0000000000000000                1
   10.899551843954047        7.8306000495735919        18.774197516018059        4.0000000000000000                1
   10.831950460616092        9.3858877030772572        1.4488985464292701        4.0000000000000000                1
   10.004036357440985        6.5390103274772686        25.901071979503349        4.0000000000000000                1
   6.5953492995604508        10.116186352366238        5.3374163941695265        4.0000000000000000                1
   6.4277829151625721        7.1032497023738417        2.6421593860571004        4.0000000000000000                1
   10.716316112840120        9.6399130955340269        5.5293272322736229        4.0000000000000000                1
   10.896202656882998        9.1808908061340553        33.266007250273219        4.0000000000000000                1
   6.4899761223364028        9.9790055678111624        29.542219613580777        4.0000000000000000                1
   8.4894170706100862        6.0409182392118899        21.502573102723105        4.0000000000000000                1
   9.2898056021693574        10.017192849566543        32.902869507366624        4.0000000000000000                1
   6.7427451722949092        9.1546098225580632        26.669058478907484        4.0000000000000000                1
   7.0667911966758918        10.539059335098822        28.859827961990380        4.0000000000000000                1
   9.3891851431182296        6.1720899737184478        30.419402478408831        4.0000000000000000                1
   9.1653043608946057        10.880870728393324        3.1715183753491361        4.0000000000000000                1
   9.5068826635558406        6.2142441450902854        35.589844436122796        4.0000000000000000                1
   6.3525334443523676        7.2239707897768879        18.897046250544360        4.0000000000000000                1
   6.9596014858006425        10.461794214359493        16.049634848752273        4.0000000000000000                1
   7.7400516142574309        10.874713665213445        33.313356345721537        4.0000000000000000                1
   10.926515015198992        8.9875426254126332        14.620786870812152        4.0000000000000000                1
   8.4991816596217422        10.967536790918389        23.494747925581304        4.0000000000000000                1
   9.1041225215691917        6.0845209881514091        11.298535943230375        4.0000000000000000                1
   7.0651398676120403        6.4578371438322124        24.410634643515603        4.0000000000000000                1
   6.0092620400489443        8.3482284382925229        15.294193312879182        4.0000000000000000                1
   7.2611314636687680        6.3299424959385293        9.8702598783132789        4.0000000000000000                1
   6.3653145539522384        7.2476062349654429        37.905438314913113        4.0000000000000000                1
   10.990449672456647        8.5080546490699014        34.137169526288929        4.0000000000000000                1
   10.490584461530666        9.9799869842664357        3.3677991668179819        4.0000000000000000                1
   9.3059012840063886        10.854435655193264        17.843831640219889        4.0000000000000000                1
   8.5956576006390417        6.0564972801798387        29.750801610964430        4.0000000000000000                1
   8.2033907500885164        10.981214591167893        14.628910689373635        4.0000000000000000                1
   6.4624810134156663        9.9018124927093467        17.932180172427486        4.0000000000000000                1
   10.829056223116501        9.3944470823353843        19.003261719620593        4.0000000000000000                1
   8.5025475629322678        6.0145399742733954        36.167232556949614        4.0000000000000000                1
   10.945193685971683        9.0139936000463994        14.688055409424786        4.0000000000000000                1
   6.0393631010393891        8.9405170945351067        25.929615555145574        4.0000000000000000                1
   10.351810379811655        10.126568019456686        9.0191334173630189        4.0000000000000000                1
   8.8760841614969390        6.0387870313336789        33.105579421084649        4.0000000000000000                1
   9.7078484037846149        9.9275212832802584        26.341072063377613        4.0000000000000000                1
   6.9898004952598685        6.5172974488656532        20.177786168414624        4.0000000000000000                1
   10.474017540060796        6.9835384459401384        29.180394998045315        4.0000000000000000                1
   6.2811204217001624        7.3521993210898389        33.091612050423265        4.0000000000000000                1
   9.0402939608269470        10.939496420888913        22.345016095376369        4.0000000000000000                1
   6.1265701509573507        7.7306751801394844        34.064507718994328        4.0000000000000000                1
   9.7979051394727872        10.630812618683796        34.556454223576026        4.0000000000000000                1
   7.7437505561357209        10.129919536281481        37.273508254022872        4.0000000000000000                1
   6.1533459086098530        7.6379484505508950        4.4114557140733019        4.0000000000000000                1
   10.311310245699522        6.8288144446235588        15.167494647584798        4.0000000000000000                1
   10.469183009290505        6.9852676169825383        29.168275330288868        4.0000000000000000                1
   6.1370513611466722        7.9902489713908187        25.518311591550617        4.0000000000000000                1
   10.879713298466356        7.7942301944676959        24.334338687611417        4.0000000000000000                1
   10.705630875815025        9.5945915313850225        32.313648748468879        4.0000000000000000                1
   9.9656054050131875        10.509852641926328        17.047908432415490        4.0000000000000000                1
   9.7725354252585230        10.647657589498239        23.156489782200097        4.0000000000000000                1
   6.2519827089531388        7.4399733319268480        5.3938599354460806        4.0000000000000000                1
   10.936534886595620        7.9930132774182523        30.918003408529206        4.0000000000000000                1
   10.996369992474804        8.4900265617567552        39.223967704117413        4.0000000000000000                1
   8.3504789409733142        10.992930192527034        1.3337996440976336        4.0000000000000000                1
   6.4409282894378643        7.0963800053263508        23.574701634692286        4.0000000000000000                1
   10.891265080568582        9.2167560828542427        8.6634576696337895        4.0000000000000000                1
   6.9809882025790264        10.482932189591937        8.7132390633355286        4.0000000000000000                1
   7.7010004793174014        10.859671706748559        19.251638309916149        4.0000000000000000                1
   8.4902166110698971        6.0182112634617821        21.490590335312213        4.0000000000000000                1
   8.5692299038273223        10.998975270649730        8.7192186932906175        4.0000000000000000                1
   9.6591740569135069        10.704745348455237        32.256546461133915        4.0000000000000000                1
   6.1454941348909315        9.3142737823181516        5.7473388240338403        4.0000000000000000                1
   6.2527411555174339        7.4295019201578976        15.897381525765422        4.0000000000000000                1
   6.3981857198376861        7.1693716268803804        1.0500098863348541        4.0000000000000000                1
   8.6248000784392040        6.0213748476233704        34.348991796938407        4.0000000000000000                1
   6.5365381838560213        10.040832045450248        34.680452141848711        4.0000000000000000                1
   6.2335723596051773        7.4519030761399954        11.220727820311614        4.0000000000000000                1
   8.8521984062148498        6.0411810363504319        31.431103128852719        4.0000000000000000                1
   6.0001210870737669        8.4971253016378565        3.9209058062719735        4.0000000000000000                1
   9.9048703347747917        10.560097718270544        4.0945996357119728E-002   4.0000000000000000                1
   9.3521515624819358        6.1656317179884326        27.711929339662326        4.0000000000000000                1
   10.865410303973807        9.2877448223889818        28.315841229947960        4.0000000000000000                1
   6.1303571778334804        7.7095859016125097        1.9041320465287299        4.0000000000000000                1
   6.2281848153909731        9.5428086202559861        24.037817120685336        4.0000000000000000                1
   10.025891265572605        10.473772092738509        27.203835387270399        4.0000000000000000                1
   10.132935675080363        10.383386492923538        18.527449258033634        4.0000000000000000                1
   10.964131031603685        8.1010517895019412        22.119289600535247        4.0000000000000000                1
   10.010007389329564        6.5081002530458747        39.866527296953279        4.0000000000000000                1
   6.7618751861314239        10.295629560789864        37.579797385689034        4.0000000000000000                1
   6.0874597195302327        9.0851628030624365        11.363250697809820        4.0000000000000000                1
   10.909782605704995        9.1341322988168443        17.158546250973064        4.0000000000000000                1
   9.5618348304053260        10.748524860821920        4.1106121095314290        4.0000000000000000                1
   9.9141014528774054        6.4451560037528646        34.683481841547710        4.0000000000000000                1
   7.5424468101311044        6.2392326461866574        14.882916198624079        4.0000000000000000                1
   10.895628169059453        7.7900560134488801        17.543815321367656        4.0000000000000000                1
   6.9679555480312780        6.5247636269815974        7.0638662684772306        4.0000000000000000                1
   7.0623034071576045        10.542982942421487        7.2274292287408315        4.0000000000000000                1
   7.0724902632898869        10.539208511414543        20.073370938747992        4.0000000000000000                1
   6.6494041759742046        6.9515832437366099        9.2385362499269483        4.0000000000000000                1
   7.9976962392045614        6.0557711050007867        16.561951751134355        4.0000000000000000                1
   7.9277392649799241        6.8790034856914550        21.537652541993275        4.0000000000000000                1
   10.962704404117114        8.7639417408058318        2.3094413488816423        4.0000000000000000                1
   6.7961814944189820        6.7016964935043442        26.967248040661588        4.0000000000000000                1
   9.6492790876489494        7.2076418718549826        6.3114028803349136        4.0000000000000000                1
   7.5142638017197854        6.2144559664633565       0.92748755918538106        4.0000000000000000                1
   10.455666548777762        6.9830057851663607        24.977797519401239        4.0000000000000000                1
   6.0547338334977292        8.0888345792164174        20.748070043260196        4.0000000000000000                1
   6.9001319763498037        6.5834545406181331        35.907869582298119        4.0000000000000000                1
   10.083892010295841        10.390648526279820        9.9824433545651861        4.0000000000000000                1
   10.898664060196916        9.1868329328442577        15.698277073710699        4.0000000000000000                1
   7.7538057949805443        10.878975177220493        12.633545423004476        4.0000000000000000                1
   10.846146000106264        9.3439419260135761        34.710861321832908        4.0000000000000000                1
   10.253211690343235        9.0345374506787675        12.334528768143990        4.0000000000000000                1
   10.449537610221588        7.0471401874433370        10.922157863245056        4.0000000000000000                1
   9.5704235203052335        10.715701980783464        4.1077616265581449        4.0000000000000000                1
   9.8072819766563128        7.5071037624045864        39.945910433350313        4.0000000000000000                1
   7.1134306593966050        6.4245471894731470        31.383708300062384        4.0000000000000000                1
   10.823600536223481        7.5816941090456984        14.268544536560272        4.0000000000000000                1
   9.7247357601571256        10.674774328303384        25.631050862413431        4.0000000000000000                1
   6.4634297020382796        7.0545923889864106        12.224829652690884        4.0000000000000000                1
   6.0933556515078964        9.1696923255818987        11.315670642737466        4.0000000000000000                1
   9.4645546885010621        6.2137519323269688        9.0124894662459312        4.0000000000000000                1
   7.9786678430495730        10.926024672561674        6.5110688122120779        4.0000000000000000                1
   9.8772955996506830        10.562066970094053        15.643672357273646        4.0000000000000000                1
   8.0804820415472420        10.957246886606272        35.586792872048051        4.0000000000000000                1
   10.770941764995623        7.4708401019002562        1.4580943684757000        4.0000000000000000                1
   10.872339549657275        9.2849768480018415        20.205375656094045        4.0000000000000000                1
   10.161809181645511        9.0044113409605053        11.081203899884320        4.0000000000000000                1
   6.3583282001165742        9.7681244845946171        32.128460986254268        4.0000000000000000                1
   6.0362576481880801        8.9056584100466516        32.749751975835750        4.0000000000000000                1
   10.833733940210045        7.6108065388829846        29.975382709700686        4.0000000000000000                1
   6.6267373210319880        6.9151839902859331        32.161435386710117        4.0000000000000000                1
   10.554558102371665        7.0875849548500938        12.266415969444141        4.0000000000000000                1
   10.234057732500888        10.288186478273111        29.959781584423460        4.0000000000000000                1
   10.948588485767990        8.0141425958756205        5.6517138535996079        4.0000000000000000                1
   7.2490755337695658        10.611441222179138        31.402375010950131        4.0000000000000000                1
   6.4298230293019207        9.8929947685999053        25.356564969504547        4.0000000000000000                1
   6.0997969794991960        9.1766876287462562        14.521560789516538        4.0000000000000000                1
   10.886894192683238        9.1941117826406487        13.118487267641909        4.0000000000000000                1
   6.1528016840213358        9.3502479873986708        28.753181173343776        4.0000000000000000                1
   7.4776672491989995        10.781258315322837        4.7301201625005156        4.0000000000000000                1
   9.9403691732658555        6.4588933320314874        26.937339020413695        4.0000000000000000                1
   10.992139556527089        8.4020922926252446        1.1563305138708933        4.0000000000000000                1
   6.4340651499742814        7.1368096943537926        20.842394259167655        4.0000000000000000                1
   10.891039770941633        7.7818657818370207        11.561830631576198        4.0000000000000000                1
   6.9954731698939288        6.5068720437219802        21.540074395440318        4.0000000000000000                1
   6.1663188843268442        7.6151427744380067        36.700104340380953        4.0000000000000000                1
   6.0662601738064108        8.8439300144228383        2.4215901737923327        4.0000000000000000                1
   10.910109301394630        7.9584572895427028        16.203038268824965        4.0000000000000000                1
   7.2216471540854279        6.3649134680084298        8.3358305709912166        4.0000000000000000                1
   9.1228118358569468        6.0834938280396260        25.046537306907098        4.0000000000000000                1
   9.2465055711259048        10.879929152953961        5.2469403669218266        4.0000000000000000                1
   10.129522369937373        6.6296191311331985        4.2815357819667410        4.0000000000000000                1
   7.1219709289072268        10.584612577919932        3.0328317373182787        4.0000000000000000                1
   10.572712168507923        7.1263268283725729        16.841051315033585        4.0000000000000000                1
   7.0214451849915633        10.496197724104441        33.912818524895187        4.0000000000000000                1
   10.463643824717257        7.0611538104657994        35.431601609344476        4.0000000000000000                1
   9.2290810927780562        6.1119795117951385        36.878824544632351        4.0000000000000000                1
   8.5117403396273801        6.0346447984361626       0.19781739168066917        4.0000000000000000                1
   6.3944791054669503        9.8355450385296930        21.973495469840348        4.0000000000000000                1
   8.2853240937829185        6.0102313383700539        38.646992371854800        4.0000000000000000                1
   6.5917125759690069        10.111802936745836        14.241170693786426        4.0000000000000000                1
   8.9956056987366448        10.946417982456255        12.373089962399686        4.0000000000000000                1
   10.828916848264925        9.3941958376843573        27.081724042736482        4.0000000000000000                1
   9.9117717331239721        10.548887922808429        11.977331919350320        4.0000000000000000                1
   6.8785447301348794        9.3959073530220696        38.508843247273894        4.0000000000000000                1
   6.9559900546036300        10.453849675106717        24.602845175829284        4.0000000000000000                1
   9.8779920473680622        10.566023206059743        15.627350920482579        4.0000000000000000                1
   6.0121565910576313        8.7111728080048660        12.831905628502430        4.0000000000000000                1
   9.9089791456510969        6.4594804018523506        38.810901287791687        4.0000000000000000                1
   9.3482721910560720        6.1501571175753842        27.693817951943341        4.0000000000000000                1
   9.2078034052408579        6.1156804575002708        23.614344614149605        4.0000000000000000                1
   8.0617358515429007        10.498806773423100        29.051468847797612        4.0000000000000000                1
   6.0536721090360359        8.9828968302434955        31.450165269834280        4.0000000000000000                1
   10.336499759045862        10.176063228995041        31.587115921715007        4.0000000000000000                1
   7.4014610042823827        10.735827397194344        1.5962733149446742        4.0000000000000000                1
   9.3259992715110300        10.856280274243797        17.852947959332546        4.0000000000000000                1
   10.458458321953040        7.0024693457030107        23.669764393408038        4.0000000000000000                1
   9.6382122268285180        10.723291317497972        35.760663286496026        4.0000000000000000                1
   7.5841438231232594        6.1807212149589059        26.492976780919317        4.0000000000000000                1
   9.3384489354318969        10.850074596589927        24.039737881355119        4.0000000000000000                1
   8.5944915193894751        6.4699468559967137        35.265555740500844        4.0000000000000000                1
   10.988189138524202        8.5426527886124681        19.525510247090224        4.0000000000000000                1
   6.1415005072857101        7.7752740657021766        34.076085599128113        4.0000000000000000                1
   7.0663153720422525        10.541135610964529        17.402644460686837        4.0000000000000000                1
   10.238785119015212        10.182592465074681        4.8168264980597417        4.0000000000000000                1
   7.7603937852645988        10.875753122070115        33.341861843355460        4.0000000000000000                1
   10.894174792672171        7.7840830759901296        36.102326512798648        4.0000000000000000                1
   10.926065194507549        7.9804272557466813        30.914254034475466        4.0000000000000000                1
   10.002240307839520        6.5021179663170594        21.652831470161917        4.0000000000000000                1
   6.3006659948846337        7.3235510414217355        33.081428911549388        4.0000000000000000                1
   7.3940391966915273        6.2633555508747047        39.476053405643817        4.0000000000000000                1
   6.6470795101216451        6.8266091276303085        10.550317551529327        4.0000000000000000                1
   10.133245845697449        6.6100959898412173        1.1700313433330713        4.0000000000000000                1
   8.4880619394726686        6.0381999766091488        21.517038297439708        4.0000000000000000                1
   10.571093793567780        9.8620638030317345        29.103544943017891        4.0000000000000000                1
   10.992894788072864        8.5402191258187017        19.522116253910401        4.0000000000000000                1
   6.2958644455978181        7.3252794495844329        33.073970627304405        4.0000000000000000                1
   6.9420418895528559        10.454780208768691        24.591210729332207        4.0000000000000000                1
   6.0463230182289776        8.9202482421814349        25.960424949023615        4.0000000000000000                1
   6.3092816915615222        7.3220752957324615        26.262371609894114        4.0000000000000000                1
   7.4160307679689401        10.748690576247975        29.784498617792998        4.0000000000000000                1
   6.1118778105470977        7.8003014264297388        22.914208890212635        4.0000000000000000                1
   9.0346966907313018        6.0659965474310589        37.964395140603735        4.0000000000000000                1
   6.3490901964723196        9.7569777746119613        3.3189397902850284        4.0000000000000000                1
   10.399571913583832        6.9095599525466751        2.2041532782730147        4.0000000000000000                1
   6.1183606396751822        7.7410430267881667       0.24792218404013652        4.0000000000000000                1
   10.933510834159563        7.9649115156279029        5.6394247056200593        4.0000000000000000                1
   7.1997856199151151        6.3705610848206646        3.9896799112202892        4.0000000000000000                1
   7.8446060345536548        6.0980172942777946        22.337656870964814        4.0000000000000000                1
   7.2513008181773335        6.3657273507772389        15.858494461264085        4.0000000000000000                1
   10.032784212573768        6.5254027251245219        16.199894557517933        4.0000000000000000                1
   8.9364991551443236        10.955811373043055        35.068744922917709        4.0000000000000000                1
   10.806695335290719        9.4623789349851979        9.6740802988870200        4.0000000000000000                1
   7.8137088461061275        6.1604643437797444        2.2506443592259258        4.0000000000000000                1
   8.6078014896470822        10.971061779552633        34.047359903639446        4.0000000000000000                1
   7.2650292185467755        6.3452009317727320        15.841190959078309        4.0000000000000000                1
   10.976252342807499        8.7652684661884628        10.450202423453934        4.0000000000000000                1
   6.1715905136386517        7.6420770542874221        27.579913925596571        4.0000000000000000                1
   7.0907621891522874        10.562798021494460        35.504206148071034        4.0000000000000000                1
   9.6782724222016707        10.696664525486748        8.3669825896327108        4.0000000000000000                1
   6.1901542199873001        7.6055963068418260        14.579636234091037        4.0000000000000000                1
   9.1708654996098460        10.905889689011399        13.992484146197588        4.0000000000000000                1
   7.9389146839899274        6.0696342315181822        31.901931668488459        4.0000000000000000                1
   10.867451705886031        7.7873438987697110        24.351078343591411        4.0000000000000000                1
   9.2726581245143489        6.1345982974920679        18.201992327589675        4.0000000000000000                1
   10.385015775081756        10.089030597989591        19.658977030593164        4.0000000000000000                1
   7.9093390124985357        10.892744177972466        20.649241600301451        4.0000000000000000                1
   6.7610367210783577        10.295707834583139        37.553837326216083        4.0000000000000000                1
   10.357488706295713        10.115295152837579        35.276296824962770        4.0000000000000000                1
   6.5082174996421012        10.004836796864993        20.796959038635546        4.0000000000000000                1
   9.0082887267026823        10.916245914217708        20.912534780233390        4.0000000000000000                1
   7.5793094305242734        6.2120428183265926        34.148711003728863        4.0000000000000000                1
   7.1356385788344108        10.566279631366234        3.0309143567392205        4.0000000000000000                1
   6.1624055087791731        7.6186735524391178        17.391643865257720        4.0000000000000000                1
   7.0169752126001255        6.5147606669671765        5.8615639780482303        4.0000000000000000                1
   6.0613773272220017        9.0392324950445158        20.250097401746711        4.0000000000000000                1
   9.1349136242727447        6.1046750182612008        12.301803493411825        4.0000000000000000                1
   6.5461258380151062        10.035963208263993        33.141014033381246        4.0000000000000000                1
   10.976610607083964        8.7806617913491305        2.3103410038325221        4.0000000000000000                1
   10.488198250896428        6.9893355301889812        27.694847354165717        4.0000000000000000                1
   6.0329452533888217        8.3594592991475150        13.929758822125034        4.0000000000000000                1
   10.446110044462980        10.034474212892224        25.060358381278480        4.0000000000000000                1
   6.1476962097959307        9.3425818740549840        39.234196240184943        4.0000000000000000                1
   10.937274497205145        8.5979433312745055        23.697708840990398        4.0000000000000000                1
   9.9977108082413046        10.462106295373507        5.8535825162681876        4.0000000000000000                1
   6.1038252002945619        9.0902579062985485        18.556161530379711        4.0000000000000000                1
   10.973779238412540        8.7687267828740278        18.113889382895596        4.0000000000000000                1
   10.970337937126938        8.8342259901409257        6.3575574251020992        4.0000000000000000                1
   6.1705522820836816        7.6375731439837802        17.393933541411627        4.0000000000000000                1
   8.4952152994764631        6.0083604297671220        8.2359077755209782        4.0000000000000000                1
   8.5195262066392665        10.998847043385412        17.242659414980682        4.0000000000000000                1
   7.5739128068912356        6.9708799375375001        16.593427074558399        4.0000000000000000                1
   9.3582940349953230        6.1556892855400642        13.580606614843481        4.0000000000000000                1
   10.533546940047660        7.0463979400385446        18.177943295708829        4.0000000000000000                1
   7.4427025047560234        7.3014634713737685        3.6822868667240356        4.0000000000000000                1
   6.8516702703258039        6.6429701035542479        1.8600912379886734        4.0000000000000000                1
   10.975437344077511        8.5671313499408246        35.480982386052666        4.0000000000000000                1
   9.3510333227622304        6.1558816694603884        5.2463159746904058        4.0000000000000000                1
   10.918391701631524        7.9002527961681484        26.791358994913359        4.0000000000000000                1
   10.479809129700863        10.005911510283978        33.995997499033372        4.0000000000000000                1
   8.0508134792975241        6.0422622673313464        11.632191012119698        4.0000000000000000                1
   7.7092015112523482        10.794342826064437        27.977016845728659        4.0000000000000000                1
   6.6421591699300233        10.155401267010237        26.392814558343389        4.0000000000000000                1
   6.3976780473963935        7.1676881412337181        1.0480920186169476        4.0000000000000000                1
   10.883055501404881        7.9405469758010758        20.323535336700910        4.0000000000000000                1
   10.034714813064888        10.459128758805941        27.216437409680527        4.0000000000000000                1
   10.991420165951837        8.5067304137166282        34.159969392793812        4.0000000000000000                1
   9.2399712375083531        10.880161218951228        5.2438459061648874        4.0000000000000000                1
   6.4808755857471949        9.9510998802363009        6.5521653624896494        4.0000000000000000                1
   6.9339813204957466        10.410635427372638        38.744889083590579        4.0000000000000000                1
   6.4408383048644700        7.1151723189262865        24.976972332925961        4.0000000000000000                1
   9.4000279893874339        6.1678159547498987        7.6559427709199044        4.0000000000000000                1
   7.0784840568059879        10.545676173998640        21.416632420855947        4.0000000000000000                1
   6.7440000556969615        10.270566953337967        36.529785657109748        4.0000000000000000                1
   7.4996388061864536        10.779272386722795        13.597023215411751        4.0000000000000000                1
   9.0968439221462880        10.894857944272628        15.071519347576700        4.0000000000000000                1
   10.974768125454574        8.7974044579155226        11.677620640376420        4.0000000000000000                1
   10.547334499834353        9.9225672881929938        17.742536258195532        4.0000000000000000                1
   10.960184195037542        8.0942943995844931       0.14715548781729063        4.0000000000000000                1
   9.4113464260423871        6.2266492471027588        32.266515797314284        4.0000000000000000                1
   10.655160488867509        7.2543673630998455        4.9821929219835832        4.0000000000000000                1
   7.0155323841762360        10.507307877111629        33.899609531081978        4.0000000000000000                1
   8.6346777194045625        10.977367307652530        34.048610454259396        4.0000000000000000                1
   6.4173627968194751        9.8784086473776700        19.125030190570826        4.0000000000000000                1
   6.0090684642624597        8.5003246531619325        10.527995204271251        4.0000000000000000                1
   9.7969832901314060        10.626678764506398        34.542726243043646        4.0000000000000000                1
   6.0622717458391362        9.0438221608397225        35.071292177168601        4.0000000000000000                1
   7.5014361355667845        10.756069833335959        39.493178023177094        4.0000000000000000                1
   6.0414574162116885        8.9299225761746506        31.459975259404715        4.0000000000000000                1
   7.8389840347783712        6.1063751809951610        25.481939318917593        4.0000000000000000                1
   8.0478116772755168        6.0562271281073929        3.4428857904046075        4.0000000000000000                1
   10.871186559795539        7.7201015370214519        23.055241341026409        4.0000000000000000                1
   6.7945225056243013        10.297973821441156        12.864715068895062        4.0000000000000000                1
   10.521207561073547        7.0510778811788137        22.352810159537920        4.0000000000000000                1
   10.770296556111379        7.4580447686530116        1.4480673380354265        4.0000000000000000                1
   10.158842613364257        6.6404504208892146        9.6713436766438790        4.0000000000000000                1
   8.9122383444006594        10.960693951806839        24.955038760206385        4.0000000000000000                1
   9.9736604850135908        6.5355171875433697        18.849783094384780        4.0000000000000000                1
   9.3178147190197347        6.1670712645900174        3.8079668082568996        4.0000000000000000                1
   10.880964830679559        7.7644079053938375        2.4742803635874493        4.0000000000000000                1
   10.593617565810115        7.1471599378463875        19.489979638397301        4.0000000000000000                1
   7.8648559656407704        10.906138077411667        24.813004505732703        4.0000000000000000                1
   10.985461960608506        8.4453144524226538        3.3456420102794588        4.0000000000000000                1
   10.532471600974477        7.0567635183294275        18.183625833467250        4.0000000000000000                1
   10.421821651550728        10.097720229950433        19.698339423517861        4.0000000000000000                1
   8.9989519145401768        10.944897929840627       0.36773496182190746        4.0000000000000000                1
   6.0029487485060402        8.6099050639004595        23.533215010520212        4.0000000000000000                1
   6.0633625068060173        7.9638308395916759        3.0121259089954306        4.0000000000000000                1
   8.1806307164202110        10.975486226555274        14.599723475471118        4.0000000000000000                1
   7.6510542687022394        6.2272213974514941        34.174376363033304        4.0000000000000000                1
   9.6538402263543741        10.714566625994403        1.1257741486323876        4.0000000000000000                1
   10.020334141370082        6.5337211455276796        36.404309280917509        4.0000000000000000                1
   10.672344109997017        9.7183472970387363        30.720990152738270        4.0000000000000000                1
   8.2278908649295897        10.967788000295471        11.623051677260491        4.0000000000000000                1
   9.9081729236369256        6.4365274086968398        37.592279734803434        4.0000000000000000                1
   10.938078015839189        7.9870184844121157        12.582297094323051        4.0000000000000000                1
   6.4074755749427519        7.1654090246393043        29.076916521407174        4.0000000000000000                1
   6.4916285244422838        9.9719675445563833        20.792807577640492        4.0000000000000000                1
   7.3416374658744488        10.099197794079585        22.326433984823275        4.0000000000000000                1
   10.900411609126088        8.1122927549423309        12.536518482195502        4.0000000000000000                1
   9.3081410245366545        10.854338464015781        9.4140570673910808        4.0000000000000000                1
   10.564092931663968        9.9061879201333554        17.739221257727895        4.0000000000000000                1
   7.1091416256206061        6.4546431073073558        28.979268853980226        4.0000000000000000                1
   8.5161575938832001        6.0089688488160595        36.167145680175196        4.0000000000000000                1
   9.2024402478706460        10.893895293100616        11.313050532696213        4.0000000000000000                1
   7.6084023738427335        6.1675049837977625        34.042520260555797        4.0000000000000000                1
   9.8132542626058346        7.4982824512829964        37.428632862665694        4.0000000000000000                1
   10.651734472665877        7.2338788597908978        13.284870613524408        4.0000000000000000                1
   10.854683023430013        9.3070153598810617        7.6326254915112255        4.0000000000000000                1
   10.970903620471084        8.7575596334623906        10.417204246931833        4.0000000000000000                1
   9.3397503918510143        6.1550293210019653        3.8054458698625893        4.0000000000000000                1
   10.011640886788195        6.5103893918251936        17.433724329522047        4.0000000000000000                1
   9.9100707524985410        6.4410782109420719        33.121445644280556        4.0000000000000000                1
   10.508211747722775        7.0139140363604353        23.693126898193739        4.0000000000000000                1
   10.412553661683013        6.8960792528050723        2.2042153173514842        4.0000000000000000                1
   6.0697244313921335        9.0764071224424754        18.567241025707471        4.0000000000000000                1
   10.891296710374526        7.7894249200365060        18.765076682468372        4.0000000000000000                1
   7.7738997134935985        10.885479490405254        8.0889694283715237        4.0000000000000000                1
   6.6391331553227246        6.8468141777068761        15.154342581156261        4.0000000000000000                1
   10.860764803389953        9.2758509560396352        28.319923160884390        4.0000000000000000                1
   8.2193586927689211        6.0209515555825330        13.124978771612154        4.0000000000000000                1
   6.4632091703155403        7.2028131799092607        6.4434547508174562        4.0000000000000000                1
   9.7759468229294928        10.648166166684534        30.857781343452576        4.0000000000000000                1
   6.5901795895822231        10.112059379445794        11.011916796025215        4.0000000000000000                1
   8.0068525359582061        6.0667093631918645        10.496720348235201        4.0000000000000000                1
   7.5803348079447508        6.9712457215593435        16.593961704486123        4.0000000000000000                1
   10.851928981077887        7.7100219847684803        23.056098733756187        4.0000000000000000                1
   8.6292679757322865        6.0156920831391432        34.345442178902033        4.0000000000000000                1
   10.477467125472979        7.0027038104467669        23.675305930034472        4.0000000000000000                1
   7.8560032627611767        10.903876280528250        24.853216592590602        4.0000000000000000                1
   6.0975828203182010        9.1869871590550574        14.518255086672266        4.0000000000000000                1
   6.5563861753715784        6.9404838471678811        16.740013214655935        4.0000000000000000                1
   10.612227042799029        9.8290693999169125        13.986900092733910        4.0000000000000000                1
   10.422452833809848        10.047900403021009        25.058851409721257        4.0000000000000000                1
   9.9396573097793670        6.4608306616233877        22.928652776257564        4.0000000000000000                1
   10.981900208074558        8.6347250683655883        32.418929349383227        4.0000000000000000                1
   7.3659857969682427        6.2730751652389038        39.412237257898717        4.0000000000000000                1
   10.610477018710352        7.1671295765491623        20.965814418318885        4.0000000000000000                1
   10.533298163135971        7.1337416170683392        3.5153305228010376        4.0000000000000000                1
   10.011718494965089        6.5295954358583197        39.858271112560892        4.0000000000000000                1
