     1000000
           1
  0.10000000149011612     
   5.0045983753813461        6.6713418327940035        22.366097830153130        2.0000000000000000                1
   9.0802091007209444        8.7888384669433606        18.311185640580682        2.0000000000000000                1
   3.3850574640522879        5.0369170432761434        18.950841098309425        2.0000000000000000                1
   5.3257009759331311        9.6500825568638220        8.9293015754412757        2.0000000000000000                1
   6.8270151185964609        5.9417486355674516        36.760452499803876        2.0000000000000000                1
   9.0590352191893704        8.8648503698379404        9.9227992872514150        2.0000000000000000                1
   4.8454546000527934        5.9011726524688752        11.221326403235718        2.0000000000000000                1
   4.7443009812857557        9.4240908500187004        15.779694606021501        2.0000000000000000                1
   9.2034952731709865        8.6135962256894469        12.176440819849210        2.0000000000000000                1
   5.5982968478243968        9.5027410013677329        13.947157020620596        2.0000000000000000                1
   8.1282891830476007        7.3108696685525381        6.7961147135066229        2.0000000000000000                1
   8.9137029842493316        8.9979987159667392        3.0850962268320417        2.0000000000000000                1
   9.5479184974397473        4.8209230551095361        34.437809007201707        2.0000000000000000                1
   9.6679386748632510        7.8938538396762832        5.6176888358738122        2.0000000000000000                1
   5.1812639665298921        6.5388853653770571        13.968706425991794        2.0000000000000000                1
   4.6160770268561668        9.4268912650825598        28.744724872642486        2.0000000000000000                1
   9.0441733354299689        4.5826490791830503        35.713113709424817        2.0000000000000000                1
   4.9650231597842955        5.5651990521233818        31.119133877745469        2.0000000000000000                1
   6.6190227273787094        9.9760980640581618        20.779475145748460        2.0000000000000000                1
   3.2681824077104196        5.5738826363757346        12.488378114261060        2.0000000000000000                1
   9.8493488604371766        5.9358159184709818        10.007933351848669        2.0000000000000000                1
   6.4680646980559366        7.4863542754092247       0.29886304013529702        2.0000000000000000                1
   4.0044100002435297        8.8669499389136117        19.760095799507525        2.0000000000000000                1
   9.3547018226729932        4.6762629425036515        24.027581278960181        2.0000000000000000                1
   3.2133566622952641        7.5049402363810618        13.316717049858378        2.0000000000000000                1
   6.8892911966152539        5.1893457659514270        14.581006615720083        2.0000000000000000                1
   7.6652829659702482        3.2066772334879614        7.0022130181712834        2.0000000000000000                1
   5.2242381351965772        7.6752023407111958        38.651997405094924        2.0000000000000000                1
   7.2036790065891436        5.3390494222369824        30.692513021949139        2.0000000000000000                1
   6.2174012201987461        7.0439560341989829        7.5714640485467450        2.0000000000000000                1
   8.3292812427478431        9.4734972532301285        18.266093402756901        2.0000000000000000                1
   4.9356853423516451        5.9692511568324456        26.934934672773089        2.0000000000000000                1
   4.0686507213849428        8.9809225859684449        2.3794183379376621        2.0000000000000000                1
   6.9629480268982373        5.6204303356307959        17.031320293185971        2.0000000000000000                1
   8.3989698818755834        9.3970912353019518        5.0910860717621365        2.0000000000000000                1
   5.4028517989009881        9.8015907606168611        33.416653472610108        2.0000000000000000                1
   7.7239060205039518        5.4221360548688589        21.632073733144335        2.0000000000000000                1
   7.5743888178629710        3.1998479271215188        15.313684656021440        2.0000000000000000                1
   8.0169239694755472        6.1393029958738614        24.650334736574983        2.0000000000000000                1
   3.2493549891640288        7.7818066655280482        28.451930257150934        2.0000000000000000                1
   6.6178948750163382        9.6966014879957410        37.309756496747653        2.0000000000000000                1
   7.8109515007707975        6.0521152518022010        34.862690914988058        2.0000000000000000                1
   5.4853103126775267        4.3744216584087727        17.681850533443772        2.0000000000000000                1
   5.2778833656209727        9.7490038709093323        6.7643445244360274        2.0000000000000000                1
   5.7971602716742590        6.9396977229174368        11.906264259036954        2.0000000000000000                1
   3.0433906449382944        6.9538815920996742        31.888230595322835        2.0000000000000000                1
   5.7275636656136779        7.9560809306707920        25.265929042182659        2.0000000000000000                1
   6.3517059738709252        3.0353880536614755        11.424356462929335        2.0000000000000000                1
   7.8799230912069396        5.8824985885442409        19.287675559119148        2.0000000000000000                1
   7.9868385207188464        7.2258610580090528        17.651500552221325        2.0000000000000000                1
   7.4595103478507694        7.9640047844239943        35.542278564398529        2.0000000000000000                1
   9.4402447697033978        8.2970555863681064        32.262222181719039        2.0000000000000000                1
   5.3738374036680350        9.7457616610806621        18.296242047187693        2.0000000000000000                1
   9.8632533245520211        5.6984742211750863        27.913320860865333        2.0000000000000000                1
   9.1253379864444053        8.8132381212707589        34.578662508093828        2.0000000000000000                1
   6.0477415741418712        3.0587132873057303        28.733988149932582        2.0000000000000000                1
   9.3874933748873648        4.8202649384365461        4.8260354620000507        2.0000000000000000                1
   7.7008171359911657        5.6165935783234833       0.90596217924715838        2.0000000000000000                1
   7.4072347952965680        7.7716695522762533        26.483228101104430        2.0000000000000000                1
   6.0601284734826244        8.0994071044499538        17.141962594329851        2.0000000000000000                1
   8.3979506880897326        3.5846892849009726        35.577372985170889        2.0000000000000000                1
   8.1667608546332211        5.8523913169899000        22.427124218341032        2.0000000000000000                1
   3.1602234492917392        7.4136224035013552        21.972175616857061        2.0000000000000000                1
   4.9558702288027003        5.8473070640048022        33.206271043920466        2.0000000000000000                1
   8.2265780989098811        3.5593149952670773        18.118907656420799        2.0000000000000000                1
   4.3855757042727062        3.7476357567070493        5.2882245653249758        2.0000000000000000                1
   3.6489561283316667        4.4896880741814380        5.5021411856684992        2.0000000000000000                1
   7.2703030032804472        3.1316679993684668        39.727325012635248        2.0000000000000000                1
   7.4962638608890790        7.7998789577505736        37.540069028276200        2.0000000000000000                1
   9.9259559623375804        6.0048383051531022       0.65612239948675533        2.0000000000000000                1
   5.1034610621598366        7.1910992331465149        18.670891886135234        2.0000000000000000                1
   9.7970952352753002        7.5042355245402668        36.522762493992843        2.0000000000000000                1
   7.3693942130391923        5.6763437757320263        10.710587355080035        2.0000000000000000                1
   9.1503818053813344        8.2026592785292660        14.136326278719482        2.0000000000000000                1
   3.3572747645976739        7.4679577761085838        25.967130257944465        2.0000000000000000                1
   9.5594955057623689        8.0090917639205674       0.64457646965233550        2.0000000000000000                1
   8.2894469063032634        3.5317517028282337        39.805723557163951        2.0000000000000000                1
   8.0661032256472378        5.9885609810001776        38.917623297759157        2.0000000000000000                1
   9.8749275517600807        6.7913212006818418        23.434911807307181        2.0000000000000000                1
   4.4459838140440491        9.1200066564334357        4.5804724148721094        2.0000000000000000                1
   3.3892393684371380        7.7423249263853116        23.965106843103190        2.0000000000000000                1
   8.5049474318172820        9.2903905934733508        36.621516470716330        2.0000000000000000                1
   7.8055272129316258        7.8528808626366606        33.375495475159411        2.0000000000000000                1
   3.4176991503304213        8.0092648344243500        15.276065338482525        2.0000000000000000                1
   7.1181109092692676        3.0675289396043457        9.2729533060487448        2.0000000000000000                1
   4.7635765143302597        6.0459143622460614        4.7126639121887539        2.0000000000000000                1
   7.9457420092998934        3.5154280726822233        34.397254513304929        2.0000000000000000                1
   6.1390371651687019        7.2251508378372309        31.459581051299022        2.0000000000000000                1
   3.5727641375813937        4.7867842000641740        10.034152984271604        2.0000000000000000                1
   4.5069493519324633        9.3390375762070601        21.872251686071959        2.0000000000000000                1
   4.1966850929872601        4.1573959185447968        29.789753606201216        2.0000000000000000                1
   7.6765337752547156        9.4860785022935818        20.965790176573357        2.0000000000000000                1
   7.5496790064713437        9.8378576373305755        29.057210177992054        2.0000000000000000                1
   9.9492394714037022        6.3310940147997119        32.182188314327298        2.0000000000000000                1
   3.4031458216817505        7.4853621766846663        17.506854007029524        2.0000000000000000                1
   6.5705402526665058        5.3393131940870839        21.177002925934989        2.0000000000000000                1
   3.2539325992937034        6.6312550379334505        12.723924432378569        2.0000000000000000                1
   9.8673485259089073        6.9151825399809459        8.0119961165410114        2.0000000000000000                1
   5.1983280363487747        7.4110302530134433        14.503358207634591        2.0000000000000000                1
   8.2760625582346012        9.4065460104434493        38.721540688070313        2.0000000000000000                1
   7.9494214819229319        5.9378021900177247        36.887966977896866        2.0000000000000000                1
   4.9276323457386564        3.4352781348040553        14.303054148790334        2.0000000000000000                1
   3.7781504229360574        8.6923913442488878        34.670823557505784        2.0000000000000000                1
   3.9652307576036780        8.7643701109076186        15.741329629490711        2.0000000000000000                1
   8.0319015050842300        6.6528973799873716        3.5889539826735826        2.0000000000000000                1
   9.0403379528431245        8.7344729517281952        38.679925203031900        2.0000000000000000                1
   9.9498786897412490        6.1035735392553505        2.8416545263996364        2.0000000000000000                1
   8.9759277751372686        8.5961325499408492        23.511596768454798        2.0000000000000000                1
   5.8427560273674795        3.1126577137588494        19.336491600451399        2.0000000000000000                1
   5.3674975143955388        5.6898833379935905        8.8231308437497447        2.0000000000000000                1
   7.2396432750665740        4.9348640903778467        10.025454780073860        2.0000000000000000                1
   8.6359258369357104        4.0363012977634680        20.428206748504529        2.0000000000000000                1
   9.6112369460304912        7.5921239176626001        25.930595193741485        2.0000000000000000                1
   7.3540372035301678        7.8473833628044778        28.551453278258204        2.0000000000000000                1
   3.5836341811319570        8.0517825878991811       0.10038094003776911        2.0000000000000000                1
   5.7832493284632278        9.7922139516851967        20.256197615668754        2.0000000000000000                1
   6.4914617904295939        8.1661730777856505        31.898545046805335        2.0000000000000000                1
   5.2419336486668477        7.7665852654607477        12.080778733868577        2.0000000000000000                1
   4.6553187073771634        9.4014698919434192        37.809839347403127        2.0000000000000000                1
   7.3782740452822120        5.1648773330972908        5.1335300837835494        2.0000000000000000                1
   6.6133684089255640        4.9892359271896467        29.897049370470249        2.0000000000000000                1
   9.6859405329515926        5.7991757708197094        34.193103737076953        2.0000000000000000                1
   3.5351129681710631        4.6895027466662045        32.292299727539842        2.0000000000000000                1
   6.5494641804616354        9.9713871023261760        1.3243061073761568        2.0000000000000000                1
   7.2715964322240607        9.8832574944775207        6.9641507634562290        2.0000000000000000                1
   3.7885031174673935        4.4401418080539683        1.3001927087842120        2.0000000000000000                1
   8.0205033771858485        3.4596859334334127        28.918018840604024        2.0000000000000000                1
   7.0420608101964035        5.3973357885627875        34.666591024907923        2.0000000000000000                1
   9.4700662719019473        4.6994349699261360        27.685941682407115        2.0000000000000000                1
   7.0376275408733742        4.8901387247662118        7.9528735370177817        2.0000000000000000                1
   5.4430281521582504        7.3607393457274028        16.539627724277103        2.0000000000000000                1
   4.3244311004074607        3.8786886252679627        12.139463992738952        2.0000000000000000                1
   3.9387978593037292        4.4985292433625466        36.723385059749276        2.0000000000000000                1
   7.4389681280713260        9.5990699871314931        4.6922380244225534        2.0000000000000000                1
   9.9615488243663659        6.9576382662459704        19.155960042961464        2.0000000000000000                1
   3.6649422424214095        4.6670678268516488        27.840284827902821        2.0000000000000000                1
   3.6704385375477684        8.4453938011911589        26.022294834921617        2.0000000000000000                1
   8.8859918145516481        4.2555353683034012        8.6719701295679261        2.0000000000000000                1
   9.6009049708753960        4.9484427158643705        18.661056821196699        2.0000000000000000                1
   6.4852564820085359        8.2125500063697530        3.0975373833516295        2.0000000000000000                1
   5.9775583662564582        5.0753804394725224        23.112598486758976        2.0000000000000000                1
   7.7432589429267011        3.3864457991924795        22.120692318098847        2.0000000000000000                1
   5.5949087006834572        9.8400583542509761        16.271452385786052        2.0000000000000000                1
   6.8433502519450879        3.0538157521225360        24.802354819030548        2.0000000000000000                1
   3.1795823229659463        7.3828219904462697        6.3634748954956377        2.0000000000000000                1
   3.2038420337863927        5.4442686741228918        25.860712405081902        2.0000000000000000                1
   9.5197851390525443        5.0962373442392739        2.5795851612379219        2.0000000000000000                1
   6.0106458177045763        9.8063802972104259        39.225472199281235        2.0000000000000000                1
   5.0427191133993547        5.8448851746575885        28.943430977877302        2.0000000000000000                1
   6.5414509141184825        9.9135421611852479        28.292517570020596        2.0000000000000000                1
   8.0704430767822100        7.1786623339732021        35.315971707639882        2.0000000000000000                1
   9.7850780400276438        5.3303470910102808        32.147454974486571        2.0000000000000000                1
   5.0845008348545804        7.0644698653956182        36.222453783482187        2.0000000000000000                1
   8.0203374564811902        6.3978594100221127        8.8659027621457174        2.0000000000000000                1
   7.5318639991239635        6.8200838271183688        26.803771883062737        2.0000000000000000                1
   7.5715909673215380        5.3171514432944234        7.1281985033815207        2.0000000000000000                1
   3.6926311989570006        8.5737901462906851        30.431323921585790        2.0000000000000000                1
   9.8305177438232096        6.9369416369823966        5.1283656152953290        2.0000000000000000                1
   4.5133083724662271        3.6651236390707780        1.0426685610987612        2.0000000000000000                1
   8.0332969268226329        5.8912228396347626        26.831419246529098        2.0000000000000000                1
   8.0821149255296270        7.1989376358882113        30.913316545927934        2.0000000000000000                1
   9.5216134619884727        4.7401576958418135        16.671091975621039        2.0000000000000000                1
   3.2350822839472988        5.8026207519294468        32.095089587282700        2.0000000000000000                1
   4.1010562119629235        8.9769214268369595        36.758003336164400        2.0000000000000000                1
   4.7629048718480762        5.9643154411735226        20.346148454507084        2.0000000000000000                1
   9.4475254375023425        4.6701634811303236        12.682447230033281        2.0000000000000000                1
   6.9205444392172781        6.3224214935712668        5.4262438852497663        2.0000000000000000                1
   7.4310535258515475        7.2130190911816934        15.356746326898902        2.0000000000000000                1
   9.2468011046324357        8.4989925591149138        28.712404404015086        2.0000000000000000                1
   5.6461884176445540        3.1245445798582598        33.466924608103248        2.0000000000000000                1
   4.9165167422690068        3.4159438688898081        31.514962455794187        2.0000000000000000                1
   6.9359259155666582        4.7422825115849330        23.571207082828700        2.0000000000000000                1
   4.0740118819894029        3.9781232444178980        9.4773143434618952        2.0000000000000000                1
   3.1798774813541706        7.3547331176192277        8.6278181298517573        2.0000000000000000                1
   7.7881142483488821        6.1177775519182829        31.108874554357726        2.0000000000000000                1
   7.0874244804870479        5.7458818364773938        38.866868788758545        2.0000000000000000                1
   3.3380798815799908        6.1132033664212084        30.023688513302233        2.0000000000000000                1
   9.9377569322481794        7.0888946954672587       0.43077417089710351        2.0000000000000000                1
   4.6882317040932246        3.5988618929057887        21.535371892084463        2.0000000000000000                1
   5.9469327255723288        3.0987289794421256        24.199404656907305        2.0000000000000000                1
   8.9877458630452498        4.2078760653594953        10.695016309946840        2.0000000000000000                1
   5.6375688252448759        4.2900893369667319        25.983727006139791        2.0000000000000000                1
   9.4653403538935930        8.2740653996297464        20.704555645890913        2.0000000000000000                1
   5.8051958114419717        3.1368486751597549        37.971501035392244        2.0000000000000000                1
   7.6221681438507645        7.1214826150375776        13.202586845419471        2.0000000000000000                1
   8.8843170175879962        6.6839958482038710        38.699987590581586        2.0000000000000000                1
   6.9202963778262934        5.0567974022594280        18.984333506126202        2.0000000000000000                1
   9.5006426562245370        4.7025215952258854        29.834533033361176        2.0000000000000000                1
   8.1424382828804234        6.5515508787937806        15.639188442806756        2.0000000000000000                1
   5.3621411118668636        7.5699904655204255        7.5896712247539782        2.0000000000000000                1
   3.3309903397858043        6.8374099352794149        27.899731133736886        2.0000000000000000                1
   9.6293091934198554        5.1618275967741356        6.9197418265591635        2.0000000000000000                1
   6.0528547607173593        8.6309976532252488        29.940863507207212        2.0000000000000000                1
   9.9014495770576563        7.1439034457590491        2.7652170378266114        2.0000000000000000                1
   4.7446889589230210        3.5197789407748612        33.738550099505680        2.0000000000000000                1
   9.2243931075587557        8.3454710335488720        16.228429494164505        2.0000000000000000                1
   3.6606258854016755        8.3911389210472969        6.4262919245563612        2.0000000000000000                1
   3.0844420638998593        7.2219516989215702        35.937476537820579        2.0000000000000000                1
   9.9115941090611432        6.6561451988243752        17.103761649305099        2.0000000000000000                1
   6.0062086459979378        3.0716072330254902        13.901495756651887        2.0000000000000000                1
   5.6212445050807789        6.7763200940740935        29.214559901017349        2.0000000000000000                1
   9.7382283422725262        6.1488749978553106        7.1747815519221332        2.0000000000000000                1
   6.2151574866191623        9.9718190951000043        7.0618404706921396        2.0000000000000000                1
   3.2290152217370798        5.3477562007242589        5.8985669909748042        2.0000000000000000                1
   9.6924396185854569        5.1498496660998487        39.943010739234403        2.0000000000000000                1
   4.3500999740340855        3.8603699309984179        3.2847010835084816        2.0000000000000000                1
   3.2300695312378198        5.2867638064020754        36.779256115532469        2.0000000000000000                1
   9.0666021587689105        8.6724286901224055        29.979812711539861        2.0000000000000000                1
   5.8280163507655764        9.9311307635899357        25.841606394347778        2.0000000000000000                1
   9.8635110806617714        5.5939546451765398        30.142609111366287        2.0000000000000000                1
   5.9539365998311542        7.1603847197543997        34.354031203536941        2.0000000000000000                1
   8.9959391907348571        4.0714386730776564        26.937603603484259        2.0000000000000000                1
   5.8191667626235288        6.3001595900666469        2.1650860913211747        2.0000000000000000                1
   5.1655235929715326        9.6823026252328983        31.406387883002751        2.0000000000000000                1
   8.3535442569015501        9.3621441380076966        12.159747111544526        2.0000000000000000                1
   7.6970579701304613        6.8596805357235242        28.816418715408545        2.0000000000000000                1
   9.2037917402894731        8.6796110183291848        25.634135821893622        2.0000000000000000                1
   3.9544173850330702        8.8585243170458785        23.745851533021700        2.0000000000000000                1
   8.0439838467586906        3.3606938754166338        13.292998773428431        2.0000000000000000                1
   8.8374156866181011        9.0597020824057815        22.551806395462044        2.0000000000000000                1
   9.5055143681966943        4.8669851931806445        37.703659352566831        2.0000000000000000                1
   3.0724668424099004        5.8170989916218723        10.086623264454797        2.0000000000000000                1
   9.5166315230992939        7.6301477123760160        12.153327687585394        2.0000000000000000                1
   6.8468891785566122        3.1759594191638407        37.772569428846069        2.0000000000000000                1
   6.8853997251514425        7.9827755661068212        19.300337740002746        2.0000000000000000                1
   5.4147596045095394        3.2688231534934413        35.775121297067855        2.0000000000000000                1
   4.9262920445335219        9.5935118722437700        2.5968538157675272        2.0000000000000000                1
   8.0816959210308497        3.4533954863500695        3.9601996262144823        2.0000000000000000                1
   7.3557169425165574        3.2133308499097408        11.355328649764752        2.0000000000000000                1
   6.9138597036788161        8.1418174776975256        15.300588023857008        2.0000000000000000                1
   7.9714507707083069        9.6695024342226823        31.887410043434866        2.0000000000000000                1
   8.1644521194069046        6.5458657096919080        20.033941658106556        2.0000000000000000                1
   9.8797285667224255        6.7875148816021547        38.447507060514752        2.0000000000000000                1
   4.1764302336437522        3.9887495966152393        38.815871583649020        2.0000000000000000                1
   7.3287469929997551        9.7066552488497884        9.2778418208638964        2.0000000000000000                1
   3.2188836154554776        6.1126394267685491        18.976511313839630        2.0000000000000000                1
   7.5040013543291222        4.8247231575119249        16.699707820684978        2.0000000000000000                1
   5.0079689666483587        9.6287385491250941        39.931653565313354        2.0000000000000000                1
   8.0211519164899254        3.3634247426600168        30.203445049318830        2.0000000000000000                1
   3.1109501039367777        6.9197970784790535        33.927605946851202        2.0000000000000000                1
   5.2821638326172806        7.0105639515200187        25.198019238991165        2.0000000000000000                1
   3.5202563218328415        6.2452239691542726        8.1558658073582144        2.0000000000000000                1
   4.8689246019252224        6.5996377828545869        2.5284371052394889        2.0000000000000000                1
   7.6696310193334716        5.7541871066110266        3.1827324362077181        2.0000000000000000                1
   4.6557346887208988        3.5414278286983922        15.350449003191503        2.0000000000000000                1
   4.5897059502965760        3.6013299021163414        7.4725089826256523        2.0000000000000000                1
   7.4736788878497169        9.5497084418546994        24.612904992112252        2.0000000000000000                1
   6.5211909657820382        4.8633217553385446        27.828510863464487        2.0000000000000000                1
   6.9499943981325938        8.1052979626485673        13.257746011422368        2.0000000000000000                1
   3.9623699847764700        4.1228831304281952        19.061220625107694        2.0000000000000000                1
   6.1851011214194216        3.1216526503540543        2.2240291750955716        2.0000000000000000                1
   7.3754798053195065        9.7366202348668143        39.160469447538439        2.0000000000000000                1
   5.2050116383789566        5.3136313766347358        17.942026346151422        2.0000000000000000                1
   6.5476979903578849        9.8018422990985012        22.846582978090641        2.0000000000000000                1
   8.8985062256055230        9.0193140342696712       0.71497890096727568        2.0000000000000000                1
   9.9132357625798644        7.0595076386471973        10.128859607361328        2.0000000000000000                1
   8.3119187765484028        3.5482218671394383        11.129171317609394        2.0000000000000000                1
   6.3371529412076635        9.6654856733194201        12.089015010871995        2.0000000000000000                1
   4.8440055062884495        5.8295243626449533        37.977753087914927        2.0000000000000000                1
   3.0555137498078491        6.4443262033437883        1.2338330216456495        2.0000000000000000                1
   6.6206687889168681        3.0382258489531004        7.2623290835605872        2.0000000000000000                1
   4.0559835673946001        4.0035694632324867        23.575192997446372        2.0000000000000000                1
   8.2144457042178143        9.5306437269126612        9.9980438190547058        2.0000000000000000                1
   7.0579875530547733        6.6728294474518215        24.325958388423782        2.0000000000000000                1
   6.1670177144191953        4.8989119536886232        34.670918790290429        2.0000000000000000                1
   4.6079732717269088        3.9245550259723250        36.188017961696296        2.0000000000000000                1
   3.6239019792054465        4.8485786916388802        39.242926543436518        2.0000000000000000                1
   6.3759182098124683        9.6819929066977348        36.265989975092253        2.0000000000000000                1
   3.4527032997466844        8.1097717995448111        2.2818646738918709        2.0000000000000000                1
   3.0441603478225785        6.3711991429607382        6.1559072498266580        2.0000000000000000                1
   9.0107840591763324        8.7081615023563863        5.6398647472105168        2.0000000000000000                1
   6.5979784513410342        3.1710583055956985        15.866192348515483        2.0000000000000000                1
   4.2621592675997881        9.1894364654845990        35.680807076339100        2.0000000000000000                1
   5.3992281655798928        5.1562426475082628        10.777605581099312        2.0000000000000000                1
   8.1186617113257924        5.9177687482586299        28.907320159216482        2.0000000000000000                1
   3.2654511612283259        5.1746560178323628        21.528867784291506        2.0000000000000000                1
   7.2058773017268321        9.8884702844068695        31.073630342108277        2.0000000000000000                1
   9.6794256426710206        7.5247914593071101        16.608558575217522        2.0000000000000000                1
   7.4087054512997552        7.6043500387279508        21.651226134755831        2.0000000000000000                1
   3.0974100724101463        6.3607964404108381        36.664251323888948        2.0000000000000000                1
   7.4002509113605477        9.8311951990004403        18.623532924608298        2.0000000000000000                1
   5.3921462512998337        3.2915573154753663        3.0374711656212710        2.0000000000000000                1
