     1000000
           1
  0.10000000149011612     
   5.5343007389121430        5.3539775077771790        22.260275968149390        2.0000000000000000                1
   4.6984299455793685        6.9412302299380375        23.596133006839537        2.0000000000000000                1
   6.6817023568985716        4.1520300408442274        14.997781414986431        2.0000000000000000                1
   3.1523060775461706        5.7505095308865650        18.048599099636377        2.0000000000000000                1
   6.5108312769405607        5.7193871625714552        13.535334182842934        2.0000000000000000                1
   3.4567289972596211        5.8289706289509553        11.750173778119171        2.0000000000000000                1
   3.6926986976853446        3.5485255720018958        11.767091734715823        2.0000000000000000                1
   3.3123361653304375        4.1346629578727505        5.5708113506212262        2.0000000000000000                1
   3.1515309789605288        4.2387298211637816        9.8028469508185001        2.0000000000000000                1
   3.9417954908629809        6.6292505734606362        1.5963831231854226        2.0000000000000000                1
   4.4735387271549900        6.7837555332608774        25.588210603549172        2.0000000000000000                1
   6.3107729569304016        6.2778798914001595        1.2677245939562827        2.0000000000000000                1
   6.8625610221092757        4.7518259697532690        30.926556906564720        2.0000000000000000                1
   5.7906751138567758        3.2480905257474073        17.018970324166773        2.0000000000000000                1
   6.1168696044145348        3.4405825493685769        36.510326811054455        2.0000000000000000                1
   3.8458583987510679        6.6210571175744448        27.964349430947177        2.0000000000000000                1
   5.1156679789524571        6.8383415031666033        12.564036825318835        2.0000000000000000                1
   6.4400129192206066        3.7471431758971878        5.6007778046652446        2.0000000000000000                1
   3.2512375895308372        4.6146283278963223        7.7276027830141567        2.0000000000000000                1
   5.4515754841128219        3.0871988215981401        28.276320898987400        2.0000000000000000                1
   6.6250928497546511        3.8360413795219697        24.619898154778848        2.0000000000000000                1
   6.8484011042261015        5.4829234061096770        32.840871432158785        2.0000000000000000                1
   6.6371187720262519        3.9533517861723264        1.5822460098953375        2.0000000000000000                1
   3.4066558568683249        6.1191291542610662        9.1708939926100026        2.0000000000000000                1
   6.7576489599045582        5.2428278405366848        28.106752007351893        2.0000000000000000                1
   6.9804732848597979        4.8312910552768198        39.443347730601211        2.0000000000000000                1
   3.4332569111327524        5.8447217660652857        37.189377003550071        2.0000000000000000                1
   4.0070619939338901        6.4341643207789883        30.600703821447972        2.0000000000000000                1
   6.7878499738034508        4.1682956182838851        9.2850242916323626        2.0000000000000000                1
   3.3740388246816542        4.5920730429189778        23.084417701439513        2.0000000000000000                1
   4.8645030169363261        5.1686497544088184        17.126735385332434        2.0000000000000000                1
   6.9768799404861541        5.0585419915248284        3.6466624192023347        2.0000000000000000                1
   4.9888991177750857        5.1879410979749565        33.717699503205537        2.0000000000000000                1
   3.3050920610834380        4.9674263207963092        29.313636431109312        2.0000000000000000                1
   4.9662532989528128        5.0206780994772053        36.000701746756853        2.0000000000000000                1
   5.1422410097728273        3.0739978873904192        19.481121064061576        2.0000000000000000                1
   6.8552176825489353        5.5509045366539702        16.499073265994493        2.0000000000000000                1
   4.5781714619687346        3.1393478956975436        1.3576556089041980        2.0000000000000000                1
   4.1406552244132309        3.2675693157598000        21.464140435182042        2.0000000000000000                1
   3.6867804112125504        6.3831473235235237        14.072230109080236        2.0000000000000000                1
   6.1331754190677588        6.6069114259593098        31.263689062885891        2.0000000000000000                1
   5.4128842846742407        4.6811819571556068        29.521552864044097        2.0000000000000000                1
   6.7570786324115701        5.8559708548195237        6.1952347672760171        2.0000000000000000                1
   4.3601301368446093        3.1350461965831466        39.320302126003305        2.0000000000000000                1
   5.9879761925037949        6.5060201569008456        18.236074945132501        2.0000000000000000                1
   6.5817480764727208        3.8907121929102573        26.636938586744591        2.0000000000000000                1
   4.9179515146013424        5.0016552789710911        31.708038802352071        2.0000000000000000                1
   6.5240802464438454        6.1649054436970614        9.3901200108968492        2.0000000000000000                1
   6.5739530867319242        5.9326628901174505        20.644601861480893        2.0000000000000000                1
   3.2912589422291756        5.0449276209073233        15.573758660402499        2.0000000000000000                1
   6.9164996922436552        5.2702961034267632        36.942560267349783        2.0000000000000000                1
   4.7329815183760937        3.0268035559008255        9.4106892156799375        2.0000000000000000                1
   4.0376010748804863        6.7064688024872403        34.800476429121993        2.0000000000000000                1
   3.6150588448854490        3.6664889399411060        17.573739687267171        2.0000000000000000                1
   6.2445876782365097        3.5686304366718473        21.086979752233447        2.0000000000000000                1
   4.4451848976258352        3.0899239948764938        30.302061310727289        2.0000000000000000                1
   3.6476215117400024        4.5335941382205212        19.801564652074774        2.0000000000000000                1
   5.1033006038707791        3.3939163250338669        34.673043939986201        2.0000000000000000                1
   5.3968461099845912        3.1623924519431013        23.019699013226848        2.0000000000000000                1
   5.0219910081624874        5.0559819381054556        24.514559836512845        2.0000000000000000                1
   5.0649590370398521        4.8663959638499472       0.29213553973309081        2.0000000000000000                1
   5.0213378653800449        4.8700892893365406        4.7021437136464828        2.0000000000000000                1
   6.1300793040634005        6.6467929868658437        38.408024286426574        2.0000000000000000                1
   3.0168856192135034        4.9537191201661503        25.713225832643072        2.0000000000000000                1
   3.2793354439981317        4.0121484052773555        3.0976268882553688        2.0000000000000000                1
   3.0044396490230763        4.8966685826984042       0.75735221813184994        2.0000000000000000                1
   5.9288407234165090        6.7640060895318035        3.6576759265865633        2.0000000000000000                1
   4.3312432036867472        3.1782572098842783        15.645341510407215        2.0000000000000000                1
   3.0511075612543967        4.6156150517024956        34.625666379436360        2.0000000000000000                1
   4.9579539988269019        3.0815083501892548        25.651197520400348        2.0000000000000000                1
   5.7876512236005651        4.9428139650545386        7.7354541494388132        2.0000000000000000                1
   4.1410240285904250        3.3281550752181763        37.148125490233603        2.0000000000000000                1
   3.0592485235354023        4.6047236083837069        38.777983494640353        2.0000000000000000                1
   5.0814947367059258        4.7006629963730635        10.530573027454842        2.0000000000000000                1
   5.1457617046879012        4.7834553820326304        38.273262346375219        2.0000000000000000                1
   3.1042434294567633        5.4592277228468760        32.504074943779194        2.0000000000000000                1
   6.8772754162580814        4.4927474754739327        34.780779447235624        2.0000000000000000                1
   4.1131011098319039        3.3771519509206747        32.782977297704349        2.0000000000000000                1
   5.1790896882296993        6.5300977120345989        15.639671827094219        2.0000000000000000                1
   5.0355103932445422        6.7260152550130030        5.5003202688649147        2.0000000000000000                1
   6.2110350365212437        3.4976338203941575        12.333519075354207        2.0000000000000000                1
   3.3357375862690222        6.1081962977159563        21.102894388979330        2.0000000000000000                1
   5.1240030258629830        3.0733954550561680        3.6239523354492511        2.0000000000000000                1
   5.1680768776927133        3.0086872416448509        7.0860384535813443        2.0000000000000000                1
   4.5242633543004098        6.8795206248057186        32.554187506745855        2.0000000000000000                1
   6.1221707613566041        3.3977837431309443        32.688870456064308        2.0000000000000000                1
   4.4616134829131990        3.9542946830443726        13.577232198621633        2.0000000000000000                1
   6.7784061239846753        5.8405554733974769        23.839416000785320        2.0000000000000000                1
   4.7409746260618482        6.8445255041957100        10.593672001280435        2.0000000000000000                1
   5.5354085300771754        6.7427507773162105        29.060072009269131        2.0000000000000000                1
   5.1403894939269481        4.8874956794123250        2.6369220948486758        2.0000000000000000                1
   5.3015044475342679        6.9250339620883103        7.4925095594920501        2.0000000000000000                1
   4.9405505674310435        5.0510025281367357        26.648014134477247        2.0000000000000000                1
   3.3820473846264947        5.9638750191240284        3.6823923715838816        2.0000000000000000                1
   3.5745932833713963        3.8653646246952578        27.599630509395102        2.0000000000000000                1
   6.5989030702507367        6.0880481773068693        26.009929442313904        2.0000000000000000                1
   6.8037038313784146        5.5819140114615706        11.476579904314434        2.0000000000000000                1
   4.5960318405813565        6.8959189084984001        19.675010663658529        2.0000000000000000                1
   4.2400479252965164        6.8123201685813193        39.495905177233922        2.0000000000000000                1
   6.6611337323940027        4.4340754720584412        18.777887944751274        2.0000000000000000                1
