     1000000
           1
  0.10000000149011612     
   7.0959467840544557        7.0992302057112182        22.391426932406137        2.0000000000000000                1
   5.3282687796463266        3.2078245500826643        8.0917709006575809        2.0000000000000000                1
   8.5984971299515500        9.2561697515478247        34.843515792185961        2.0000000000000000                1
   7.6765531492808305        7.7925532320169273        35.859996448491131        2.0000000000000000                1
   7.7466135853986540        5.5908643268181990        32.607894471263762        2.0000000000000000                1
   9.0850910459436225        8.7947827855343768        26.502454510810253        2.0000000000000000                1
   7.2449932330856219        3.1029845366892390        26.868638257405831        2.0000000000000000                1
   3.3459382246965572        8.0128038579672847        33.323288467072118        2.0000000000000000                1
   5.6393463167934659        6.5917595587631697        6.2558505068094412        2.0000000000000000                1
   4.9631678754489403        7.0958158130500530        23.458502714375108        2.0000000000000000                1
   4.6034141283086596        3.8131382756552945        12.171484264719522        2.0000000000000000                1
   7.0381707298300320        8.0095409334520618        16.079782577408881        2.0000000000000000                1
   3.0562970794918591        6.4011116625073141        22.471673365159251        2.0000000000000000                1
   7.3267456459993134        5.0811879171795056        21.504556230081892        2.0000000000000000                1
   8.9334364214617690        8.7075843023606243        4.3580328994150275        2.0000000000000000                1
   4.9075650638011403        6.1503182750258585        4.3586155300961398        2.0000000000000000                1
   9.9401200366812805        6.3624741828270315        11.460118999762157        2.0000000000000000                1
   6.5984677490069243        3.0070049415345070        35.221173048809646        2.0000000000000000                1
   9.7021223642316237        5.1875463862931142        15.340063583351531        2.0000000000000000                1
   5.6265057470362159        9.7208069190890853        17.609427848038976        2.0000000000000000                1
   8.6783343902050376        3.7703011032741860        35.503071523374970        2.0000000000000000                1
   3.2611993454252319        5.2975981202176792        29.631773265353033        2.0000000000000000                1
   6.7979400174127873        3.0958349125784870        10.347449756167501        2.0000000000000000                1
   6.7132232857477252        8.1149260839216240        28.680573833775401        2.0000000000000000                1
   7.3968201651011078        9.8551769013728663        36.806895981713012        2.0000000000000000                1
   8.8747039294526395        7.0913819249018175        15.436458205619463        2.0000000000000000                1
   6.0716618896386052        8.9492679964237531        14.466706786879433        2.0000000000000000                1
   3.5013701651248197        8.2094844602755153        30.638052571567545        2.0000000000000000                1
   3.9101239846647151        8.7590175286240974        11.346350097735643        2.0000000000000000                1
   5.2748926033098602        5.5368338036739901        21.567724604254881        2.0000000000000000                1
   5.1826303198092250        7.4655140497755781        13.136520158565741        2.0000000000000000                1
   5.8411073159439031        3.2442143398712751        1.6973445969819378        2.0000000000000000                1
   7.6171216315227301        7.5158049725892786        24.454097897175053        2.0000000000000000                1
   8.6826134265991577        3.9235816509307790        22.693013137753187        2.0000000000000000                1
   9.8605640898065534        5.7533819422391117        37.578350541030012        2.0000000000000000                1
   3.2639332484634176        5.3671846340975069        1.2162557736479567        2.0000000000000000                1
   7.8985510228927511        5.4717062836394748        39.527510744188696        2.0000000000000000                1
   8.8468213171403658        9.0658249840641218        32.856072254074753        2.0000000000000000                1
   5.2377849597090771        7.7376824667874216        17.243116995611807        2.0000000000000000                1
   3.3224956368540033        7.9003557078376652        26.492800683568504        2.0000000000000000                1
   5.8088604748646375        6.1099125692657248        25.668946709696911        2.0000000000000000                1
   5.3841278350646702        7.7224265588481149        5.9588781723641935        2.0000000000000000                1
   6.9692671255295293        6.7779897889113059        13.854372067952253        2.0000000000000000                1
   8.8034819954817944        9.1162647636161953        21.550062172102262        2.0000000000000000                1
   5.5231421000487195        9.8449697050590093        34.247338236250492        2.0000000000000000                1
   6.5681452891875169        9.9733594563797006        6.1980486712228133        2.0000000000000000                1
   4.5632345161421535        3.8338439129144493        1.7945320274642766        2.0000000000000000                1
   5.0644145977097876        7.2146457123706647        1.6558603450123741        2.0000000000000000                1
   5.9961984861502851        3.3284243863907927        14.541877858004614        2.0000000000000000                1
   4.6465687711519088        3.5691484791036903        34.953240963042042        2.0000000000000000                1
   6.3422129184078893        5.5660523250839757        23.673238589679386        2.0000000000000000                1
   3.4015197364234631        4.8862752245575791        36.849924976378432        2.0000000000000000                1
   9.5263197537713804        5.1077721876466118        6.8776209981133789        2.0000000000000000                1
   3.4056599806132426        5.0052306269119642        10.152592875741252        2.0000000000000000                1
   6.9083574217451007        9.8731059639302217        21.111641302591504        2.0000000000000000                1
   3.2462261700209902        5.6645049603295350        18.369740900353960        2.0000000000000000                1
   4.8375428890239149        6.1905677207929282        39.873444154648510        2.0000000000000000                1
   4.1444228487191284        9.0826807708594615        9.3198904696012885        2.0000000000000000                1
   4.2263065867361780        9.1394459837777173        16.190455805174128        2.0000000000000000                1
   4.5611921362531653        9.2197394682005456        36.145811514738135        2.0000000000000000                1
   6.7438027767072324        8.1685759043965174        35.812789822775599        2.0000000000000000                1
   3.6569026052215796        7.9424331746256129        20.337416178909635        2.0000000000000000                1
   3.1116109750052310        7.2892090180057476        9.8929395690116773E-002   2.0000000000000000                1
   5.3145715280529311        9.7714137693678271        22.372935812593710        2.0000000000000000                1
   9.8840456822857377        6.3532113010975939        4.5735952512969433        2.0000000000000000                1
   4.8716199006257419        9.0533867831421784        29.433931886809141        2.0000000000000000                1
   7.7641661196086984        9.5708238969285038        29.953404410048559        2.0000000000000000                1
   8.2108444846144728        3.5332889027872407        7.5671876483141389        2.0000000000000000                1
   7.5686205628241430        3.1894084909803344        31.192590455591070        2.0000000000000000                1
   9.4536569360389500        8.2763232288461293        2.1267919984711767        2.0000000000000000                1
   9.8335006686210029        5.5248037690360770        35.469099644230042        2.0000000000000000                1
   5.0974404227770576        9.6732881894348868        12.768550233723618        2.0000000000000000                1
   8.3294406218206536        9.4560947023164221        36.920730794421274        2.0000000000000000                1
   9.7429015908196366        7.5952132682201920        28.140598028535731        2.0000000000000000                1
   7.3192730352109185        5.2380608102923274        17.112462884260008        2.0000000000000000                1
   9.9296068819942622        5.9399940416928878        26.939707204059712        2.0000000000000000                1
   8.4744291190038226        3.7727296320214099        24.721467537234762        2.0000000000000000                1
   4.4915442064523976        8.9380033430435493        22.595799533990871        2.0000000000000000                1
   6.8613598611299027        3.3036037874667210        28.933634043101726        2.0000000000000000                1
   9.7738444740667081        7.1122711391761531        20.174199843923422        2.0000000000000000                1
   3.1190144414182392        7.2133408074078078        30.777919970827689        2.0000000000000000                1
   4.9966648422067159        3.3449066477770395        14.353024666324131        2.0000000000000000                1
   9.9610487150382845        6.5163857684029862        35.520060110204959        2.0000000000000000                1
   5.4494151071380426        3.2768929289468556        16.719937084976710        2.0000000000000000                1
   5.4406923426031106        5.4049245994256792        11.205179804477797        2.0000000000000000                1
   7.1885737907083405        8.2113220127828708        5.2390110410731916        2.0000000000000000                1
   6.1822624401763164        9.9418180036380654        23.000227260435821        2.0000000000000000                1
   7.2285559665662760        9.9153735857268241        18.888008561259021        2.0000000000000000                1
   6.0964193484140186        6.0297484138630413        30.803719709867739        2.0000000000000000                1
   8.8769496971114119        3.9751655804742327        28.795183811997578        2.0000000000000000                1
   7.8670226331013176        5.7808751795892412        3.7286770526478734        2.0000000000000000                1
   5.5162485974066477        9.8182719867103927        27.612996596860732        2.0000000000000000                1
   7.0413454360674228        3.0710846097886799        14.450210509893314        2.0000000000000000                1
   6.9881521223926226        4.9570522608946739        34.694460866479410        2.0000000000000000                1
   8.9154538407969888        3.9919140989548807        20.445615749677373        2.0000000000000000                1
   8.0472941975532954        6.7001101485109897        32.394692359237197        2.0000000000000000                1
   3.8508927726175615        4.5429388541961044        1.5806409799659191        2.0000000000000000                1
   7.2668611729496710        7.5384196429890293        7.7862970114404195        2.0000000000000000                1
   3.2810704444406191        5.5559276121275953        24.562512440223486        2.0000000000000000                1
   6.4416776069469659        3.0043666282688308        16.775807205418491        2.0000000000000000                1
   7.7612060008896275        9.5093624635528116        10.825759488292160        2.0000000000000000                1
   8.0179979402302770        7.1856477973468289        11.942113867623025        2.0000000000000000                1
   7.5717642050131149        3.2771074753320675        12.269409102646433        2.0000000000000000                1
   8.9393504463790077        6.7461074035837685        23.162500513203234        2.0000000000000000                1
   8.1290454785937492        3.5843527873727759        26.698013565525940        2.0000000000000000                1
   7.9603532249248188        5.9077887854823548        10.347843753447377        2.0000000000000000                1
   7.8012553029820602        9.6960174335728695        27.744814128719533        2.0000000000000000                1
   9.5587744411658786        4.8233305365096539        9.2990178261801262        2.0000000000000000                1
   4.2714164467918376        3.8495719075849375        39.736693664715233        2.0000000000000000                1
   3.6569778796405341        4.5229424101702254        24.697681508477807        2.0000000000000000                1
   3.4432477732679692        4.8494590647372506        14.318467058385865        2.0000000000000000                1
   5.0414174037750037        6.3513468754095808        11.400717148150392        2.0000000000000000                1
   3.1574582886098996        5.8189609262683568        20.368921857211980        2.0000000000000000                1
   5.0692498751400121        9.6119996930636376       0.54358892191276964        2.0000000000000000                1
   8.1178371580937494        9.3855856441886623        19.327135113572140        2.0000000000000000                1
   8.0239118455183291        9.4941827672507042       0.92967183695471800        2.0000000000000000                1
   5.2088814280979872        5.4481518150155948        13.200427223330156        2.0000000000000000                1
   4.9787689276072458        6.1834078428585340        27.675408288634596        2.0000000000000000                1
   3.1412408206247608        6.8134670660468659        13.997559011025968        2.0000000000000000                1
   5.4198091159579640        9.6555974739430344        25.194547391375409        2.0000000000000000                1
   6.0908224888841289        9.9612792775271348        12.713635997612892        2.0000000000000000                1
   4.1947553033430838        8.8800773315330783        20.568276944544014        2.0000000000000000                1
   7.9508543783609706        7.1448831591678772        27.151957863484395        2.0000000000000000                1
   3.2191020259956762        5.7083314036801305        36.233670077264158        2.0000000000000000                1
   5.6869839473217523        3.1085448259406276        4.0879426307655136        2.0000000000000000                1
   3.4811372547010988        4.8281172949265878        20.478676041899671        2.0000000000000000                1
   4.9977983585114982        3.6808020119264144        37.261909452128222        2.0000000000000000                1
   9.7143261292953369        7.8691326100912136        17.226455641459779        2.0000000000000000                1
   3.5079382961975472        7.9845707645509627        11.928324672503711        2.0000000000000000                1
   5.4163850179617139        3.2947044292173389        32.856282858598028        2.0000000000000000                1
   7.8106616870471823        9.5699708484570483        21.549510185484024        2.0000000000000000                1
   9.4596987267556258        5.9871215590523494        18.448031718497422        2.0000000000000000                1
   5.3045959637826066        5.3426451809184963        31.095243414570355        2.0000000000000000                1
   9.9618699870231993        6.7136266206543231        39.849323731376359        2.0000000000000000                1
   3.7748735195445553        4.6175421767381986        32.261145279688634        2.0000000000000000                1
   3.1746088693142402        6.6876206219188647        7.5232533173100578        2.0000000000000000                1
   5.2715503256181897        5.3169541278731520        15.347325733190766        2.0000000000000000                1
   4.8321268649725377        3.4343708704002189        10.106584703768425        2.0000000000000000                1
   8.0122178486941582        6.7941296914786378        3.6834681917406025        2.0000000000000000                1
   9.3093258229017550        8.2071321739754950        10.725722831389067        2.0000000000000000                1
   8.2296215134474942        5.5836042838728952        16.803445641093493        2.0000000000000000                1
   6.3489584168294115        8.0500219249595837        25.956338189595780        2.0000000000000000                1
   4.0298846217144018        8.7787310134649736        33.330298676683881        2.0000000000000000                1
   5.3929809841093483        7.3419358643611270        34.503349540616583        2.0000000000000000                1
   5.1818435280674393        9.6578177994327650        7.6779941039608284        2.0000000000000000                1
   3.1641377511673037        5.9280887415689074        9.8017093406272942        2.0000000000000000                1
   7.8866826870242512        6.8655526619872838        9.9689052943047400        2.0000000000000000                1
   3.8677388479982184        8.7324607245366828        2.3936691033112463        2.0000000000000000                1
   3.2954020792508190        7.8713073744900965        2.5406476561405098        2.0000000000000000                1
   6.6964788339068031        6.9931104695967674       0.24085751884995654        2.0000000000000000                1
   3.5389497418313565        8.3480353038550827        16.321817265912383        2.0000000000000000                1
   5.4741530098713396        8.7008852959053300       0.35044784604053303        2.0000000000000000                1
   8.9252302186252503        8.7292319692961104        8.8054186473221208        2.0000000000000000                1
   8.3325511833720718        3.6380393964520632        11.706037836517359        2.0000000000000000                1
   9.8138348765140400        7.4611919429181235        4.7270245709573881        2.0000000000000000                1
   6.2295743443003824        4.8416091181050476       0.48876254059442947        2.0000000000000000                1
   4.2206528106336050        4.1366979250566995        20.594915184954974        2.0000000000000000                1
   9.6348941261327745        7.9284268284405384        12.897295437853005        2.0000000000000000                1
   9.0694481885879767        8.8765288005301439        12.864178605539118        2.0000000000000000                1
   9.0079372490510732        8.7906027851371995        23.743353197830238        2.0000000000000000                1
   4.0116213708531818        8.9100484565697560        18.566369904860142        2.0000000000000000                1
   3.3569497176224803        5.0040180777681238        3.8036775478814424        2.0000000000000000                1
   7.1985598347417223        7.8059573432041107        30.899477832704878        2.0000000000000000                1
   5.3513797064610600        5.5770108748289982        6.5669802300833586        2.0000000000000000                1
   9.9832422723669936        6.7336169297114541        26.099332406954897        2.0000000000000000                1
   9.3443700726636880        8.3015901635826044        21.769196857021676        2.0000000000000000                1
   8.0735878168690807        9.5298300605444588        23.562800476007165        2.0000000000000000                1
   9.6736998287032403        7.9270214919830773        19.590978058732492        2.0000000000000000                1
   5.6533862115950013        9.7522580117964193        29.721330037107322        2.0000000000000000                1
   6.7727292384523743        9.8567732396625338        29.746665518661217        2.0000000000000000                1
   9.2400796011549637        4.3617998129752280        31.365580348756339        2.0000000000000000                1
   9.4858171112827954        4.7672372429411114        28.688181088419277        2.0000000000000000                1
   9.1460649763431956        8.7252404073843728        37.108612511737640        2.0000000000000000                1
   9.9947833903947920        6.5374592572765140        21.043761021657669        2.0000000000000000                1
   3.0795216423048704        6.9436029730040518        28.293212086405475        2.0000000000000000                1
   7.0749552879195052        9.9427432561546638        8.4351268813668607        2.0000000000000000                1
   9.4749264806340978        4.6658873494501023        22.741715215529204        2.0000000000000000                1
   3.0167648486332346        6.6725408946794982        24.738268285416115        2.0000000000000000                1
   4.3816523686702009        9.0662532749139331        38.629202233860191        2.0000000000000000                1
   7.5753347202770627        5.2130073469207678        27.909800090967501        2.0000000000000000                1
   4.9354393593827606        7.2105213304347888        27.500079861889024        2.0000000000000000                1
   7.2219523073987997        5.0211737163103276        14.929484092676223        2.0000000000000000                1
   8.4812556117025313        9.3785752603352179        25.713679916064134        2.0000000000000000                1
   9.3485195279550233        8.5315443068728865        28.529936221936310        2.0000000000000000                1
   5.5173442594519795        3.2029742596299107        22.944939144712144        2.0000000000000000                1
   3.7193334607061330        4.6702679381012491        18.364799202500059        2.0000000000000000                1
   6.6673664762557605        7.2285797388423392        37.653226720966792        2.0000000000000000                1
   3.9518072257577455        8.8874824214533081        26.658992596910373        2.0000000000000000                1
   6.9389834924055638        3.0437577816201271        37.527020055784952        2.0000000000000000                1
   7.4406669190968273        9.5982127587825730        38.839124472550338        2.0000000000000000                1
   6.3683676504337186        9.9885995619884831        36.729453007610509        2.0000000000000000                1
   4.9805570143696034        6.5895326568374299        19.180228108628441        2.0000000000000000                1
   7.0042020722963194        7.9690836600342934        2.0394596529158142        2.0000000000000000                1
   9.9653817361765391        6.8353806984938341        23.058611723111479        2.0000000000000000                1
   7.7259129438512248        6.5948802061489973        7.9482362082828670        2.0000000000000000                1
   6.2835413350831244        8.1504506396351424        37.877532338585731        2.0000000000000000                1
   7.1045225957493496        5.1020601346293013        36.733845670763827        2.0000000000000000                1
   3.7730702282287716        4.3143886552079271        16.218662718941687        2.0000000000000000                1
   8.8449297700443648        9.0797341444104376        6.4551421320527584        2.0000000000000000                1
   3.1361440003122412        5.9694114130502394        3.3114003752642547        2.0000000000000000                1
   7.2939466157803503        6.2338477246687543        34.652702534444153        2.0000000000000000                1
   5.0831511221246695        7.2232535010674122        10.375101140508523        2.0000000000000000                1
   9.3168808735226616        4.5800427703882107        35.641910566983427        2.0000000000000000                1
   9.8217047150523751        5.8600742540072854        9.3360624892075901        2.0000000000000000                1
   5.1056516244603785        6.3962935707043931        14.962629813945554        2.0000000000000000                1
   3.3163465063239070        5.7939116196571163        26.581267577326635        2.0000000000000000                1
   6.1786238882965341        4.7868496669024072        3.1153112125631308        2.0000000000000000                1
   4.9490145002772454        6.6386333884217263        25.475855378491019        2.0000000000000000                1
   8.2933406397745397        3.5030606028057738        18.516953197819465        2.0000000000000000                1
   3.4184253643350000        7.9130799743691087        18.349561887897362        2.0000000000000000                1
   9.6199883367515824        5.4718422324864138        24.573437309312201        2.0000000000000000                1
   3.7584817820298388        4.5435576996931886        8.0862018415977346        2.0000000000000000                1
   5.3780964365474917        5.6634810445294308        17.362529423674225        2.0000000000000000                1
   4.7425825482443553        9.5158159772314530        18.092053766070919        2.0000000000000000                1
   8.7354564057868895        4.2090612292463190       0.85824344711240652        2.0000000000000000                1
   3.0184775795608556        6.8417370991353428        5.2706316564945075        2.0000000000000000                1
   5.7488365982810965        9.8757713423313067        14.786644676130820        2.0000000000000000                1
   6.0829624796326662        6.7795019446864542        4.3099234654227327        2.0000000000000000                1
   9.3310345923410729        7.6833899590172345        37.184667877589149        2.0000000000000000                1
   3.7189634979325699        8.5030003765041844        35.522471234073784        2.0000000000000000                1
   8.2186909850646064        5.6298391673290098        21.369697086621258        2.0000000000000000                1
   7.4280234243569474        7.7846102574525480        9.7779284225991443        2.0000000000000000                1
   3.9196775370948131        8.6955482392265218        14.191356934960176        2.0000000000000000                1
   3.4024315127876870        7.8393878878647731        13.970187955295165        2.0000000000000000                1
   9.4643817168451765        4.7660246954003700        20.059331313832850        2.0000000000000000                1
   6.8518727529100110        6.8228207996408603        15.921964331042705        2.0000000000000000                1
   3.1971874799919053        7.6257283655899002        35.563464105246474        2.0000000000000000                1
   3.1556555148756642        7.4372750326895805        22.621573450599417        2.0000000000000000                1
   9.8623943030101024        6.2624094673443320        31.249077148517127        2.0000000000000000                1
   6.5900226224357112        5.0125509873333893        27.278863277010821        2.0000000000000000                1
   5.5568913332318548        3.2162047620689611        35.255025238645317        2.0000000000000000                1
   7.9121271939263771        7.5366642877493186        31.804718446710151        2.0000000000000000                1
   4.4610060203430137        3.9390420212362884        24.972222203556978        2.0000000000000000                1
   3.3550229438735619        7.8810123882645193        7.0669642508625374        2.0000000000000000                1
   7.8007593899296346        5.8118322638602091        25.537499551427079        2.0000000000000000                1
   8.2029960951957044        9.3898921448700143        12.797843836593636        2.0000000000000000                1
   9.2168672886587384        7.9044305037863518        6.7374467637800537        2.0000000000000000                1
   6.5231072579154086        4.2031275787594753        25.319727150617364        2.0000000000000000                1
   7.4409783063468096        3.1678307890200648        8.1953400751101668        2.0000000000000000                1
   8.6798074503669476        7.7495295685025143        28.919798920024963        2.0000000000000000                1
   5.6753114086356025        7.6812205520312062        23.891853751250068        2.0000000000000000                1
   5.3788546294690791        3.3973100544680270        30.464490825882908        2.0000000000000000                1
   6.5330647433146289        3.0021945230427693        12.335791444371619        2.0000000000000000                1
   6.9925020968777911        4.9013926764808620        32.339840099863281        2.0000000000000000                1
   6.2567315549474936        3.0508787029441047        39.541168842015466        2.0000000000000000                1
   9.2431342518411554        4.4153685111929875        2.9955004787765227        2.0000000000000000                1
   3.0183931648321649        6.6187584990580133        35.847005169423852        2.0000000000000000                1
   4.5348366784744307        9.3882739922637626        24.596217396348159        2.0000000000000000                1
   7.5767501362612339        7.6426882576164683        13.989155893386814        2.0000000000000000                1
   4.9727251199952445        7.0939750482625215        39.143787468954606        2.0000000000000000                1
   5.0887024659289235        5.4854836553087800        35.424631004454390        2.0000000000000000                1
   6.5480767626942740        8.3156990470397538        9.5074875291609295        2.0000000000000000                1
   5.5850949008654949        9.8334029496393569        10.535763662792279        2.0000000000000000                1
   6.7880249228290150        8.2695720807247870        7.2741343780695411        2.0000000000000000                1
   9.2006919613956644        4.3306841409076693        5.0611183886315132        2.0000000000000000                1
   6.2028732396144370        4.9539051971510615        21.715520058248877        2.0000000000000000                1
   9.0846236183334756        4.2352039889528292        33.479434467713958        2.0000000000000000                1
   6.4981672221399451        5.0238841789607545        13.008923585578692        2.0000000000000000                1
   9.0840094348285128        4.5235879561166321        11.575232887579507        2.0000000000000000                1
   8.8996810394203116        4.0726629681487481        9.4597008055461345        2.0000000000000000                1
   5.4675509857805169        5.4240634171783082        19.533589428771556        2.0000000000000000                1
   4.4755276796935561        9.3479135618016489        4.8619958700891255        2.0000000000000000                1
   3.2306135989350779        6.3399972441068613        31.392055994339064        2.0000000000000000                1
   3.1209487137944913        6.7998189131540503        2.6512640933118949        2.0000000000000000                1
   6.3730059059332147        8.2781300309256736        11.598336314632704        2.0000000000000000                1
   8.4936484912685675        6.7403972501201110        1.2288308147256211        2.0000000000000000                1
   9.0742838500460383        8.7958211275631921        19.183061958790361        2.0000000000000000                1
   6.9542954338779257        6.8045554183605983        18.358602785688365        2.0000000000000000                1
   6.9762521173477392        9.5605068964791524        23.482785462701081        2.0000000000000000                1
   9.1900513088185551        8.7226881089619166        17.012861148546275        2.0000000000000000                1
   9.8271314676149597        7.5595909253585107        35.152259497998891        2.0000000000000000                1
   7.8022409913276318        7.5387776769379853        18.132472972232030        2.0000000000000000                1
   6.3504769302643469        3.0892054561355016        6.3679699245509296        2.0000000000000000                1
   3.2513552820561054        6.3611686884972958        38.254109643774875        2.0000000000000000                1
   3.3224803427260365        5.8295663952781132        5.6989864261777647        2.0000000000000000                1
   3.0079449715460713        6.2967271943008010       0.68326316986857139        2.0000000000000000                1
   3.7587618461372756        8.6714269564398982        24.655116700827776        2.0000000000000000                1
   5.0709321215585899        6.7607791397542298        21.371650441362238        2.0000000000000000                1
   4.9944949873320095        6.5908226761106476        17.111767145215548        2.0000000000000000                1
   9.8625613302100081        5.7226638916729087        29.095296675408946        2.0000000000000000                1
   4.2746741070428289        3.7986125378024274        18.440960163098985        2.0000000000000000                1
   8.0039813722495268        9.6336914059435923        32.618492805282060        2.0000000000000000                1
