     1000000
           1
  0.10000000149011612     
   4.7475189887611213        4.6751920928788415        37.539891734141527        2.5000000000000000                1
   4.5846065378910668        3.7779720812957938        31.119501784898315        2.5000000000000000                1
   3.8094540025229966        4.5253610199312027        30.981847173675483        2.5000000000000000                1
   4.0128195614728934        4.7443053819326675        14.530891631239280        2.5000000000000000                1
   5.7439709339657838        4.8231776865858622        28.114171858967094        2.5000000000000000                1
   4.9554796600878488        5.7161523814217539        6.2891421246558261        2.5000000000000000                1
   5.7051100525338905        4.7319046107712177        19.247009334199184        2.5000000000000000                1
   4.8277910802379296        5.7097986838403632        5.2789109494394211        2.5000000000000000                1
   3.7905575609448281        4.6736333422027485        34.926076605092426        2.5000000000000000                1
   3.7776167054122851        4.9282073181812089        26.485058305932306        2.5000000000000000                1
   4.6457856128444242        3.8498519758907772        3.5220656123837353        2.5000000000000000                1
   4.4131404186338354        3.8768893849844996        2.4892200564533615        2.5000000000000000                1
   5.2268128801928455        5.6160933574956653        39.839988177213790        2.5000000000000000                1
   5.7321268025556149        4.8058178561420988        29.142129206733184        2.5000000000000000                1
   5.7182633621336834        4.9430469810828237        10.970461115343694        2.5000000000000000                1
   4.6928076932400016        5.7473337899710497        22.169467297265061        2.5000000000000000                1
   4.3984925915997799        5.6496308190212909        26.125977156001685        2.5000000000000000                1
   5.7156033553743555        4.8362090534743265        12.022500139660258        2.5000000000000000                1
   5.7054245247134032        4.8546083681801688       0.30970832481250138        2.5000000000000000                1
   3.8684272131744453        4.6389278585350882        8.4060836093829128        2.5000000000000000                1
   4.7330465416554377        3.8787478796799655        14.548526869526114        2.5000000000000000                1
   4.7825420187456409        4.7040826739242423        19.808406726321419        2.5000000000000000                1
   4.9747874179231850        3.7898088290878533        19.205165802148954        2.5000000000000000                1
   4.8729207562449339        5.7418713877107610        29.007732532033604        2.5000000000000000                1
   3.7583490960282044        4.7553373668776233        25.467355875549863        2.5000000000000000                1
   4.7252446708771227        4.7468236749234123        31.453509538111643        2.5000000000000000                1
   4.4880028715114806        3.8559877959963651        7.9182046582151173        2.5000000000000000                1
   4.9550012989566872        5.7046084557615861       0.80954346464626348        2.5000000000000000                1
   4.7247014569474253        4.7809308964664980        22.860850445428984        2.5000000000000000                1
   4.7256896960412025        5.7324672782094774        23.367601236539318        2.5000000000000000                1
   4.7959220560041738        4.7733278778896366        11.356120915094428        2.5000000000000000                1
   3.7858284357481904        4.7069154852141137        3.1471970676592935        2.5000000000000000                1
   5.7078935960373833        5.0028559672304027        5.5638122684019597        2.5000000000000000                1
   3.7970624009779739        4.4890322604837367        37.986765622883297        2.5000000000000000                1
   5.6790705973550475        4.4701961196540019        20.246524028972239        2.5000000000000000                1
   4.7243725316025387        3.7532299628869685        37.146036129711753        2.5000000000000000                1
   4.8388037786161355        3.7711710346962497        20.272517381841361        2.5000000000000000                1
   3.9445917891859383        4.2062884940505567        33.778137573579578        2.5000000000000000                1
   4.7207188658838097        4.7405138198479300        34.231202547619276        2.5000000000000000                1
   4.5829942804451029        3.9074322835079034        8.9129432438769332        2.5000000000000000                1
   4.4119547125440084        3.8747963989291643        34.658505004741421        2.5000000000000000                1
   3.8446832384817871        5.0122353516812552        22.242359997439063        2.5000000000000000                1
   5.0127989144791378        5.6942203085926861        10.706748737527850        2.5000000000000000                1
   4.0969167123193966        4.0135714117973498        13.767369139138424        2.5000000000000000                1
   4.0775090341038256        5.2163167761681812        17.175934360323510        2.5000000000000000                1
   4.7226117636238127        3.7961638780275413        38.159989276810698        2.5000000000000000                1
   5.1338428511232017        5.6431673106605613        11.796484661407545        2.5000000000000000                1
   5.7072291557469335        4.9556003965028150        16.686149329601772        2.5000000000000000                1
   4.7499005992986723        4.7768420486666745        25.762936053260852        2.5000000000000000                1
   4.9318233195228212        5.5921896319217783        16.725856936171084        2.5000000000000000                1
