     1000000
           1
  0.10000000149011612     
   4.2167422305869309        3.3985713028275120        22.105343162443354        1.5000000000000000                1
   4.1873974354585268        3.5838200521106285        23.106028841248360        1.5000000000000000                1
   2.9406987211925388        4.1132424801777541        25.590581564913965        1.5000000000000000                1
   3.9172768601805079        3.9544019992348574        6.7191337044112469        1.5000000000000000                1
   3.2824291678292674        4.2230535318340339        21.065214639440590        1.5000000000000000                1
   2.2716943108697039        3.0466358227355204        1.9158831866909232        1.5000000000000000                1
   3.4545471300522830        2.2742704102666642        38.053054898208330        1.5000000000000000                1
   3.3128571385741914        4.2463816179400169        19.533747509929327        1.5000000000000000                1
   2.9290677078349256        4.1687641383622820        1.1296990558318032        1.5000000000000000                1
   4.1697909075906070        3.2361280569526456        17.052394426161641        1.5000000000000000                1
   2.9623339010277134        2.2946732552319822        11.256541928530872        1.5000000000000000                1
   2.7604143234165681        3.9722527051560670        5.6492395834772084        1.5000000000000000                1
   2.4454086202208209        2.7442320310872614        33.941875976355817        1.5000000000000000                1
   4.1619217093418879        3.2753799318783559        32.020620056610454        1.5000000000000000                1
   2.2974888641514584        3.1629100418938041        9.1126265441198626        1.5000000000000000                1
   3.2531341947384744        4.2362360412267313        36.371602823761123        1.5000000000000000                1
   2.7983313626783852        2.3699334309718791        7.8787190774779576        1.5000000000000000                1
   2.8220463200564021        4.0941408129241159        31.966589531697728        1.5000000000000000                1
   4.1853937834009542        3.5856630017136353        5.0825353530861639        1.5000000000000000                1
   3.9738468695008011        3.9266296049152158        9.5418986844748517        1.5000000000000000                1
   3.6946761058875364        2.3645360204025789        23.905951254785144        1.5000000000000000                1
   2.3904239520153543        2.7946400617611378        31.291484489690916        1.5000000000000000                1
   3.1720847039455258        2.2769286727674576        35.174868654027399        1.5000000000000000                1
   4.1832180529108909        3.5230083842280280        1.9295414678782827        1.5000000000000000                1
   2.2810340712121682        3.0583658053313125        12.653151171480900        1.5000000000000000                1
   2.5537431503446877        2.5365787479950184        14.962108743015612        1.5000000000000000                1
   2.9580958112086160        4.1807958650401114        38.072189864851225        1.5000000000000000                1
   2.4305512228726842        3.8158408587134369        14.086667405125556        1.5000000000000000                1
   3.3185504450925607        4.2241805245609481        11.840897187255845        1.5000000000000000                1
   3.0780662543030011        2.2842397651585742        27.949806419184153        1.5000000000000000                1
   4.0413552965750243        2.6564858280298442        15.167560481631691        1.5000000000000000                1
   3.9232858377198179        3.9737826379105594        11.071470376025459        1.5000000000000000                1
   2.3360225591490149        2.9132471010654593        37.284305760082681        1.5000000000000000                1
   4.1838040191968799        3.2803093415878730        10.391956453670677        1.5000000000000000                1
   3.7365804152047581        2.3967836420820796        36.569013886474451        1.5000000000000000                1
   4.0407031149429393        3.8267303033716251        35.891708600466309        1.5000000000000000                1
   3.9559089440848356        2.5485159618185818        33.759486119421794        1.5000000000000000                1
   3.1296198268432862        2.3041086869250864        26.908192020903954        1.5000000000000000                1
   3.3684181017373849        4.1830199603275151        17.963742984827469        1.5000000000000000                1
   3.1642498297026171        2.3020263130506295        21.124853127545435        1.5000000000000000                1
   3.5815388975321931        2.3530395798412744        2.6540497102762677        1.5000000000000000                1
   3.6177706746301577        2.3490072918013194        12.707214313148883        1.5000000000000000                1
   3.0886732795971170        4.2317923058983880        4.1796454752348264        1.5000000000000000                1
   4.2256350145954498        3.3187122893128187        27.440374490290054        1.5000000000000000                1
   3.3024911157687966        2.2594614724645714        17.935883652600705        1.5000000000000000                1
   3.9004800584038404        2.4979244067467214        8.9047575524280091        1.5000000000000000                1
   3.2666087312651153        2.2542863933903483        19.615653083939090        1.5000000000000000                1
   4.1571882810831209        3.5009798194080077        26.358159535216501        1.5000000000000000                1
   4.2349519332543704        3.2238639219302190        18.922834667937057        1.5000000000000000                1
   3.1164404279713440        4.1966625506606166        30.981136807700757        1.5000000000000000                1
   3.8245985106489671        2.4377373889381291        6.7440355641152587        1.5000000000000000                1
   2.3823124925325647        2.7762718573049603        6.4840699155384902        1.5000000000000000                1
   2.3965878013006137        3.7504479489961731        15.860372348968738        1.5000000000000000                1
   3.2515378019986754        4.0676278208954599        33.465911018490466        1.5000000000000000                1
   3.3867661880685573        2.2897928152086333        5.3033657405145913        1.5000000000000000                1
   4.1496199667666751        3.4997548048870910        38.701395454493912        1.5000000000000000                1
   2.4123215018910975        2.8608749309084436        24.808891707187868        1.5000000000000000                1
   2.3518505998211165        2.8326479511105878        3.4752777550482197        1.5000000000000000                1
   4.2044536986355858        3.4685013398469628        3.4798004956874271        1.5000000000000000                1
   2.2969603592707202        3.0374153659457419        38.807252434180590        1.5000000000000000                1
   3.0209884184920135        4.2140427378754310        16.496356068211444        1.5000000000000000                1
   3.1219168010474498        2.2887088851116828        32.537523011104156        1.5000000000000000                1
   2.4164759510474703        2.9060149462489271        26.340519487243665        1.5000000000000000                1
   2.5539187493654896        3.9537130796250874        7.4816718892536880        1.5000000000000000                1
   2.2898283361744536        3.2876513813109129        20.338254189379633        1.5000000000000000                1
   4.1218777882247908        2.8362305391345877        17.982047283099593        1.5000000000000000                1
   3.3108261021502954        4.2442792144656902        8.8022670922484814        1.5000000000000000                1
   3.0250128059247778        4.1834315599349337        27.108995599921684        1.5000000000000000                1
   4.2056404574868962        3.1548786139205482        20.428253180691819        1.5000000000000000                1
   2.9459547975968072        4.1692138218360837        39.577308003870272        1.5000000000000000                1
   4.0219564190052903        3.8172610373889846        32.874678384739070        1.5000000000000000                1
   2.9169466397488244        4.1899452876878485        22.538083606863122        1.5000000000000000                1
   2.8203306880551389        2.3613070615743403        13.998878026550321        1.5000000000000000                1
   2.2840882311334938        3.3809771193924436        28.787788666940628        1.5000000000000000                1
   3.5526294635775768        4.1759071587209533        28.523331269756721        1.5000000000000000                1
   2.5918036785458725        3.9680474438875550        10.350086119729799        1.5000000000000000                1
   4.2069666225290900        3.2183397604019079        30.405151793171470        1.5000000000000000                1
   4.2037884832492187        2.9588276016971018        12.158709794696554        1.5000000000000000                1
   3.0001047408811110        4.1688578714597959        29.961707929789672        1.5000000000000000                1
   3.0980963320075725        2.2646319623895228        16.338212098802106        1.5000000000000000                1
   4.2404381311018540        3.3504511288875651        35.030383679017156        1.5000000000000000                1
   3.5689237994662046        2.3268180948738300        1.1160148855157876        1.5000000000000000                1
   2.3183221726984518        2.9504953370365286        32.925900863113490        1.5000000000000000                1
   3.3859301716705392        2.3843538624772123        29.448130124189813        1.5000000000000000                1
   2.3118580208955515        3.1018905761767801        11.548963200214263        1.5000000000000000                1
   3.7849639559924317        4.0422810031914578        13.258017197222724        1.5000000000000000                1
   3.6309634112396729        2.3462011585403015        39.574718943717002        1.5000000000000000                1
   2.4197134401986062        2.9586550812687364       0.35255696003347731        1.5000000000000000                1
   2.3107197050171355        3.5845744250356293        27.720911251230966        1.5000000000000000                1
   3.0208284726058960        2.3414296154446799        10.146852710659621        1.5000000000000000                1
   2.3788990623765676        2.8292932919303775        23.308826472286174        1.5000000000000000                1
   3.5338504001851119        2.3111005182791233        4.2927036940975407        1.5000000000000000                1
   4.1803605150906042        3.5813621808698359        37.375475943398875        1.5000000000000000                1
   3.6576818611650466        4.1146082289677075        14.938174437843168        1.5000000000000000                1
   2.2515954903810407        3.2591693392241341        4.9652610414334148        1.5000000000000000                1
   3.8443996700314149        4.0240473068614264        34.366460267444111        1.5000000000000000                1
   3.2255342330281658        2.2666990350205927        22.205440111562304        1.5000000000000000                1
   4.1987409873245145        3.5549815638694251       0.42532049378044318        1.5000000000000000                1
   2.5011138605059680        3.8771122862828289        35.036371599097727        1.5000000000000000                1
   4.2433384645727497        3.2050267997811570        16.005364570932993        1.5000000000000000                1
   2.2772944859733788        3.1661257837693113        17.318461138662851        1.5000000000000000                1
   2.2922425975792686        3.4814296529276074        21.913798137098659        1.5000000000000000                1
   4.2320096431093210        3.2826699556411394        13.737757552397328        1.5000000000000000                1
   4.1220572983734716        2.8459749716170006        28.937586993416289        1.5000000000000000                1
   4.2466862144355151        3.2099037979473692        8.0742305725683643        1.5000000000000000                1
   2.7592225452624790        4.1070072495404117        24.037027142050082        1.5000000000000000                1
   2.3396734430685879        3.0210485307892849        36.288657140471173        1.5000000000000000                1
   2.3229550772588228        3.1354466437851931        18.831425014360580        1.5000000000000000                1
   4.0741319627658434        3.6034051191083467        24.706432286189727        1.5000000000000000                1
   3.2178203718422052        2.2580549780801533        31.036812476664586        1.5000000000000000                1
   2.2900789081274056        3.4017018037742459        29.855983253411562        1.5000000000000000                1
   3.0395855249378996        4.2169427014112815        2.6543121044728331        1.5000000000000000                1
   3.6698710562070409        2.3668025722484178        25.504348256899711        1.5000000000000000                1
