     1000000
           0
  0.10000000149011612     
   7.7524790022691148        5.2991458089014483        29.819291464760528        3.5000000000000000                1
   7.5556960656234224        5.3272815361814603        21.547648012875101        3.5000000000000000                1
   9.4042005272740621        9.5813722563968913        39.811560659663655        3.5000000000000000                1
   6.5284952047945399        9.9102031866998832        18.502538937538734        3.5000000000000000                1
   9.3986359017297989        9.6237658278173619        7.0981873710456531        3.5000000000000000                1
   10.157406732189406        7.1471227037633689        13.144469951231807        3.5000000000000000                1
   6.4183126477577384        9.8588297121653898        3.1819147715901281        3.5000000000000000                1
   7.6789536980548849        10.238178651471406        2.0476939937634313        3.5000000000000000                1
   10.181949861740437        7.2748538452517550        1.0068570218896740        3.5000000000000000                1
   9.8177506441196165        6.3632334208744634        1.2417564899762421        3.5000000000000000                1
   7.6449025087287481        10.189264397428028        13.011643104985261        3.5000000000000000                1
   10.151671255474565        7.7406796354456091        34.657927942996807        3.5000000000000000                1
   9.5962684727132928        6.0855680642281094        7.2037692561338105        3.5000000000000000                1
   10.000622750408466        8.7903038525544765        30.139141397565652        3.5000000000000000                1
   8.7250600397938083        10.019516110180104        14.555828500207323        3.5000000000000000                1
   10.173596523784212        8.3396457239562594        10.646299094708212        3.5000000000000000                1
   8.4749835676351655        10.109644220927448        8.8516129679689133        3.5000000000000000                1
   6.8801336025990292        5.4356392922531516        22.375654799791718        3.5000000000000000                1
   6.3184158435766866        5.7555995158070203        38.000060862603085        3.5000000000000000                1
   10.069318050361540        6.9622046686894716        32.047917627894073        3.5000000000000000                1
   5.4021973682488804        6.9491769260834131        31.871077779183526        3.5000000000000000                1
   5.4334464591861495        6.8743076660816342        17.906853657251837        3.5000000000000000                1
   5.3434671732659673        8.3517742965715112       0.18434980076216997        3.5000000000000000                1
   9.2631231791588107        9.7323613464046481        2.6683130803095434        3.5000000000000000                1
   9.0993355375196998        5.6653837372252207        14.300573742656793        3.5000000000000000                1
   5.9499540960123829        9.4441678455198996        28.666360402758119        3.5000000000000000                1
   7.2232240729874970        10.187264216237077        36.868594906711301        3.5000000000000000                1
   5.5576773575135689        8.4889866672894225        17.334352936215414        3.5000000000000000                1
   5.7069677417904501        6.3348046318906013        23.382652983378343        3.5000000000000000                1
   6.5307877143961681        5.6089097941560428        25.091265462313430        3.5000000000000000                1
   6.0223415631611443        5.9489710751752760        6.5761433439944383        3.5000000000000000                1
   10.019303980162819        8.7648164114532303        25.689547610651577        3.5000000000000000                1
   5.4021447257069735        8.5843114389442459        38.335481725067261        3.5000000000000000                1
   6.5967361158091977        5.5555728476155322        17.167314615946442        3.5000000000000000                1
   8.7624080365159394        5.4935786500868691        36.797458596781631        3.5000000000000000                1
   9.8446666380205752        9.1109436653216687        39.031057476751329        3.5000000000000000                1
   6.2882840128897151        5.7380566214832376        3.8420582452050844        3.5000000000000000                1
   5.3581733558553379        8.1180364520691484        2.6657327018512365        3.5000000000000000                1
   7.5717527044122628        10.237771718795155        28.071721627392108        3.5000000000000000                1
   5.7104847950580888        9.1187817753190252        3.0288836044500815        3.5000000000000000                1
   6.4388239881391458        7.0147300342370977        19.776227826177930        3.5000000000000000                1
   9.1484809870868080        5.6863488732222560        6.3222490013925290        3.5000000000000000                1
   5.5775365312518659        8.9148348702540670        29.494160109335109        3.5000000000000000                1
   8.4623293843653542        5.4070409452950274        11.660964198778400        3.5000000000000000                1
   6.1545874494190453        5.8711116920062567        26.058078047726504        3.5000000000000000                1
   6.1674607927273506        5.8345856215664353        33.439306815260757        3.5000000000000000                1
   6.1150804117260931        9.5631998928299282        2.2294922647885649        3.5000000000000000                1
   9.2834549679050404        5.8439654544771473        17.888442461499370        3.5000000000000000                1
   5.7919246678868239        9.2891070708220695        9.4295833352398990        3.5000000000000000                1
   9.9616793798473360        8.8065452035611926        37.255322238392594        3.5000000000000000                1
   5.6340366302083424        9.0376318939476459        27.641299998531075        3.5000000000000000                1
   10.036804588387756        8.5089823193590508        14.171050605688583        3.5000000000000000                1
   9.5453236773096677        9.3592068730306348        18.482425127497162        3.5000000000000000                1
   8.8300941508527639        9.9687722646931558        26.388977024580086        3.5000000000000000                1
   5.6309412049583285        6.4294087364186971       0.33510075008682139        3.5000000000000000                1
   6.0799223831160703        5.9350753047328073        6.6135516333076474        3.5000000000000000                1
   8.6514885516682263        5.4293932982042747        15.293746525945350        3.5000000000000000                1
   9.4334638557923203        5.9309420958779135        27.701403716101929        3.5000000000000000                1
   5.5564532434930083        8.9482763682765150        36.581477767694693        3.5000000000000000                1
   8.8578484823997723        5.5708597426192608        26.912557504410188        3.5000000000000000                1
   6.8692581392834962        5.4350623344733284        38.906139938389870        3.5000000000000000                1
   5.2867256684204467        7.9765677813919300        39.147268025660892        3.5000000000000000                1
   8.8187982708720778        5.5215022229050748        38.952217440538107        3.5000000000000000                1
   8.7501908367247907        5.4640467065816365        7.2304526153107762        3.5000000000000000                1
   9.9695388468198392        6.6404038724996903        17.834575635638060        3.5000000000000000                1
   5.3306254304955045        8.3159180802265826       0.18870883064173516        3.5000000000000000                1
   10.074866461623552        8.5416914769158829        6.1552668711661047        3.5000000000000000                1
   6.3475830103672060        5.7236600973774081        21.569395232046087        3.5000000000000000                1
   10.017372249764207        7.4815847103173487        3.7738960648089530        3.5000000000000000                1
   7.0973329477421903        5.3874607277278690        6.4718770945664019        3.5000000000000000                1
   8.4691065849676317        10.133812518616329        20.186018710548776        3.5000000000000000                1
   9.9311131913313826        8.8343294270811370        9.7693873173653270        3.5000000000000000                1
   5.5088985955149434        6.6691482855148667        33.618573909387436        3.5000000000000000                1
   5.6817469124802669        6.3495223210944500        5.6900163621601045        3.5000000000000000                1
   6.1093114103676056        5.8693127179212121        16.276306363252949        3.5000000000000000                1
   9.1683274823781886        9.7200359250476396        17.564352138506514        3.5000000000000000                1
   8.3787642231369244        6.3577313767234402        30.728136673145446        3.5000000000000000                1
   7.8519460189253110        10.230000326991487        24.551160782267825        3.5000000000000000                1
   6.4793302494575293        9.8660821684056828        35.011245527454619        3.5000000000000000                1
   9.8006530814176855        6.3291622057341366        31.225439077889064        3.5000000000000000                1
   5.5251418281509705        8.7183455822221383        31.218410873938865        3.5000000000000000                1
   9.9761942549909541        6.7794966015609415        27.530446429322623        3.5000000000000000                1
   6.4221392042279453        9.7935695098762015        27.809280234283307        3.5000000000000000                1
   8.4575462654333666        5.4263867449494292        13.494588572711633        3.5000000000000000                1
   9.8986137890569523        8.9481835875368674        19.496095435619477        3.5000000000000000                1
   9.3739961085667893        9.6434665758315194        23.848239355234348        3.5000000000000000                1
   7.4156473707079824        10.159203936141493        8.5127575077574331        3.5000000000000000                1
   5.2796819359238079        7.9143947456442385        36.371239861902751        3.5000000000000000                1
   5.7462452836180056        9.2431789108631310        11.079505274829851        3.5000000000000000                1
   6.3597776067010168        9.8170325099827753        32.295105075343038        3.5000000000000000                1
   8.7194431397041505        10.051169360103255        35.239406238703417        3.5000000000000000                1
   5.5385552584601880        6.5866212936127901        19.859754293894433        3.5000000000000000                1
   7.3638021766435324        10.194026296492563        3.0486604538211206        3.5000000000000000                1
   6.7588622578994286        10.003779086251004        6.6907157258039502        3.5000000000000000                1
   5.8281631837622481        6.4570628972020820        25.111807748759034        3.5000000000000000                1
   7.7477369912714824        10.227683447282471        6.9400667687235460        3.5000000000000000                1
   6.7294665598006693        5.4796181253291572        34.284010056185352        3.5000000000000000                1
   6.8405980023612187        9.8976769168595737        6.6705612345203011        3.5000000000000000                1
   5.6928662551564235        9.1351733761911849        18.135558043749061        3.5000000000000000                1
   6.5853997502921189        9.8059505229300754       0.34775293713809080        3.5000000000000000                1
   6.1707332616355819        9.4757929657029383        23.307752964013368        3.5000000000000000                1
   5.2523869896793718        7.7582850321031360        6.6746000430973877        3.5000000000000000                1
   6.1169835682639278        5.8613382954427946        24.187941181653610        3.5000000000000000                1
   5.6641491376091695        9.0401382254965608        14.602569531635144        3.5000000000000000                1
   7.7977849362886440        5.2634133483953898        10.925618683185290        3.5000000000000000                1
   7.3232794796401341        10.204191458978276        15.743749329975211        3.5000000000000000                1
   9.3547702665408110        5.8350835960037530        30.478481583515890        3.5000000000000000                1
   7.7769893489595843        5.2567415682179659        1.2273730212078586        3.5000000000000000                1
   6.6310491700697565        9.9778628154171187        30.545343596930547        3.5000000000000000                1
   10.019528858804497        6.7038100340258104        6.0371508788491388        3.5000000000000000                1
   5.7614600416147566        6.2412274859476362        9.1916515176075357        3.5000000000000000                1
   9.0050047442402956        9.8658958921077407        28.991425679324195        3.5000000000000000                1
   6.4684967781546687        5.6053006995704511        5.6789454487076929        3.5000000000000000                1
   8.9075439297553274        9.8867703765549120        21.082052244970154        3.5000000000000000                1
   9.5118320427377956        5.9891700709130973        23.209164100263603        3.5000000000000000                1
   8.5518623142788215        10.113287833738843        39.754118686593507        3.5000000000000000                1
   9.7034375615888102        9.2546864965360420        16.780850695210539        3.5000000000000000                1
   7.1551820280382232        10.101213204568317        10.411479424369752        3.5000000000000000                1
   10.225911096659816        7.4867390323095071        16.682025437404612        3.5000000000000000                1
   5.2984223595716715        7.8611708184860172        29.393636637093842        3.5000000000000000                1
   5.4926440740359439        8.3449966054211782        19.060159972183893        3.5000000000000000                1
   9.9452024411258790        8.9402424851695539        11.432508328364657        3.5000000000000000                1
   5.6573199173202493        9.0924283257513103        39.266331327021796        3.5000000000000000                1
   9.6987734613431282        6.2104712363802363        33.968871900609486        3.5000000000000000                1
   5.9461496187509599        6.1085286666847063        12.711475333085588        3.5000000000000000                1
   7.8354191988163331        5.2607765000614748        38.552137777031014        3.5000000000000000                1
   6.3717206690831407        5.6722317899438019        35.197825072336919        3.5000000000000000                1
   6.1455857082093068        5.8827132377071756        18.066692917448346        3.5000000000000000                1
   9.7570592702927446        9.2257499649541153        1.8524266565701635        3.5000000000000000                1
   8.9099687920112078        5.5485853834220125        4.5844900220498630        3.5000000000000000                1
   5.5762496528459167        8.9674213521126180        29.468313862731740        3.5000000000000000                1
   6.9395986737437854        10.102480395098596        38.578210777772121        3.5000000000000000                1
   7.1301794980483741        10.110287858945437        12.088810778791435        3.5000000000000000                1
   6.7190634413672141        9.9620060488098492        7.7111456704351875        3.5000000000000000                1
   10.151111733378411        8.4012076925542694        4.3491750299793930        3.5000000000000000                1
   9.8833211125514016        9.0325303255276506        31.838474458985470        3.5000000000000000                1
   9.8609339560193199        6.4799913699320975        35.730796243438931        3.5000000000000000                1
   6.6590213026161091        9.9892396714817426        26.107665298024965        3.5000000000000000                1
   8.3869941011232783        5.3329675088637885        30.602980265340499        3.5000000000000000                1
   7.0418223832605715        10.105060398559742        17.638909055342157        3.5000000000000000                1
   9.4550266678027484        5.9363020218779088        34.950359444741409        3.5000000000000000                1
   5.8855295369417577        6.0896422235850647        34.383538433763221        3.5000000000000000                1
   9.2218134017442210        5.7663103329397885        33.151072977413399        3.5000000000000000                1
   7.7427677883864581        5.2512827155467008        25.142900027867373        3.5000000000000000                1
   5.5509021090178301        8.8399283149720258        24.121159477182097        3.5000000000000000                1
   10.161251606822782        7.1663442623011715        33.826033302359981        3.5000000000000000                1
   10.063051008183468        8.6135925048296222        22.182612084621173        3.5000000000000000                1
   9.9417099656932812        6.6702904286833409        16.025654789755894        3.5000000000000000                1
   6.7468260574346557        10.027732112129783        33.287859933963425        3.5000000000000000                1
   5.2657040524262166        7.8068585097579959        8.4072491807243299        3.5000000000000000                1
   6.2502772151699775        5.7878020240118904        27.793725439452423        3.5000000000000000                1
   8.8789837482456111        5.5413938980796660        34.100492606958454        3.5000000000000000                1
   7.2048897126830260        5.3119130865260358        37.766559071109448        3.5000000000000000                1
   9.5963292279790231        6.2372691527663804        26.742763890543014        3.5000000000000000                1
   9.2638312691959701        5.8278483380817452       0.59202086656143382        3.5000000000000000                1
   6.0288783974061468        5.9457318133424994        14.557697263673299        3.5000000000000000                1
   6.5268642614662964        9.8888223028317039        12.888744786718183        3.5000000000000000                1
   5.6064123534068386        6.5381921771361364        3.9337381630849793        3.5000000000000000                1
   9.3113864257010626        5.8225945715895229        3.5494754554615553        3.5000000000000000                1
   5.3285137132236597        8.3609907899322415        3.8389048807241055        3.5000000000000000                1
   8.9333719722048031        9.8558079045955438        9.7493983844255006        3.5000000000000000                1
   7.3038226664282364        10.204278729166981        39.536161180162210        3.5000000000000000                1
   7.7637060866142118        5.2613926279692587        7.2422544014362495        3.5000000000000000                1
   5.4121746037578049        8.5962041363394643        35.621312768064954        3.5000000000000000                1
   5.3491092181927158        7.0664160556813380        34.545087471477096        3.5000000000000000                1
   10.230641701598911        7.7362313363474460        25.630896437356949        3.5000000000000000                1
   5.3415641270031538        8.2093310161595596        11.140785684757720        3.5000000000000000                1
   5.8398364255378947        6.1376115329884096        2.9432399915621774        3.5000000000000000                1
   9.5201231866568925        6.0073177950789827        39.477587933077871        3.5000000000000000                1
   9.1222921070207796        5.6978022707467648        35.880325390488046        3.5000000000000000                1
   5.3169964266003023        7.2610085703891816        18.977689388181240        3.5000000000000000                1
   5.7867940717440600        6.2032601501722633        17.175100619074943        3.5000000000000000                1
   9.5015741544849188        9.4734797735754572        20.315131344540251        3.5000000000000000                1
   9.5575538816379471        9.4328023518903006        35.328074575551341        3.5000000000000000                1
   7.8874374673836511        10.230418826926801        22.837811887216823        3.5000000000000000                1
   10.098318067193894        8.5752931210144787        6.1498899300515992        3.5000000000000000                1
   8.7735428270692744        5.4902867056019469        9.0833373292582689        3.5000000000000000                1
   6.6392521862944047        5.5198833427774545        2.9030581341898656        3.5000000000000000                1
   6.0316068600296102        9.5607228261745387        12.046264540369771        3.5000000000000000                1
   10.002845794484065        6.6686437824590659        7.9451022610089685        3.5000000000000000                1
   7.4876596059739438        10.235884546193942        5.9573405768082655        3.5000000000000000                1
   6.3999960534354798        5.6481469439706986        13.662803470484523        3.5000000000000000                1
   9.1843847941886825        5.7063426751003394        28.694671287065972        3.5000000000000000                1
   10.247734745334435        7.6875719727407219        2.6821706806686354        3.5000000000000000                1
   6.5848863423440678        9.8634471970593012       0.31606214895784274        3.5000000000000000                1
   5.3726494798555722        8.4887025643327405        5.8057173527493182        3.5000000000000000                1
   5.4839332295852685        8.7949228496497138        33.863906862154572        3.5000000000000000                1
   9.5046869530383535        9.4264491531202399        20.299162564179497        3.5000000000000000                1
   9.7126809305881476        6.2052218000086583        33.971638954746268        3.5000000000000000                1
   6.6318232508267299        9.9805557787346988        9.3814944100404212        3.5000000000000000                1
   7.7309722205457652        10.214589844953618        2.0916933948544592        3.5000000000000000                1
   10.145958725607491        7.1445348750396205        33.805713037750508        3.5000000000000000                1
   5.2964590578337543        7.3120163436006385        32.850477606090493        3.5000000000000000                1
   5.2530493334269028        7.7495996041073072        25.054685214269313        3.5000000000000000                1
   7.5913453683012637        10.216213897728187        35.075110923135725        3.5000000000000000                1
   5.5863164059267225        9.0015043354975735        22.645208383863746        3.5000000000000000                1
   5.7592305354535540        6.2949169239184091        26.949011799596235        3.5000000000000000                1
   7.2336629543838917        5.3477280587971689        3.7713084901662683        3.5000000000000000                1
   8.9897531594742883        5.6360851309514688        20.619969074902126        3.5000000000000000                1
   9.3394651449037411        9.6668648001671684        29.941124012825973        3.5000000000000000                1
   9.4700900405067507        9.5581880149069107        21.982406325298367        3.5000000000000000                1
   9.8485151443271644        6.4108410121755321        20.417525024216136        3.5000000000000000                1
   8.6224820041991990        10.090791047135582        3.3555803149800600        3.5000000000000000                1
   5.7263888091051349        9.2127135449682171        37.589750887904778        3.5000000000000000                1
   8.5045801471690154        10.107154168985248        32.586880272361512        3.5000000000000000                1
   8.9732900205202437        9.9148621547324787        22.847123282754310        3.5000000000000000                1
   9.6404516326458012        6.1153783612168340        24.983669829160391        3.5000000000000000                1
   8.8266532148788439        10.005197087227094        6.2505416347192346        3.5000000000000000                1
   9.5059983786920306        6.0426326959533583        21.410194762472987        3.5000000000000000                1
   5.5446177329735260        8.8471535496071603        8.5575627096548832        3.5000000000000000                1
   6.8632699340796517        10.030310664322966        22.613749719281607        3.5000000000000000                1
   10.041898600103195        6.7546622334463535        34.784534232255083        3.5000000000000000                1
   8.1264057054441423        5.3216348772372859        16.287052316582287        3.5000000000000000                1
   9.8961752121578073        6.5370262628460143        22.296480355211166        3.5000000000000000                1
   8.4121459501876998        5.3909208416437782        3.6949635700238614        3.5000000000000000                1
   10.023056869361087        6.7389745220947486        30.302879474164907        3.5000000000000000                1
   5.9551339262652805        9.4869642099120330        4.0052068053624881        3.5000000000000000                1
   6.6014618001430438        5.5458089567780675        7.4313866226956291        3.5000000000000000                1
   9.7620454701800323        6.3889633792049390        1.2565713605074134        3.5000000000000000                1
   5.5214616478424778        6.8402043218401207        16.366594434273090        3.5000000000000000                1
   6.8108785854506815        5.4335497532749617        10.935888081787590        3.5000000000000000                1
   7.8752628717167337        10.241707657032757        33.387786434699812        3.5000000000000000                1
   8.1533759539237280        10.196268200984612        31.618609945180999        3.5000000000000000                1
   5.6930076024389606        6.4473307151772428        15.429544219060498        3.5000000000000000                1
   5.5402105890217044        6.6175023180659549        10.152417523710904        3.5000000000000000                1
   7.0288935261126273        10.105929680402049        27.031517023466410        3.5000000000000000                1
   6.2132829505170433        9.6871586753920571        36.750875073122877        3.5000000000000000                1
   5.2986302189652088        7.7525860827299926        10.244248396162478        3.5000000000000000                1
   9.7944958961030988        6.3466758687755442        31.286912803161535        3.5000000000000000                1
   7.0446705840968420        9.3285885723887549        5.7371933932811654        3.5000000000000000                1
   6.5285443581301914        5.5692241627681831        23.310605824244977        3.5000000000000000                1
   10.192398641095139        7.5629372450238970        12.133853158653503        3.5000000000000000                1
   5.5255870952138784        6.6220120973480654        11.900912911934922        3.5000000000000000                1
   8.8110382223375368        5.4967298028327001        2.7360830536455096        3.5000000000000000                1
   7.5917474968896190        5.3816170473964711        15.306248666074373        3.5000000000000000                1
   5.4746455328883235        8.5570445021032864        28.524100029069267        3.5000000000000000                1
   8.6566960059241271        5.4417264989327130        23.308480493675631        3.5000000000000000                1
   7.4674667443715075        10.231451114210977        5.9301584804161571        3.5000000000000000                1
   9.0780366787555629        9.8054389746799639        31.748655981365729        3.5000000000000000                1
   10.224380351853313        7.3932560677908938        31.157187973457983        3.5000000000000000                1
   7.8377132784282004        5.2524310025917424        36.489410849851673        3.5000000000000000                1
   9.7112181118571588        6.2260389235259588        18.809151221565692        3.5000000000000000                1
   8.4136642091420022        6.2209134729025113        9.7381948199975295        3.5000000000000000                1
   6.0616276686738173        5.9268693203454292        1.1542714771528073        3.5000000000000000                1
   5.5102491968445966        6.6458003632786147        33.618394205567476        3.5000000000000000                1
   6.9682828462742208        5.3932293693010465        28.907894902857883        3.5000000000000000                1
   9.4179167635568195        5.8904260447800070        11.725413593421544        3.5000000000000000                1
   8.8208938531967149        9.9803365381016356        24.774287723718828        3.5000000000000000                1
   5.6923167277750064        6.3319218073450694        7.5351887294348332        3.5000000000000000                1
   7.0067833820019922        10.134123705010433        27.043550860132072        3.5000000000000000                1
   9.6961747466478823        9.1823971460412075        22.988115229290173        3.5000000000000000                1
   8.5899685652347149        10.017698233632961        16.378116797378883        3.5000000000000000                1
   5.6859037260738248        6.3815108857938609        25.022689933504083        3.5000000000000000                1
   10.213272004641061        7.6756638590787150        37.361164596051381        3.5000000000000000                1
   5.4269115740871277        8.5827316161363889        38.357705608421064        3.5000000000000000                1
   6.9709200974227947        10.105948344208869        31.526191804856172        3.5000000000000000                1
   5.4795939980966359        8.7858893470302579        1.8641097859851432        3.5000000000000000                1
   9.1430990933868959        9.8128275209652767        13.652534694274690        3.5000000000000000                1
   9.1357962825413424        5.6780400614841806        24.204257033181754        3.5000000000000000                1
   6.7794770291978113        10.053488653606289        35.975751908043428        3.5000000000000000                1
   9.9805584654048545        6.7436477862110351        3.0441405304411542        3.5000000000000000                1
   10.073994511374877        6.8439906033099129        27.576224900581138        3.5000000000000000                1
   5.9289119530962928        9.4444287565617522        5.9110732046364705        3.5000000000000000                1
   5.5300355875203433        8.8835885015977123        25.856017451379330        3.5000000000000000                1
   5.6916396028418434        6.4002497724621410        13.673587173424497        3.5000000000000000                1
   5.7580611793363774        7.2076349614399131        20.623427289360837        3.5000000000000000                1
   9.2600512226076646        9.7392355838877389        34.418191380195125        3.5000000000000000                1
   8.4418600147568519        5.3478835843587378        30.572943071779783        3.5000000000000000                1
   5.5428042952628802        6.7254133659761148        1.8772784979380415        3.5000000000000000                1
   9.7478739301828181        9.1990683590402398        36.290438304524713        3.5000000000000000                1
   8.5243156421266377        10.121203892124884        32.575824478156200        3.5000000000000000                1
   6.6728830851128889        5.4948812879820581        1.8743444581220103        3.5000000000000000                1
   5.6883546645645202        6.3713068410260671        32.653989398636760        3.5000000000000000                1
   5.7084240619999882        6.4373782713335439        35.357430037363905        3.5000000000000000                1
   5.9525948394033552        9.4837541902665148        1.1440405520087142        3.5000000000000000                1
   8.6503233798980226        10.080497088975665        11.355794053541031        3.5000000000000000                1
   7.4239799431693720        10.155858444086157        32.444885385944474        3.5000000000000000                1
   8.8720143116129702        5.5657105699088900        10.744690179781589        3.5000000000000000                1
   10.163483886797479        7.1089772536048113        29.361288795125969        3.5000000000000000                1
   5.9321908810267008        6.0545911200635976        12.742306459531038        3.5000000000000000                1
   9.5297721155103794        9.5043437288232031       0.91793606178538845        3.5000000000000000                1
   9.3211270235927444        5.8543932906727409        19.681679788681787        3.5000000000000000                1
   6.1455935894039220        9.5242043792559663        13.770611858051439        3.5000000000000000                1
   9.1114012348421678        9.8356679110971097        38.807477918166548        3.5000000000000000                1
   6.8226138333594077        10.012745626567245        1.5513604463505830        3.5000000000000000                1
   8.8921158196999510        5.5661488153634844        18.786007311311440        3.5000000000000000                1
   9.4550861961596997        5.9900583360954878        13.383630908975837        3.5000000000000000                1
   8.4477284989762413        10.146163010028568        23.745386357818855        3.5000000000000000                1
   8.9978590210313882        9.8737504463540837        29.006682895594967        3.5000000000000000                1
   6.9988646373286576        10.099916636685970        4.2116535473169021        3.5000000000000000                1
   8.7517178742216011        5.5274141603521567        17.097574078744923        3.5000000000000000                1
   9.0025029181424419        9.9082714468375421        21.065559262131128        3.5000000000000000                1
   9.8847903532001755        8.9601624465967671        5.1735820074182222        3.5000000000000000                1
   6.5312302294692079        9.9273535645018161        11.214236877409443        3.5000000000000000                1
   9.0930701498921547        9.8457657473563529        19.272110520275827        3.5000000000000000                1
   7.4968218718760840        10.231091483637723       0.73100956470190182        3.5000000000000000                1
   5.3859579344932103        6.9456873376164268        4.8754465859350971        3.5000000000000000                1
   9.5383281410288703        6.1022304857653005        2.4077603160225447        3.5000000000000000                1
   6.0664780919492882        5.9118102871516065        36.156799387722515        3.5000000000000000                1
   9.5665960943220885        9.4643876225703991        12.260959304785759        3.5000000000000000                1
   9.3974049040912178        9.5685529858246117        32.688357932800734        3.5000000000000000                1
   5.9888696782104933        9.3995335673042728        35.772975821993192        3.5000000000000000                1
   9.8840975413264562        8.9845943462465669        21.174243240482223        3.5000000000000000                1
   10.179762280679764        7.2533963882173493        38.280093148919761        3.5000000000000000                1
   10.185222759778126        7.2533219686373007        26.668647910211984        3.5000000000000000                1
   5.3392826906029018        7.9968448967834105        32.001517165148037        3.5000000000000000                1
   5.9632953259676444        9.3302130794687610        19.111972786236279        3.5000000000000000                1
   6.2684196608285401        9.7513897219604271        29.600909293352416        3.5000000000000000                1
   5.5612097350913565        8.9106352708796663        29.464165986340717        3.5000000000000000                1
   5.9017763186778422        9.4271330548454326        15.545675598643799        3.5000000000000000                1
   10.138433442101801        7.0705625129679355        15.101558395645467        3.5000000000000000                1
   8.9949479520324225        9.9136086179556671        36.225581523105305        3.5000000000000000                1
   9.1451591199984907        5.6976457389673056        16.183018864995692        3.5000000000000000                1
   9.5202100400127350        6.0468159136464292        15.263000973759892        3.5000000000000000                1
   8.2095619052511122        5.6840849007991334        8.0790628740552748        3.5000000000000000                1
   6.5220154766768772        5.5876804078033615        25.103546886043379        3.5000000000000000                1
   9.3553805687559279        5.8391649171433233        30.451641856257005        3.5000000000000000                1
   6.1897240291764666        9.5392288089786259        17.337236392355145        3.5000000000000000                1
   6.6272824568142568        9.9816224555462796        26.117829325379066        3.5000000000000000                1
   9.7567279882648315        6.2661803892401400        4.3368426860031430        3.5000000000000000                1
   5.8656604918634878        6.2824145527093940        27.008527496106048        3.5000000000000000                1
   9.7851534835156020        9.1855601902316799        29.167817882100369        3.5000000000000000                1
   9.8431745852756940        9.1066844764042489        3.4976079481683193        3.5000000000000000                1
   8.1644738514338631        10.214559798076907        10.447185688505355        3.5000000000000000                1
   5.3956656362516311        7.0034987370510349        27.598011693943750        3.5000000000000000                1
   6.9189334327811309        5.3979588881674934        20.754765355718611        3.5000000000000000                1
   10.223316958039819        7.5824661086765079        20.265053295237990        3.5000000000000000                1
   8.7908821331410962        6.4621087077466877        8.8054576854460969        3.5000000000000000                1
   5.4172461845653483        6.8533354466470842        26.029353821064230        3.5000000000000000                1
   6.5093397585230983        9.9007466162370630        16.405687588690512        3.5000000000000000                1
   9.8183851712739152        9.1292137474043678        14.928822833146379        3.5000000000000000                1
   5.4384441999451720        8.6215387975735212        12.063782827568385        3.5000000000000000                1
   8.7487050799138402        5.4714243174058899        17.110081976552184        3.5000000000000000                1
   5.4938810494110504        6.7677158521676448        36.323064005406223        3.5000000000000000                1
   5.8329825397050259        6.1566408737060989        11.060153656187101        3.5000000000000000                1
   9.2389774199891050        9.7388879947415603        5.2844288288942209        3.5000000000000000                1
   5.3168755171782003        8.2875339898676650        37.334314818102072        3.5000000000000000                1
   10.107367182556382        8.5714972381067316        12.407735009855399        3.5000000000000000                1
   8.6436897670332833        10.079995590464380        28.070709594121276        3.5000000000000000                1
   9.6828348074306358        9.3242615747557451        8.7320730222094411        3.5000000000000000                1
   6.9935141507720662        5.3738538674390339        4.7635428587599984        3.5000000000000000                1
   9.6953639967312473        6.1808448029397303        10.738902137175948        3.5000000000000000                1
   9.8940186482898831        6.4941163224923866        28.568266472593223        3.5000000000000000                1
   6.4571992511836687        9.8876188926540927        5.0400356314031507        3.5000000000000000                1
   6.0031810180994345        5.9924647730843370        4.7847285101393187        3.5000000000000000                1
   10.180642559067296        7.2931829485024489        18.619766959348958        3.5000000000000000                1
   9.6328901813067791        6.1332061180917679        29.515222024725539        3.5000000000000000                1
   9.9424330186168355        8.9202076255754363        27.358829136986436        3.5000000000000000                1
   6.8038185167848892        10.060916524072001        22.586883268559063        3.5000000000000000                1
   8.5293544008166329        5.4918776526289923        39.949493717669760        3.5000000000000000                1
   10.230121962272415        7.6842070475382940        23.954147448406054        3.5000000000000000                1
   6.4111481720601384        9.8065296215565780        27.785876994377396        3.5000000000000000                1
   9.4044175217133592        9.5708110203808996        15.794616789206303        3.5000000000000000                1
   5.2646924818360921        7.7653664366406252        1.0344915918460362        3.5000000000000000                1
   5.4400893238249237        8.4928141433324065        15.482238823780687        3.5000000000000000                1
   5.2783052353991256        8.0211913915363144        12.901843881459108        3.5000000000000000                1
   6.9154959806806922        5.4034386334214375        36.012185983280972        3.5000000000000000                1
   8.7022000847692293        10.059434528529010        1.1003362992099313        3.5000000000000000                1
   7.3877964317693907        10.187609557867367        14.051303160659129        3.5000000000000000                1
   5.7016754909437042        9.1422565887485270        34.796262399135124        3.5000000000000000                1
   5.8172914409465823        9.1761909212954613        20.803238609963589        3.5000000000000000                1
   7.7780372480888547        5.2556404711889053        8.9605318327983259        3.5000000000000000                1
   5.6776452506195652        6.3651446150020634        28.416514879257203        3.5000000000000000                1
   9.9006766584737917        8.9861255029525626        13.296006542022978        3.5000000000000000                1
   7.8563967946448008        10.122454772957234        21.049932669095064        3.5000000000000000                1
   6.7649919887876520        5.5567987415830098        18.874314291582170        3.5000000000000000                1
   10.046305741041140        8.7268872819754737        7.8839022596748993        3.5000000000000000                1
   9.9370890714477849        6.6081603432757410       0.18126105396706382        3.5000000000000000                1
   6.7107545323891360        5.5421649329172356        26.854865999518132        3.5000000000000000                1
   8.4585581218631436        10.135737131341749        21.977580212460463        3.5000000000000000                1
   6.1149357224215404        5.9219465946274408        26.056135842945352        3.5000000000000000                1
   5.2578682135496795        7.7414235434153733        23.178062972173748        3.5000000000000000                1
   7.2927547612623416        5.2930987957336475        18.020283463961860        3.5000000000000000                1
   7.5274561505172253        5.2735987721465012        2.3577256937283138        3.5000000000000000                1
   6.3127087220204068        5.7178628715053286        30.808784746241585        3.5000000000000000                1
   7.7196122781362355        5.2613588797012421        22.975533703445691        3.5000000000000000                1
   8.7324022624903250        10.033576702288130        30.725801316075493        3.5000000000000000                1
   9.9869042652385307        6.8158378371756196        11.464506889423349        3.5000000000000000                1
   6.4960200393630876        5.5950125381487652        32.520007528442392        3.5000000000000000                1
   5.5438418921225265        8.8851462062458673        6.7181811737099153        3.5000000000000000                1
   10.147779225064440        7.1437543795002947        23.085967390525408        3.5000000000000000                1
   9.9503795294961179        8.9051729665267771        34.526727854328769        3.5000000000000000                1
   10.081777460886313        6.9720746118578969        9.5861254712768353        3.5000000000000000                1
   6.3474609066416408        9.8175064407419033        24.264534735266263        3.5000000000000000                1
   6.3820531748202356        9.8214956064591021        14.728854134466781        3.5000000000000000                1
   10.008190061534608        7.4872139904091490        3.7876311309615986        3.5000000000000000                1
   5.8434389984466808        6.1884822051829858        18.972961366711068        3.5000000000000000                1
   5.4461344128565834        6.9068103548217588        14.504216690618030        3.5000000000000000                1
   6.3380595793987835        5.7054651903756746        19.778422765418718        3.5000000000000000                1
   9.1074777755918195        5.6741980157274865        22.317021929867249        3.5000000000000000                1
   7.9872730824571514        10.152383969019320        19.263518171272892        3.5000000000000000                1
   9.2194070949533611        5.7836026390407573        8.1900754369264845        3.5000000000000000                1
   10.240737770194453        7.5555429689974103        35.676077408689615        3.5000000000000000                1
   7.0134681560129177        10.133601283657615        17.650726171188253        3.5000000000000000                1
   9.8950066085515971        9.0214742354451243        27.354156818054960        3.5000000000000000                1
   8.0947296660872876        10.214304414128659        17.548919462866181        3.5000000000000000                1
   5.5799465595471753        6.5234576745411967        21.473320954792531        3.5000000000000000                1
   7.8366406495560481        10.187522484190943        26.405287977616020        3.5000000000000000                1
   6.1293487116901035        5.9241751852483917        16.244980966273342        3.5000000000000000                1
   7.0694466476728737        5.3880870598214212        25.922042448767929        3.5000000000000000                1
   8.5359817851757942        5.4175716084127963        35.069532106263829        3.5000000000000000                1
   6.1627444957428343        5.8473459033095772        33.439404831972830        3.5000000000000000                1
   5.3952143731672404        8.3841865054310016        7.5827470985332468        3.5000000000000000                1
   5.9511533410389470        6.0241453046445139        20.680046644504248        3.5000000000000000                1
   9.3291571301988494        5.8119444120121457        9.8770166109650557        3.5000000000000000                1
   6.2149404652195619        9.6977420381920414        10.252036738859662        3.5000000000000000                1
   9.9093844505820208        6.6656045947983058        37.498987736255287        3.5000000000000000                1
   5.2881291201903808        7.3655746405907099        15.468774944337387        3.5000000000000000                1
   10.149299213953229        7.0816911601204362        21.144716982034783        3.5000000000000000                1
   5.4611538574604328        6.8231064243107964        22.527947107359047        3.5000000000000000                1
   9.5364377622988385        6.0450403772287196        15.302457785417458        3.5000000000000000                1
   6.7861423168727892        5.4463319641288290        12.757241993896043        3.5000000000000000                1
   5.3047905182124886        8.2022213437766744        9.3488119248806161        3.5000000000000000                1
   5.2972183837307556        8.2088560897388660        9.3429730245011005        3.5000000000000000                1
   5.4302917094786736        7.0168902757257623        34.569884845442445        3.5000000000000000                1
   10.226620919125203        7.4595807209628306        14.181671211695919        3.5000000000000000                1
   7.0428019803028210        5.3812635459250719        24.262359395695178        3.5000000000000000                1
   10.050200539318425        8.7247013708185115        15.964034026073767        3.5000000000000000                1
   10.112091161487971        6.9356273864618565        39.226487326057878        3.5000000000000000                1
   9.8425796543182233        6.4710175574324547        24.035162373288326        3.5000000000000000                1
   10.095638348616564        8.4400204048470737        18.649864907631045        3.5000000000000000                1
   7.2905111553162829        5.2928006044599343        30.706912642018054        3.5000000000000000                1
   6.1622306310512505        9.6674377037995445        8.5360083437067136        3.5000000000000000                1
   5.7610481038448862        9.0243314309918485        16.463129026479393        3.5000000000000000                1
   9.4346043826412007        9.5521807372524705        15.761657840103187        3.5000000000000000                1
   5.5319291014974601        8.8897036328935073        8.5488126201561343        3.5000000000000000                1
   8.0946062442820992        5.2860414965550353        9.9097664304052930        3.5000000000000000                1
   6.5653607410498420        5.5901440500066348        39.996932467477428        3.5000000000000000                1
   9.9453609633876656        6.5619088035166291        33.015877856287908        3.5000000000000000                1
   6.2967848170852774        5.7162248684644572        11.853520978473693        3.5000000000000000                1
   7.4920972640171994        10.112367889923728        16.737996252238965        3.5000000000000000                1
   5.7681697795641469        9.2697961288948996        37.566822775964056        3.5000000000000000                1
   7.0489986699964717        5.4519419486960663        16.278473317829725        3.5000000000000000                1
   6.9116667023668832        10.099771756807188        28.833096979240946        3.5000000000000000                1
   10.059633647611921        8.6842066886616838        39.967383782682688        3.5000000000000000                1
   9.5309099100611281        6.0075176588204506        32.212765225609424        3.5000000000000000                1
   5.8564124929797590        9.3815368223522118        33.102693264112020        3.5000000000000000                1
   9.4903126324464573        6.0046533259915629        5.3731340886575270        3.5000000000000000                1
   9.0727047444831079        5.6937065494794501        1.6170460036256473        3.5000000000000000                1
   5.3836493649888650        6.9911262980032598        12.854037591535532        3.5000000000000000                1
   6.2453008722009669        5.7643694692828529        10.165032661431150        3.5000000000000000                1
   7.1349134831952963        10.024597333622188        25.227977823065263        3.5000000000000000                1
   5.5484691331750859        8.6942305969369738        21.664244461994002        3.5000000000000000                1
   8.4161916705370192        5.3545773980965938        37.740791468054553        3.5000000000000000                1
   8.2667333824856488        10.151732851611149        34.324007819095826        3.5000000000000000                1
   8.5574933729580227        10.114938815272662        18.440616498864557        3.5000000000000000                1
   9.9408688027032976        6.6077766564470766        25.867824922738404        3.5000000000000000                1
   10.108651900977630        7.0488187442770194        36.532758386780976        3.5000000000000000                1
   6.0337693445302891        9.5232884343723061        26.845051971887795        3.5000000000000000                1
   6.3460114070979712        5.7613138010979759        19.789707337003694        3.5000000000000000                1
   5.3825685494072424        8.5137158853395736        13.783765048243787        3.5000000000000000                1
   10.091463599150698        8.1276158853422835        15.148713677615740        3.5000000000000000                1
   9.3976372875875747        9.6295936380350167        25.515275942176050        3.5000000000000000                1
   5.8261251726885481        9.3167574819460572        30.389478367663639        3.5000000000000000                1
   10.071304159007591        6.9270095277811317        2.0412369926245537        3.5000000000000000                1
   10.222214323519218        7.7485156201857421        5.5640950248679495        3.5000000000000000                1
   6.0975834497980985        9.5493525213856074        13.768182152792734        3.5000000000000000                1
   7.0512139937055256        5.3809283892413742        14.429268847383062        3.5000000000000000                1
   5.7207219885332989        9.0861184954844436        39.291968699477067        3.5000000000000000                1
   6.0729060045113101        9.5999701130702029        38.488069346589668        3.5000000000000000                1
   10.056910064122604        8.6528137132334262        39.986327009372800        3.5000000000000000                1
   6.1352960647103725        5.8415495338908228        26.054251430987442        3.5000000000000000                1
   7.9283791907224259        10.234422358933505        36.046134263367804        3.5000000000000000                1
   8.8505583624811344        5.5105799853636235        29.642795082592997        3.5000000000000000                1
   8.9268232325960870        5.5508705844825537        12.598027618288592        3.5000000000000000                1
   9.6427095458667758        6.1242454551319954        36.641966145290368        3.5000000000000000                1
   10.066532778636120        8.5468594132896261        28.321602962896989        3.5000000000000000                1
   9.9672266874172966        6.6991837362830555        30.302647547256321        3.5000000000000000                1
   9.5486821086345692        9.4797070611519221        28.176851604875264        3.5000000000000000                1
   9.5905879635501847        9.3620802617514496        38.030551394556738        3.5000000000000000                1
   9.7490256902089705        6.3511131920834325        38.474528559463025        3.5000000000000000                1
   6.1078298292023403        9.5914371102807277        31.339656819601071        3.5000000000000000                1
   10.114611759333165        7.0378475427733367        24.888300939942127        3.5000000000000000                1
   5.2797260334180338        7.7159639763123682        19.902147211425671        3.5000000000000000                1
   8.6876445738420554        5.4574761353642147        32.350527662606012        3.5000000000000000                1
   5.6913193224156648        9.0779012379887458        4.9918802965661335        3.5000000000000000                1
   10.211314633588657        7.6042860859914292        32.905592176573450        3.5000000000000000                1
   6.1601045547713511        9.6647757245151027        34.053261109446957        3.5000000000000000                1
   5.8775606863403684        9.3789369674671690        7.5792999051906813        3.5000000000000000                1
   7.4158500725130425        5.2849572310598676        35.073862524786747        3.5000000000000000                1
   6.6002871911193495        9.8963786313222855       0.31802086859240430        3.5000000000000000                1
   9.2751718060827599        9.6815345564465467        10.679518703959781        3.5000000000000000                1
   5.4339802390282150        6.8464744254974139        38.866737990011210        3.5000000000000000                1
   10.025107286809927        8.7854825566845882        17.678223364898937        3.5000000000000000                1
   8.4807198457948836        9.9944267721257436        20.138710328606859        3.5000000000000000                1
   5.8654391489089637        6.1548431258887648        29.865188078925868        3.5000000000000000                1
   6.5327753330882752        5.5924246855744402        15.362214076917750        3.5000000000000000                1
   5.4996119947379549        8.7407615401600243        10.223049766117326        3.5000000000000000                1
   9.8401414479525613        6.4062566064620823        20.383624147347643        3.5000000000000000                1
   5.2839349426844651        7.7280626491779474        21.343173607065019        3.5000000000000000                1
   9.6684981827916001        9.2644191172621984        33.613092522879150        3.5000000000000000                1
   6.6633467028403368        5.5304343933563320        29.875328572924548        3.5000000000000000                1
   6.7727856189921489        10.044958693744901        6.6823364711329303        3.5000000000000000                1
   10.160282798106437        7.0934440606348153        4.7880762141047741        3.5000000000000000                1
   8.8583929724551371        9.9494284339792767        33.516761334960087        3.5000000000000000                1
   8.8113544847562526        10.002879333450656        7.8519598185813972        3.5000000000000000                1
   10.233392245634246        7.7271358431453860        8.5772533735464531        3.5000000000000000                1
   5.6343241502312482        9.0759879297061055        32.146764837288146        3.5000000000000000                1
   9.7781453780065970        9.1988574783307726        24.693779309108347        3.5000000000000000                1
   9.2356780640080007        5.7895962161631394        25.922598708939169        3.5000000000000000                1
   6.1522196959147708        8.1416240976251206        39.622069103678278        3.5000000000000000                1
   10.223342613971768        7.7387130473945165        6.7412049971123587        3.5000000000000000                1
   5.8005082682200664        9.3144576256554377        30.413384281168089        3.5000000000000000                1
   9.8659503609165160        9.0796094596384176        38.987989477560362        3.5000000000000000                1
   10.221162033081447        7.4424321805422755        28.382482830477226        3.5000000000000000                1
   8.2056189325939659        5.3316947637350811        6.3420256947633655        3.5000000000000000                1
   5.9965772198147871        6.0351290322805315        31.719577932494346        3.5000000000000000                1
   9.7716729644035230        9.1948352950650669        24.691162192578194        3.5000000000000000                1
   5.4743131934426374        8.0346408639286739        16.415930454181982        3.5000000000000000                1
   5.6925273346066270        6.4547086034457015        35.379618636758856        3.5000000000000000                1
   5.6528938827122213        6.5169591411588446        30.888406403769245        3.5000000000000000                1
   9.6296582108504616        9.3743790427653906        30.928321187183080        3.5000000000000000                1
   5.3017615161287965        8.1902162220517489        30.357417416234238        3.5000000000000000                1
   9.8436264040610446        6.4702801954698312        12.420070240155564        3.5000000000000000                1
   5.6999285388472689        9.0725629474512708        39.284507660359488        3.5000000000000000                1
   5.7795783888540102        6.2168029457389968        37.231708292406886        3.5000000000000000                1
   9.4481501485776214        5.9451784877457090        34.931417512020630        3.5000000000000000                1
   9.7337806142039724        6.2453694656651475        18.805346760282191        3.5000000000000000                1
   8.4292512514764883        10.147444351347504        37.180834650025552        3.5000000000000000                1
   9.0323195363149402        5.6397541338499080        31.427304518954408        3.5000000000000000                1
   9.6569243339273108        6.2226991684258879        16.877419082757971        3.5000000000000000                1
   10.189069286647660        7.3313510561396544        10.630274841510566        3.5000000000000000                1
   6.0518901539872134        5.9915625970010025        22.495803514835906        3.5000000000000000                1
   7.0814947383331610        9.3980672412503559        2.5122007228881253        3.5000000000000000                1
   10.136701062121396        7.1288752513168978        13.130706743766241        3.5000000000000000                1
   5.3079104851123784        7.2312301291784804        24.103452406546204        3.5000000000000000                1
   9.2086305469620378        5.7707170847798013        8.2120233732645609        3.5000000000000000                1
   9.7937867425255369        6.3179788121721794        8.8607090223805063        3.5000000000000000                1
   6.1725565180907900        9.6812110967564369        17.345805641091829        3.5000000000000000                1
   6.5979011057742802        5.5728177263468837        36.949034822788867        3.5000000000000000                1
   10.048136006925990        6.8794843537698505        19.523079569733664        3.5000000000000000                1
   6.6672555891869552        5.5700600596513228        26.875920102639235        3.5000000000000000                1
   5.8026543754256465        7.2000186960062766        20.619727049554751        3.5000000000000000                1
   10.062987424070725        8.6922843589695518        23.822147872496387        3.5000000000000000                1
   7.2734458500588488        5.2958916201890123        3.7754152074708576        3.5000000000000000                1
   9.8344487127825388        6.3847572862331550        14.293744294818975        3.5000000000000000                1
   5.6823449952672629        9.1086724434663822        12.939821365421084        3.5000000000000000                1
   5.3725337855398507        7.0768407190277536        3.0789166617449886        3.5000000000000000                1
   9.9851146695113346        6.7300849867163501        3.0614490067071785        3.5000000000000000                1
   9.5619497455739104        6.0302585450835808        21.436142534197291        3.5000000000000000                1
   9.1678805627697706        5.6966306282892152        28.711913218700339        3.5000000000000000                1
   5.9434869620431279        6.0760454702969282        39.326052819222191        3.5000000000000000                1
   7.7219624552171560        10.175678197010557        4.9646703855895531        3.5000000000000000                1
   8.4710465321597361        10.129595586450440        12.416278040127196        3.5000000000000000                1
   10.115352215647837        8.4559282615826064        38.229402986096773        3.5000000000000000                1
   6.1489535326283145        5.8553609264488768        24.195271197185061        3.5000000000000000                1
   5.9304762867888794        9.4078693231814334        25.085510848713906        3.5000000000000000                1
   9.2898074321925392        5.8795740783482717        37.580890075752052        3.5000000000000000                1
   7.7121328483176299        5.2607078217356280        5.4586939909827743        3.5000000000000000                1
