     1000000
           1
  0.10000000149011612     
   4.2466580539243317        4.6007695409393854        1.2283455530160881        2.5000000000000000                1
   7.7265530507795539        5.5025642993384096        8.8952049519760976        2.5000000000000000                1
   4.0822269844718635        6.7915804937328952        7.6432282908048919        2.5000000000000000                1
   4.3300460698531742        4.3856453392199963        32.922093570519301        2.5000000000000000                1
   3.8556711005657873        6.3096496150600112        30.618195483870220        2.5000000000000000                1
   5.4297128968017141        3.8022192307794955        21.307749295027349        2.5000000000000000                1
   6.8371216346510515        4.3009875467007799        18.771972091797810        2.5000000000000000                1
   3.9090648680588527        4.9809582561922365        27.063370732801328        2.5000000000000000                1
   4.4136312140090697        7.2151696115037716        1.6337485445959479        2.5000000000000000                1
   3.7541488661201994        5.7656028166334696        22.026719735558704        2.5000000000000000                1
   3.7987665141945128        6.0738361825504263        2.5518325283281578        2.5000000000000000                1
   7.5495068343228047        4.9015051605833477        19.201074186917189        2.5000000000000000                1
   3.8193965551474061        6.2606548610215560        18.533754224662282        2.5000000000000000                1
   4.3586881414517933        7.1767601327539348        34.810213116493848        2.5000000000000000                1
   3.7773616190392607        5.6951148138011423        6.4125291843457433        2.5000000000000000                1
   7.7064624773376877        5.5135258832791978        13.710565181334337        2.5000000000000000                1
   7.5980721668065012        5.4339365112524742        10.753730676902041        2.5000000000000000                1
   4.6726928112425865        7.2421603529159038        9.3451138399549194        2.5000000000000000                1
   7.7415004662707094        5.5797641385052277        5.7518414530575734        2.5000000000000000                1
   5.2123532106583008        3.8964639071564013        18.694164094690429        2.5000000000000000                1
   4.8891665352443692        7.5540757318575125        23.645968810729670        2.5000000000000000                1
   6.2467937038810888        7.6110698140181174        14.153426216219646        2.5000000000000000                1
   4.9800811523789923        7.5407496033339294        20.633065655238589        2.5000000000000000                1
   3.8753648791017219        6.1671402434303371        20.532843328070971        2.5000000000000000                1
   5.0935552714263901        7.6377970485967772        32.357825768333612        2.5000000000000000                1
   5.9183820693796285        7.6518929904641935        16.311894677468818        2.5000000000000000                1
   4.9809019301913189        3.9741051577807367        13.816493474705178        2.5000000000000000                1
   3.7724638392064498        5.8325937221523843        29.742526390369413        2.5000000000000000                1
   6.8251840103826389        7.3464461189977355        18.624015719314301        2.5000000000000000                1
   7.3235604726347479        4.5261696946328147        11.301209906197121        2.5000000000000000                1
   7.7171518178902767        5.8159132986328652        33.354755707453769        2.5000000000000000                1
   6.6223965876697841        3.9637594046746965        5.7885217930887638        2.5000000000000000                1
   5.8066146944447583        7.7454474184179603        23.111357972071779        2.5000000000000000                1
   6.3019147450208273        7.5389521603005134        12.336635967990434        2.5000000000000000                1
   4.6447749139534649        7.3791858996572666        6.4394376195586718        2.5000000000000000                1
   7.6001005634949532        6.4688976003374288        1.4954403439830561        2.5000000000000000                1
   7.1278263588088615        4.3185945260673799        24.519065713699081        2.5000000000000000                1
   6.0245717655114568        7.7017876905182749        36.756907316787277        2.5000000000000000                1
   6.8533928678499834        7.3289557527529103        19.665936440659983        2.5000000000000000                1
   7.4375739124583635        4.6965971887552733        6.2943703483841755        2.5000000000000000                1
   3.9884655491686267        6.6651923604340073        6.0118780174093640        2.5000000000000000                1
   5.4503538739214017        7.7129011619230772        8.8650059988423475        2.5000000000000000                1
   5.9131567419363602        7.6054816634770246        26.002035547146452        2.5000000000000000                1
   4.1560719847934191        6.8352428029713455        24.875568485278134        2.5000000000000000                1
   7.5034819654407041        6.2386956291878963        28.096477958470569        2.5000000000000000                1
   4.8880294964872553        3.9572638463200387        10.708995983076580        2.5000000000000000                1
   7.6502644584718400        6.2541566122438628        24.186967932733651        2.5000000000000000                1
   4.5860747166702209        7.2594347895965727        12.254675150551090        2.5000000000000000                1
   3.7660978384825001        5.6713692119693260        28.748928019501164        2.5000000000000000                1
   6.2838711763265396        7.6758311682407161        3.2525078619612136        2.5000000000000000                1
   3.7980839293549371        5.9713641445729984        33.707122060026016        2.5000000000000000                1
   4.6275775262535301        7.3613661562572146        8.3372756301397697        2.5000000000000000                1
   4.6621449950251694        4.2092228690131650        31.963538094359237        2.5000000000000000                1
   6.4051528603734020        3.8749830088725741        34.236300150135243        2.5000000000000000                1
   7.1135862470870919        7.1444406297222276        3.8868465916743142        2.5000000000000000                1
   7.5348337158392109        4.8564362285510150        37.606603178492946        2.5000000000000000                1
   3.8143434930410205        5.7233306090342850        12.135873977963593        2.5000000000000000                1
   4.9497403831594040        7.5625148719893538        33.695481293303544        2.5000000000000000                1
   6.3686236382673576        7.6129311537829532        4.4440532652778328        2.5000000000000000                1
   3.7932671854090825        6.0938401105873155       0.61209965318702864        2.5000000000000000                1
   4.8098116116539655        7.4755346656668094        4.8847399568866434        2.5000000000000000                1
   4.2599563918721524        6.9541418223721090        21.033548293637764        2.5000000000000000                1
   5.7163091997136108        7.7166193887087449        24.931089731197812        2.5000000000000000                1
   7.1131811637792586        7.1065055307423952        10.767141573937034        2.5000000000000000                1
   5.5414805026694873        3.7967325146122839        30.366545083306079        2.5000000000000000                1
   4.8206204594743811        7.4793041030872729        22.509735798650318        2.5000000000000000                1
   4.9237707081793696        4.8417097097635802        2.4592420681963949        2.5000000000000000                1
   5.1513893786821869        3.8831723845492192        4.7677844734663335        2.5000000000000000                1
   7.7367407763208300        5.5569743985912892        2.0574815748618605        2.5000000000000000                1
   7.5079384510738016        5.1186776299141963        23.171045186929991        2.5000000000000000                1
   7.5720537737038871        6.3152694228058381        8.3046654708911625        2.5000000000000000                1
   3.9712931838859653        4.8404497035319931        2.7682900361823402        2.5000000000000000                1
   6.9696273596161848        7.3214704969048752        30.409644972995459        2.5000000000000000                1
   3.7959712739608098        5.3334948438921117        1.7676415869609512        2.5000000000000000                1
   5.2053847298451679        3.8279480753995490        33.288189343947586        2.5000000000000000                1
   7.4473366514344992        6.7380452873934678        21.111328443504000        2.5000000000000000                1
   3.7734298999685985        5.4726309852478376        14.185740812049136        2.5000000000000000                1
   4.5083865895844122        7.3164039182157223        29.686088466105108        2.5000000000000000                1
   5.9762032615208778        3.8321620190925505        17.203622713126418        2.5000000000000000                1
   6.7418318969187334        7.4391346002579990        22.622055856459454        2.5000000000000000                1
   6.5520123965767629        3.9864071808450863        30.097337517880678        2.5000000000000000                1
   6.8467677785140229        4.1382694306963232        36.921965166141490        2.5000000000000000                1
   7.5640405594660036        6.5773954993856600        19.666047006297227        2.5000000000000000                1
   3.7575505097730590        5.7569905251110693        9.2818097454672213        2.5000000000000000                1
   7.1574047090898230        7.1595307984082126        5.8408715176511317        2.5000000000000000                1
   4.9924922034325609        3.9512020316929957        15.823062862906289        2.5000000000000000                1
   4.0528571898179395        6.7698738766875568        27.976154479023513        2.5000000000000000                1
   7.6248599304205484        5.1739966105222965        24.227506369683795        2.5000000000000000                1
   7.4149792154919822        4.6550901706200527        9.4282610871599406        2.5000000000000000                1
   4.3396879784068698        6.8250484926095334        32.156857943810635        2.5000000000000000                1
   4.0683620670550820        6.8314284245983075        38.231602389656295        2.5000000000000000                1
   7.0655457130194401        7.2538754645742687        15.415902004178401        2.5000000000000000                1
   5.7363512459029673        7.7451086072495734        29.742715809625555        2.5000000000000000                1
   6.8769022233793029        7.3170608513011386        25.861604459676432        2.5000000000000000                1
   7.1684327505166809        7.1214387161765300        7.0434750048292889        2.5000000000000000                1
   6.6589117916124145        3.9747594761219460        10.768591676909372        2.5000000000000000                1
   3.8086303978544067        6.1085074958975518        25.514047403977273        2.5000000000000000                1
   7.4099618484290053        6.7983094240261668        22.163329133158374        2.5000000000000000                1
   7.6583953704194352        5.6880495641005249        16.804620140821363        2.5000000000000000                1
   4.0191785852633872        4.7565354175424064        14.865429114034667        2.5000000000000000                1
   7.1528598288071903        7.1621170096677611        8.9206348656543248        2.5000000000000000                1
   7.5092357243093151        6.6862981324484698        36.773433412514144        2.5000000000000000                1
   4.5968568409148416        4.2552646892537522        25.185562490520091        2.5000000000000000                1
   6.0236854466782157        7.7111717846369690        15.162232336741225        2.5000000000000000                1
   3.9401277035294848        4.9828577788887749        4.8604959667033008        2.5000000000000000                1
   5.7881947145299595        3.7526183363149701        31.766829909209161        2.5000000000000000                1
   7.4788596106523961        6.7442939279126710        35.760106129886651        2.5000000000000000                1
   4.7580198437646848        4.0152131041557020        17.311044254626815        2.5000000000000000                1
   7.4944002491414574        6.3388357238139390        9.4050918578149254        2.5000000000000000                1
   5.1627395075496647        3.8649088052600997        37.016788052200397        2.5000000000000000                1
   4.1219847942273713        6.5540898851482998        8.7824264646303956        2.5000000000000000                1
   7.5221830428621317        4.9397582796122173        25.252363843043319        2.5000000000000000                1
   6.7331985861738977        7.4911528324224408        31.443529892118924        2.5000000000000000                1
   7.7210735525015695        5.6321559601746669        39.038483528118256        2.5000000000000000                1
   7.5986800112608712        6.4219123190467569        6.3853282227980825        2.5000000000000000                1
   5.2368741159931256        3.8180552662571743        27.616812585137435        2.5000000000000000                1
   3.7788219281839255        5.8617308639809771        7.4302082602900850        2.5000000000000000                1
   5.9913835020475803        3.8727429852478270        39.462766143739053        2.5000000000000000                1
   3.8322301684002653        5.2669978436692109        21.110004920080208        2.5000000000000000                1
   5.6111208888332520        3.7827697591786955        6.3155489492023138        2.5000000000000000                1
   4.1196948093507162        4.6324970256316060        6.3511573147116875        2.5000000000000000                1
   3.7686685899560670        5.6175566931236434        3.5240491099603872        2.5000000000000000                1
   3.9034572905305334        5.2649993011032112        16.852884789652183        2.5000000000000000                1
   7.5972634601344140        6.4895514603472479        16.054105840820576        2.5000000000000000                1
   7.4493932665856084        4.7287527025768394        17.932229287418451        2.5000000000000000                1
   4.5297587927404965        7.2930959747065369        11.178143057380277        2.5000000000000000                1
   4.5012738314877110        4.2266476913237785        5.5164509552386427        2.5000000000000000                1
   7.4549533098927121        6.7143575766659023        18.133832923195975        2.5000000000000000                1
   7.7280300610953692        5.8922866480458866        20.611302701378992        2.5000000000000000                1
   3.8379102516960226        5.2242120563473904        32.342604654657165        2.5000000000000000                1
   4.2784725556452861        7.1036007572783628        19.422609048093584        2.5000000000000000                1
   4.5923425294488665        4.1892818217385583        12.177998170812584        2.5000000000000000                1
   3.7834800838078189        5.5599275073984176        13.175601532579311        2.5000000000000000                1
   6.8301427543246200        4.0876296368940253        3.2310477574368557E-002   2.5000000000000000                1
   7.0809034678806455        7.2232711143662849        29.354155003843740        2.5000000000000000                1
   7.4805733591245529        4.7679437625802947        39.557996269256279        2.5000000000000000                1
   4.2997108502995118        4.8214712598930092        10.680066928409083        2.5000000000000000                1
   7.3792925391419155        4.6994475075538844        3.4345767774364386        2.5000000000000000                1
   4.1698097832492600        4.5572583744125801        31.023009457481191        2.5000000000000000                1
   7.0783527679852005        7.2315537340170142        13.674493420834336        2.5000000000000000                1
   3.9659324179900075        6.6201706372278952        11.666721040480660        2.5000000000000000                1
   6.2020839833351475        3.8103444811888232        35.612143410243782        2.5000000000000000                1
   4.9505093906516429        7.5765952490401807        15.107533112369376        2.5000000000000000                1
   6.1123058164280444        3.9176406098183012        18.196221625293148        2.5000000000000000                1
   3.9615331009589356        4.9515592074901740        7.9306145833735453        2.5000000000000000                1
   4.5775302430068940        4.1641801913016447        26.900117769639742        2.5000000000000000                1
   6.8641962707242774        6.1130428120464311        12.054185829175358        2.5000000000000000                1
   5.7946283873735673        3.7707482490637725        11.274490428696419        2.5000000000000000                1
   7.3300486761850143        4.7094712986111782        14.296491999806408        2.5000000000000000                1
   6.8269916422197419        7.3641390723545097        37.251589459535971        2.5000000000000000                1
   5.1407043650874398        7.6329116532367243        39.169148330331637        2.5000000000000000                1
   6.7469916742799292        7.4753303510246338        16.846868781198207        2.5000000000000000                1
   6.8523518182706917        7.3627049262091164        39.131522044721429        2.5000000000000000                1
   4.3513212167409057        7.1740400643659852        30.713777175025800        2.5000000000000000                1
   3.9388891082331718        6.5057118799430613        35.723821315988552        2.5000000000000000                1
   4.3919487982062941        7.1703461879418331        36.546296549796217        2.5000000000000000                1
   4.8492309149563786        4.0850165933919289        29.400178726980887        2.5000000000000000                1
   7.3570694969062336        4.5743971010875280        13.114328536116886        2.5000000000000000                1
   3.8587937181451055        5.2196149783645325        26.006014543359164        2.5000000000000000                1
   7.6687850378442990        5.2195718789902141        30.905279049270618        2.5000000000000000                1
   7.6171036067701525        6.3583336754866062        11.259253454452562        2.5000000000000000                1
   7.6761301139364893        5.8645944479770655        25.605052635369002        2.5000000000000000                1
   6.7360189764100493        4.0231944299937501        13.720940462224567        2.5000000000000000                1
   3.8996558446430187        6.3516240928069649        17.029028471375863        2.5000000000000000                1
   6.1590759832386146        3.8104053124210182        4.7585483299292051        2.5000000000000000                1
   7.7139476746303988        5.8348727759114816        35.295768538376734        2.5000000000000000                1
   7.5620453497830979        6.3485677895108807        38.282728174498722        2.5000000000000000                1
   6.3413920026625101        7.6553316496838804        1.5618398777435738        2.5000000000000000                1
   4.5692990856631077        7.3137520429954881        3.3363797546501681        2.5000000000000000                1
   7.5583064541157556        5.0422355549364077        34.691714264341790        2.5000000000000000                1
   6.2280381625319539        3.8114633132329874        27.185663700858033        2.5000000000000000                1
   7.4515612027858165        6.7729613181155939        31.793623223537328        2.5000000000000000                1
   4.7965401720834464        7.4845770222091668        27.353059298710800        2.5000000000000000                1
   5.7611654380170654        3.7624081154683870        3.3433933611317062        2.5000000000000000                1
   7.7297726679956522        5.5683619394583808        15.513150456692536        2.5000000000000000                1
   4.3764850857416144        7.1859290746864479        39.788134651852594        2.5000000000000000                1
   5.0853328232196331        7.5418663736422742        17.722878562377215        2.5000000000000000                1
   5.4857457203656708        7.7042484967942855        7.0169741134095753        2.5000000000000000                1
   4.0715548048858112        6.7998818430146324        5.0093480317331709        2.5000000000000000                1
   7.6277287215744325        5.1301340065938543        21.707284557931228        2.5000000000000000                1
   7.6662094797749925        6.0770565382898747        29.296942805449351        2.5000000000000000                1
   3.8217354277255402        6.1479697773680693        23.609539384375562        2.5000000000000000                1
   3.9286311588240199        6.5290726095214628        4.0127381035477780        2.5000000000000000                1
   6.7886631463920306        4.0459721343603254        3.9381838665749269        2.5000000000000000                1
   4.4490796843838503        4.2526729262296099        21.126440129084514        2.5000000000000000                1
   3.8794063634144784        6.4398513868024239        39.307447747005220        2.5000000000000000                1
   3.8387995155521506        5.1643810111777748        17.877501296042489        2.5000000000000000                1
   6.3882745085284460        7.6325993784411850        9.4049818463103652        2.5000000000000000                1
   7.4015826912651308        6.6693527594368396        14.514592288477717        2.5000000000000000                1
   3.8856168558324713        6.4701965647480479        14.531187893144475        2.5000000000000000                1
   7.3478325776628477        6.8332443682796509        23.210034311169988        2.5000000000000000                1
   7.4773960829773465        4.8566460012139139        16.234894140425297        2.5000000000000000                1
   4.1026980817898204        4.6781320434603497        28.476426955170350        2.5000000000000000                1
   5.1084551098635060        3.8669406522799861        25.954780097770797        2.5000000000000000                1
   3.9841218727110816        4.8433691104171679        29.621178280904783        2.5000000000000000                1
   6.6360050984707595        3.9715197478734723        23.690399669094255        2.5000000000000000                1
   6.2983392075126767        3.8304523273564044        7.3467712759689396        2.5000000000000000                1
   7.2704343068287107        6.8435947479840813        26.874818440254909        2.5000000000000000                1
   7.4685827762177874        4.7706022263552867        1.4101155566127881        2.5000000000000000                1
   6.3863305962518844        7.6243366835033841        6.4046259350289372        2.5000000000000000                1
   6.6530441504914446        4.1015135155233668        11.936176529934782        2.5000000000000000                1
   4.2658134138611805        4.5318617887553891        39.402570287451887        2.5000000000000000                1
   3.8724546456662585        5.2740960995537476        15.798806928407521        2.5000000000000000                1
   7.7185318868074768        5.9383622301511387        26.692664401200112        2.5000000000000000                1
   4.0188809722950882        6.7020949349645882        29.001950440797529        2.5000000000000000                1
   5.9032091335095531        7.6875814724751761        21.272341781544128        2.5000000000000000                1
   6.3613606931840510        7.6050982080652334        8.3850860939097274        2.5000000000000000                1
   4.1851172055244028        4.5158776061582255        23.612935630239072        2.5000000000000000                1
   3.9836731430206913        4.8251788680786252        9.7185659452705089        2.5000000000000000                1
   7.6231856002409097        5.0560722364506736        29.062467582790827        2.5000000000000000                1
   7.7316879002753174        5.9981886250560672        22.719087801335156        2.5000000000000000                1
   4.0065141516803058        4.8305345857610922        11.650851160776963        2.5000000000000000                1
   5.4603856813477760        7.7121649174337126        38.222637006506183        2.5000000000000000                1
   6.1091411023276123        7.6993190255622821        17.707105133445225        2.5000000000000000                1
   5.9994825941642587        7.7018181747796852        32.965340224140263        2.5000000000000000                1
   5.4959428773686598        3.8110311674644555        28.637470044610335        2.5000000000000000                1
   6.2079305938834120        3.8248799506897906        32.799420432553553        2.5000000000000000                1
   3.7562933291190177        5.8937326602377400        5.3321265426732776        2.5000000000000000                1
   4.8899668380517145        4.0660976238645716        8.7928415868289793        2.5000000000000000                1
   7.0814105302791654        4.3122807603625875        32.588196671778562        2.5000000000000000                1
   7.5674756928976645        6.2993798617624801        30.727493182334463        2.5000000000000000                1
   7.6095986167955880        6.4477228169784446        4.4158921834336251        2.5000000000000000                1
   7.1427477832986570        4.8698165836570659        38.547385205580795        2.5000000000000000                1
   7.7220393546693504        5.5295783309159461        6.8895284669196029        2.5000000000000000                1
   5.9449364153368398        3.7754027436928519        16.169427936523576        2.5000000000000000                1
   3.7777079376923401        5.4936634660883321        31.244882546906084        2.5000000000000000                1
   7.3341630376705478        4.8988087967349587        31.818075627650330        2.5000000000000000                1
   7.0901611698602887        4.2832675401746041        21.602134336596539        2.5000000000000000                1
   6.7875847183749984        7.4041034221124731        20.710711242053762        2.5000000000000000                1
   5.3496505035120965        3.8100689199331983        34.523984063105146        2.5000000000000000                1
   4.3335858437366852        4.3623792536706594        37.342344414102008        2.5000000000000000                1
   5.3525567904978519        3.7959086885371880        19.771326534432980        2.5000000000000000                1
   6.3200596702023883        3.8483586761219462        22.170543987350289        2.5000000000000000                1
   4.9238671054823389        7.5101014233679608        25.508229107515881        2.5000000000000000                1
   6.3224923286160868        7.5755052425464475        11.270726242580553        2.5000000000000000                1
   6.3925694734289067        3.8656976082119825        2.5617035834350612        2.5000000000000000                1
   3.8823270548749225        5.1853379076288570        36.351166324504455        2.5000000000000000                1
   4.3973753496203303        7.1506737550072001        15.931240783645450        2.5000000000000000                1
   4.9280772754097342        6.3636536909849335        35.920065967119349        2.5000000000000000                1
   5.2391912626963055        3.8243983951742240       0.16732349878083153        2.5000000000000000                1
   4.2823584577449907        6.7890061526816270        22.022366922777987        2.5000000000000000                1
   5.2628037014176803        7.6895545532992271        13.613140164380523        2.5000000000000000                1
   4.7023991102893827        4.0533025313661843        38.575298668151980        2.5000000000000000                1
   5.8479054443082914        3.8046841163042830        14.343613326070857        2.5000000000000000                1
   7.5277377992180119        4.9678980189321393        26.929092848101561        2.5000000000000000                1
   7.0036832288388684        4.2329387410023207        35.177487697211227        2.5000000000000000                1
   7.3967353928909576        6.8431738482609976        25.106821656963366        2.5000000000000000                1
   5.8097317130354451        3.7575092376624042        1.3140321411963161        2.5000000000000000                1
   6.5192739516182385        3.9133275506651248        19.657297795561039        2.5000000000000000                1
   6.4112214088727466        6.4061742136114033        6.6460155039312108        2.5000000000000000                1
   6.4711921361493507        5.1562116885074989        9.0324845326271443        2.5000000000000000                1
   4.9381779415922580        7.5624840539393476        16.692570767301355        2.5000000000000000                1
   4.0584577897061056        4.9389263589361496        24.547131573256621        2.5000000000000000                1
   3.9282452360560485        5.1884131384092687       0.12031339235699057        2.5000000000000000                1
   5.2191187657016096        7.6552834683098849        31.009987352509658        2.5000000000000000                1
   6.8397084096787744        4.0797572127165740        1.0420834884098318        2.5000000000000000                1
   5.4710643590872872        7.7036550793582963        5.7626090262085867        2.5000000000000000                1
   3.7778133031446921        5.7372201885089114        10.385756411256654        2.5000000000000000                1
   5.0136537096660305        3.9043835495763566        2.0501902179793441        2.5000000000000000                1
   6.5414244401129613        4.0056316122664857        38.490775569153620        2.5000000000000000                1
   7.2114858647026301        4.3961262028910006        26.107230564545397        2.5000000000000000                1
   5.3831701350545025        3.9088344114045390        9.7682020946873322        2.5000000000000000                1
   5.4624274137264042        7.6783032112591707        3.9864719266580142        2.5000000000000000                1
   7.6107938845291683        6.3896521520820739        3.3470054638145617        2.5000000000000000                1
   6.9691642822116249        4.1889232304940469        20.600009441507421        2.5000000000000000                1
   4.3524597016579145        4.3603909477222924        35.584482562809974        2.5000000000000000                1
   7.1153706109819019        7.0751020460038507        11.824120978815159        2.5000000000000000                1
   7.0772424637607276        7.1543871656314906        2.0612730183604731        2.5000000000000000                1
   4.3753165233539155        4.4944679719363974        16.409461545742403        2.5000000000000000                1
   3.7845004966009506        5.4934243494743979        38.916671556815622        2.5000000000000000                1
   7.5035886018835338        4.7956350247187363        33.528470461872871        2.5000000000000000                1
   4.1701986392944139        6.9761457904194231        23.082472723895364        2.5000000000000000                1
   6.7721309578789413        4.0380194246708569        15.578410068144182        2.5000000000000000                1
   5.8127832731305329        3.7859503933965852        13.168319566723955        2.5000000000000000                1
   6.6885484941773798        7.4547589070572871        28.427418712683679        2.5000000000000000                1
   7.5765720479375478        6.5282329698348365        39.501761869443342        2.5000000000000000                1
   5.2892007786128925        7.6391705332621589        2.1689699990043376        2.5000000000000000                1
   6.9856841813548662        7.2348853983605741       0.81936799292121365        2.5000000000000000                1
   3.8697761332831777        6.0247738243656537        27.241897535212122        2.5000000000000000                1
   5.3465653168927050        6.6989276798651192        33.374411663933820        2.5000000000000000                1
   6.0435188822494625        3.8601710662389324        37.563609086964185        2.5000000000000000                1
   3.7830268833213809        6.0553011967339136        19.517203092780068        2.5000000000000000                1
   4.5714958468120690        4.2492987891751941        22.122464328962536        2.5000000000000000                1
   4.2713404170032465        7.0631498202931144        18.103622245612694        2.5000000000000000                1
   7.5587128790604368        6.3715768388844793        13.129231820841207        2.5000000000000000                1
   4.9718026392332275        3.9392430542324592        14.818721304582311        2.5000000000000000                1
   3.8524967185340464        5.1885649940888445        22.924716690960871        2.5000000000000000                1
   5.3261130938722667        3.8020710875864077        24.501518893342180        2.5000000000000000                1
   6.2898976615217750        3.8479563990835581        25.019098863676025        2.5000000000000000                1
   7.3601054299935340        6.6292032660111460        17.033324376386403        2.5000000000000000                1
   6.4571873217536577        7.6107665386094769        38.155787114116208        2.5000000000000000                1
   5.1770544159881009        7.6553368282902676        18.791289980604748        2.5000000000000000                1
   6.9692344067052154        7.3066108283575320        33.070651565352129        2.5000000000000000                1
   6.5574322149723345        7.4401554159943988        24.438015833993429        2.5000000000000000                1
   7.0712874517670059        4.2546045120578180        27.625079672111259        2.5000000000000000                1
   5.3378513356496127        3.8381554977206451        22.699632024229675        2.5000000000000000                1
   6.7714159349779077        7.4578769932702587        35.573488943981999        2.5000000000000000                1
   5.7490879768541738        7.7413908603240245       0.74632412712678520        2.5000000000000000                1
   7.7340997671521192        5.5653851951952396        3.9062872333872805        2.5000000000000000                1
   7.7424553736067674        5.6094065559542710       0.93527560472866456        2.5000000000000000                1
   7.5138104999341015        6.6802049022969348        34.715949932541250        2.5000000000000000                1
   4.3776412519558727        4.3118365662779317        7.2684319246394793        2.5000000000000000                1
   4.0107496672470537        6.6947587922028680        26.465655934609437        2.5000000000000000                1
   4.0364451996099726        6.6172199159454888        9.8111456497496317        2.5000000000000000                1
   5.7161106803782644        3.7785851985467085        8.1880906772139586        2.5000000000000000                1
   6.4121495017105188        3.9066711331662503        29.102210766093783        2.5000000000000000                1
   6.6923101120574886        7.4859300557034629        27.422668246640683        2.5000000000000000                1
   5.2761920471238604        3.8160806072711013        7.2677846102146546        2.5000000000000000                1
   5.3770967578490154        7.7084114790577329        10.713520762755952        2.5000000000000000                1
   4.2877259470840743        4.4066462682609302        13.171201088901546        2.5000000000000000                1
   3.7824282584852491        6.0453155772036515        37.358896979637159        2.5000000000000000                1
   3.8918436995896344        6.2898943002743284        15.577567116776784        2.5000000000000000                1
   6.1138938617405367        3.9718916771610084        26.192528046512194        2.5000000000000000                1
   3.8853555557003969        5.0988303763802314        38.003131760002418        2.5000000000000000                1
   6.6179179372711507        3.9519619308498237        31.176270182001147        2.5000000000000000                1
   5.9062079923232176        7.7246837655931824        33.986065305078732        2.5000000000000000                1
   4.5139646403626754        4.2448199768198700        20.115967390005565        2.5000000000000000                1
   6.0129894150784597        7.6900879423698969        39.727470022445615        2.5000000000000000                1
   4.9256636872491715        7.5558812164603513        37.323991911970985        2.5000000000000000                1
   5.9780543119819534        7.7279350579440313        20.209258104338438        2.5000000000000000                1
   7.4235628522745847        4.6605665636888016        2.4111158481989059        2.5000000000000000                1
   7.6791868491367241        5.9362587734133836        18.743397626215092        2.5000000000000000                1
   5.1908557897150942        3.8735566338579748        35.860975958193151        2.5000000000000000                1
   6.8467149490815986        7.3830626500009844        34.149614976142459        2.5000000000000000                1
   7.5956573595904402        5.1379181470951565        28.044099198015687        2.5000000000000000                1
   4.2606441547236953        6.9749869651984699        33.235951256200423        2.5000000000000000                1
   7.7376077632644407        5.9018257958694482        32.334523616430744        2.5000000000000000                1
   3.9530488887978406        4.9408902776718948        19.565818148778558        2.5000000000000000                1
   4.7785615589246540        7.4729836585511631       0.71576588643979178        2.5000000000000000                1
   7.6543495436607172        5.4783353276648725        11.792979391652709        2.5000000000000000                1
   7.6390890986584434        5.1145227136238276        36.083509167478162        2.5000000000000000                1
   4.6527068276400705        4.0884162186105293        3.8504118746371083        2.5000000000000000                1
   4.4516267127243365        4.2780680672742584        34.579078375261446        2.5000000000000000                1
   3.8924700283558926        5.1439196219478074        35.005518485771027        2.5000000000000000                1
   7.5733959236424333        4.9507048020088984        20.237831641744794        2.5000000000000000                1
   5.3452254546656670        7.6963053244292068        11.740111105056279        2.5000000000000000                1
   4.8823380101852862        7.5490219724519614        35.690261020289007        2.5000000000000000                1
   3.9992336832596376        4.8065044699942687        33.805551149246391        2.5000000000000000                1
   7.7491940758032252        5.7162446126945303        37.119655926475652        2.5000000000000000                1
   6.9150398707058960        4.1713434053860894        16.788787229265171        2.5000000000000000                1
   3.9784071671666230        6.6420457416713834        13.002147214260274        2.5000000000000000                1
   7.3603427273330224        4.7053107255933524        8.3408225232600692        2.5000000000000000                1
   6.7251022375089882        4.0122599325925909        8.8139543626219368        2.5000000000000000                1
   5.7509470331718155        7.6953524009507523        27.017794358444512        2.5000000000000000                1
   4.4573533703061878        7.1816068372505031        14.085615491721700        2.5000000000000000                1
   5.4148314918949261        7.5942623308978030        28.459089191992181        2.5000000000000000                1
   7.0989588676421826        4.3258717136309262        22.685766303471276        2.5000000000000000                1
   7.4663644963989855        4.8206790358126508        4.9820337568217754        2.5000000000000000                1
   7.4055167355257936        4.6843471413397015        30.086443976461663        2.5000000000000000                1
   4.2936249834433040        4.4392184519939155        18.634162723475033        2.5000000000000000                1
   6.4043529870896210        6.4173640779116123        14.597324319925699        2.5000000000000000                1
