     1000000
           1
  0.10000000149011612     
   2.7218368625670681        3.0401979269717425        20.076209460922236        1.5000000000000000                1
   4.1192194492342482        4.6533423293132250        38.017136430019441        1.5000000000000000                1
   2.3869657875290629        3.7219981744284918        9.2100939006365312        1.5000000000000000                1
   6.0160716310035083        4.9331247025262606        20.372374473444030        1.5000000000000000                1
   6.1504129971150236        3.6544309713216951        35.788270847463892        1.5000000000000000                1
   5.4143264615600177        2.7001898373657065        29.179162830770796        1.5000000000000000                1
   5.3219085163619901        2.6933123796767804        24.734011246818987        1.5000000000000000                1
   3.6865194875405431        4.9640185702843045        20.719086709990613        1.5000000000000000                1
   6.2028304379558010        3.9991029686833652        20.936569748681151        1.5000000000000000                1
   2.8039712125869491        2.8981794989737182       0.76141050507712793        1.5000000000000000                1
   3.9755205586336366        3.2362132265566439        36.226615918991129        1.5000000000000000                1
   5.2796650997280397        2.5446324254249819        21.006956896263240        1.5000000000000000                1
   6.0817959876096133        3.4726381778764410        27.108274817761320        1.5000000000000000                1
   5.0032161621658284        2.4319898630413137        30.727750455284195        1.5000000000000000                1
   6.1670192809866240        3.6850561038443796        8.7865750189021838        1.5000000000000000                1
   4.2640818982381106        6.2345875911069113        35.709671254787395        1.5000000000000000                1
   4.6161363872444401        2.3708939400606268        10.643492130357826        1.5000000000000000                1
   3.7373923385162748        4.3276324621961200        3.6984033077625793        1.5000000000000000                1
   2.4936280707853378        3.7529711849058951        34.649009573898745        1.5000000000000000                1
   5.7644638910755628        5.5443981049729611        23.917294429176874        1.5000000000000000                1
   6.2380117066362200        4.0634888810694330        21.955201590946807        1.5000000000000000                1
   3.6571921520776125        6.1182565784108833        31.677901943741436        1.5000000000000000                1
   2.3118621730174058        4.5890317669758716        35.203456524381274        1.5000000000000000                1
   5.7444622130220528        5.5314466664664295        28.467462983560566        1.5000000000000000                1
   2.3204944807528736        3.7320900758593254        29.152338746999558        1.5000000000000000                1
   4.1090897143711045        3.5421362243063932        20.956743985367378        1.5000000000000000                1
   5.6505031034580551        5.5343158008720224        25.449890771429100        1.5000000000000000                1
   3.3740223226736994        6.0036632852045431        9.7539601581745696        1.5000000000000000                1
   3.4208486483205238        6.0347982242710509        22.857369729573410        1.5000000000000000                1
   5.7599681663043860        2.9497714146006797        1.7892208488766035        1.5000000000000000                1
   5.3283175623604624        2.6044712137302124        3.1999380989467041        1.5000000000000000                1
   3.7537885378320071        4.2873004416893457        13.288814135240679        1.5000000000000000                1
   3.6494399489166676        6.1081083948791921        36.597838334360034        1.5000000000000000                1
   4.3945366714146825        5.2162371588686351        29.143599993984537        1.5000000000000000                1
   2.2574305411503732        4.0832919291330194        30.095766478412862        1.5000000000000000                1
   2.3461600856598768        4.7120150667388465        31.706723325877174        1.5000000000000000                1
   3.3813036919249257        6.0427343012129073       0.77148714513206029        1.5000000000000000                1
   6.0097887377590631        3.4033937697127272        32.597177590917489        1.5000000000000000                1
   4.7842243154966884        4.7110869611304080        31.878123479272137        1.5000000000000000                1
   5.4426364888121173        5.8416154788382011        20.390430043279451        1.5000000000000000                1
   5.3668560821510800        5.6752884817476774        17.822774638982452        1.5000000000000000                1
   3.9353834667464400        6.2205615654028596        10.672042444087994        1.5000000000000000                1
   3.6558500572859480        4.2046499915085001        35.966068327310531        1.5000000000000000                1
   2.9191565036979754        5.6924052460169499        7.1421848160891894        1.5000000000000000                1
   3.9253657944040228        4.8104810953050521        17.627873703435228        1.5000000000000000                1
   4.4826045825215459        2.3143976926326864        18.496780161568239        1.5000000000000000                1
   5.4360080628029515        5.8253759188155341        33.665397591385450        1.5000000000000000                1
   6.1061705255015122        3.9536173353672326        23.605518670019777        1.5000000000000000                1
   6.1935952270010466        3.7826293021629414        16.894056538848691        1.5000000000000000                1
   4.3326672993945303        2.2555997380425703        9.6148376912488978        1.5000000000000000                1
   4.0142789815927502        3.6435805778338328        26.856463881458545        1.5000000000000000                1
   4.6297863143346243        3.7992726675491988        14.735534585433442        1.5000000000000000                1
   4.3553025740966342        6.1316906434129645        18.989982350369242        1.5000000000000000                1
   4.0670233176167994        5.0525276167562225        8.3030579509053517        1.5000000000000000                1
   4.2491814871387596        5.2509410771163836        15.895642509827722        1.5000000000000000                1
   3.6660209947477993        6.1482230427885574        16.968083761659543        1.5000000000000000                1
   3.9904415104347146        5.3122453800085649        10.233676821320785        1.5000000000000000                1
   4.5132722207462797        4.8608465692345479        16.812805262462160        1.5000000000000000                1
   5.2322115837715923        4.9541880303556241        37.853491621682188        1.5000000000000000                1
   4.3829728411225215        3.6705944292967136        7.5276089113573281        1.5000000000000000                1
   4.9792963424216321        4.7957279318010695        10.037496437427132        1.5000000000000000                1
   5.9518762501561744        3.2235464118106676        31.605695309932766        1.5000000000000000                1
   2.4288844397321632        5.0366043683723110        36.686734713631097        1.5000000000000000                1
   5.2591473605183463        2.5327752106597714        9.1593368636602008        1.5000000000000000                1
   3.0270112562563631        5.8236827379703309        29.694178409870474        1.5000000000000000                1
   4.5407186856216581        6.2245517852324905        17.472598951291634        1.5000000000000000                1
   4.1246426926885773        4.7615324539927881        33.915524831985884        1.5000000000000000                1
   2.7909938432868060        2.9758875731932246        1.7652296320463468        1.5000000000000000                1
   5.9332808021337371        5.3191747370285798        17.057353656956224        1.5000000000000000                1
   2.9193880481426810        5.7368588452590981        3.7090561248426064        1.5000000000000000                1
   4.8046026468004834        4.1111784238077815        28.044323537121993        1.5000000000000000                1
   2.2828510096929371        4.4623708932523289        18.568620054357332        1.5000000000000000                1
   4.1910658223070012        2.2935173524440060        28.263403565529199        1.5000000000000000                1
   6.2002332436179861        4.6505484896846774        16.359649620331361        1.5000000000000000                1
   2.6964863162735413        5.4625321418670367        11.109003885108185        1.5000000000000000                1
   3.6970897578398452        6.1423256830296440        25.411071367801060        1.5000000000000000                1
   4.7234229875897995        3.9907317453944513        3.5274425337616107        1.5000000000000000                1
   3.2460478113538267        5.9412458137785222        39.207566423395214        1.5000000000000000                1
   5.7818269580460440        5.4799332191221160        30.934846050997635        1.5000000000000000                1
   2.8893309504440756        5.6417816105180343        21.970951405062891        1.5000000000000000                1
   6.0604437264054773        5.0265085499668594        9.5060056092262286        1.5000000000000000                1
   5.8746848609893902        3.1498124573719748        22.316440034973919        1.5000000000000000                1
   3.5542358813650052        2.9689139048483204        14.079740687594375        1.5000000000000000                1
   2.2678958353352243        4.0369801919851405        36.617241971850255        1.5000000000000000                1
   4.2480535958216512        2.2556870441097630        8.0600629263288752        1.5000000000000000                1
   2.9387908096331725        5.4789400527472543        35.077002960507031        1.5000000000000000                1
   4.7438498777494376        6.1756135506125842        1.5056692241717462        1.5000000000000000                1
   5.4603379956063289        5.7595931763497319        10.171199026722279        1.5000000000000000                1
   5.3781796517378133        5.8617215406941439        3.9706068417951408        1.5000000000000000                1
   6.2206432265715135        4.0673737005801529        3.9926294946293193        1.5000000000000000                1
   6.2411205694357994        4.3540554982380435        14.864169315179259        1.5000000000000000                1
   4.8219012229168889        3.9827474596108452        34.995057626283966        1.5000000000000000                1
   4.7200668710155513        2.3819253794314434        6.1349226681488238        1.5000000000000000                1
   3.3150555821303107        5.9388842180019399        37.698450473291025        1.5000000000000000                1
   5.7758934808929032        4.4860028322254344        19.452236229024077        1.5000000000000000                1
   4.4396896746435113        2.3743816492283241        3.6039074767265666        1.5000000000000000                1
   5.0311274372584487        5.1794046599273367        11.491258832379184        1.5000000000000000                1
   4.1504894807291519        2.2868389485742355        1.0400535261317749        1.5000000000000000                1
   3.6505554988052871        2.3592337133685128        11.007304816332466        1.5000000000000000                1
   5.1827010946276353        4.0885816247968236        12.516901927159997        1.5000000000000000                1
   4.0104890316957515        3.2466669202724274        24.161551444271737        1.5000000000000000                1
   4.4151618768769634        4.7663918092194955        25.895603251692236        1.5000000000000000                1
   3.1021301278680289        4.3519949196055867        4.5696447295471607        1.5000000000000000                1
   5.5566878295733506        2.7902190276114460       0.72992761994034072        1.5000000000000000                1
   2.4031505749928126        4.9523184964801530        4.1380518576673353        1.5000000000000000                1
   4.3819339376228355        6.1496130465930454        21.691455739302462        1.5000000000000000                1
   2.4308032888461586        5.0744659583643976        30.025675666970137        1.5000000000000000                1
   5.7515846262664212        5.5680833827888678        16.069469709538673        1.5000000000000000                1
   5.3438581804786986        2.6842322328369606        15.457200025887790        1.5000000000000000                1
   3.2756894266811520        5.9149078267457824        5.6905217178299017        1.5000000000000000                1
   4.9227223140188086        4.6889408869669227        39.302818383991927        1.5000000000000000                1
   2.3035827478450881        3.9286026399091147        22.519758550602777        1.5000000000000000                1
   2.3181315719156821        4.6458145784096789        14.086630732521328        1.5000000000000000                1
   2.3141679054690814        4.1816343292092188        16.698592515072139        1.5000000000000000                1
   5.2279932138175198        4.2560383079624673        7.7246150961054667        1.5000000000000000                1
   4.3238430017777159        6.1540142126093684        39.597659241982775        1.5000000000000000                1
   5.0860279974812741        4.7430338399879224        26.706294213771965        1.5000000000000000                1
   3.0959295946626724        2.6641598883682120        36.183021620901684        1.5000000000000000                1
   3.3689526696542575        6.0050244433361639        4.6826994962747586        1.5000000000000000                1
   4.9554032500081711        6.1129618294387846        4.8665394140622258        1.5000000000000000                1
   2.9659479415904957        2.7402711475215118        11.694994905851496        1.5000000000000000                1
   5.6877852756452878        2.8837691880887175        8.3192685092260383        1.5000000000000000                1
   5.2819322024698545        3.9013124955750991        6.2582829939154818        1.5000000000000000                1
   4.5985982705063773        4.7212123138241013        15.122085783101211        1.5000000000000000                1
   2.2893760351157231        4.0853833632876979        11.680660340598777        1.5000000000000000                1
   5.8959946141347590        3.1325408148832974        38.663485360692952        1.5000000000000000                1
   3.8425332957077671        3.7916992456124543        28.425031429045831        1.5000000000000000                1
   5.7802324797232592        3.3196149227856542        12.269851996691301        1.5000000000000000                1
   6.2120670669632174        4.2330873955466943        6.5709929343431845        1.5000000000000000                1
   6.0656234084488094        5.0395979271006626        3.7533659611319630        1.5000000000000000                1
   2.4655139065971419        3.3719594431425901        10.963780587773812        1.5000000000000000                1
   3.3913212833702739        6.0222112627698552        18.459759448565524        1.5000000000000000                1
   3.3640831490763161        2.4633714589074120        30.702964884200451        1.5000000000000000                1
   4.6417525992086963        2.3908983005289937        35.707813532286465        1.5000000000000000                1
   2.3540982459213255        4.6772396317607239        8.7644571155124158        1.5000000000000000                1
   3.4634623845436288        5.0579075835055516        25.726254952293662        1.5000000000000000                1
   4.6787358873586316        6.1702607533819487        3.1637223860056118        1.5000000000000000                1
   4.4331253112992703        2.2735074345340136        1.9998652924375193        1.5000000000000000                1
   6.1991161836076101        4.1751355439443678        24.645395879460605        1.5000000000000000                1
   3.6894780966642227        4.5059118889084386        19.128317564667604        1.5000000000000000                1
   2.2657263758051047        4.0962599099492651        13.232862490674769        1.5000000000000000                1
   5.6871097863062019        2.8746615240868016        4.7574704596786308        1.5000000000000000                1
   4.5144887040661494        6.2156391171985135        20.699453843041475        1.5000000000000000                1
   3.7917999133155158        3.6227131145549216        1.7399325622757218        1.5000000000000000                1
   4.8797959517562237        2.4483263169119738        17.435404436686859        1.5000000000000000                1
   6.1422599452765700        4.3102249700216042        12.266610083164178        1.5000000000000000                1
   5.5008907197229453        2.7138892471371330        34.468447395031127        1.5000000000000000                1
   2.6206684986519897        3.1025199208633247        36.987583406377780        1.5000000000000000                1
   4.0330074826980065        6.2208161826681465        15.470988740544461        1.5000000000000000                1
   6.0784608989768651        3.4750176896915592        34.098337776497779        1.5000000000000000                1
   3.3137677268752421        3.7872514185735842        39.045369610804137        1.5000000000000000                1
   5.5279685680158313        5.6337209607888727        12.846273806050378        1.5000000000000000                1
   4.1335726952192466        3.3418922833632347        34.644307005599636        1.5000000000000000                1
   3.7977215851877921        2.3592468508953663        32.295982550472196        1.5000000000000000                1
   6.1781778757729606        4.0214725210764666        13.753103425088215        1.5000000000000000                1
   6.1404756749225919        4.6085903813903411        34.236368583960591        1.5000000000000000                1
   3.7220295514104498        2.3291319738143161        20.995003154393487        1.5000000000000000                1
   3.5730104037870385        2.3721121920789328       0.21969861742657296        1.5000000000000000                1
   5.1597843457130148        5.7164166324915682        2.3266517526036856        1.5000000000000000                1
   2.6101040351976295        3.1260438180110079        9.9886676416802889        1.5000000000000000                1
   2.5711904056895549        3.4927728706095009        4.6383101384252496        1.5000000000000000                1
   4.1417211772419309        3.7030553833916686        25.729627793480365        1.5000000000000000                1
   3.7530567916134157        3.6701242634687889        11.865512886306572        1.5000000000000000                1
   5.4513048254484699        5.8164941124403899        26.414326245261506        1.5000000000000000                1
   3.8551234389463964        2.6374725520663906        26.828211903854029        1.5000000000000000                1
   5.0381204527186085        5.0050820897588082        19.903502038996322        1.5000000000000000                1
   2.7224625370531381        2.9751377413312512        25.711743290252215        1.5000000000000000                1
   3.5555836405495294        4.6027327596229020        27.177227849444893        1.5000000000000000                1
   3.9274580922240339        2.2852023426643764        33.326028085082832        1.5000000000000000                1
   2.9932248114373130        2.7225475933426688        21.591375256510513        1.5000000000000000                1
   2.3588079210856332        3.7366391271830395        38.678159036152650        1.5000000000000000                1
   5.3443579457899970        3.7453120937520836        1.2330582902749923        1.5000000000000000                1
   6.0543916056826559        5.0998526612593915        1.1979043667572862        1.5000000000000000                1
   4.6911076258200763        4.1892794632498083        21.575971398652694        1.5000000000000000                1
   2.6171087585229200        5.3804262134394873        8.0599453391593592        1.5000000000000000                1
   4.4228867432551420        4.7638040936078614        5.3129964478851273        1.5000000000000000                1
   3.2351051630526908        2.7162578498368686        22.591170592352668        1.5000000000000000                1
   4.8449192290213290        3.4678597741048369        29.503304041554241        1.5000000000000000                1
   2.6181022561273810        5.3910768649153544        19.704752382004262        1.5000000000000000                1
   2.3266938203979994        4.7877362448352550        12.505115498818846        1.5000000000000000                1
   2.4108979227718077        3.6710278595117387       0.24096499471252170        1.5000000000000000                1
   4.0979431846614762        5.2601274862317213        18.548052019047493        1.5000000000000000                1
   4.0671532971099502        4.7086365895179894        22.186466718499215        1.5000000000000000                1
   6.2282212645483286        4.4568782659505262        8.0861498843822854        1.5000000000000000                1
   4.4289405328428746        3.7914873693447224        5.0061876809140751        1.5000000000000000                1
   2.6799323209255954        3.0287576553706477        35.318211423568684        1.5000000000000000                1
   2.8686032502905139        5.6928817269446252        16.481868434128433        1.5000000000000000                1
   5.1893696902426107        3.9470426877679321        18.140526299365703        1.5000000000000000                1
   3.3545437282334345        4.6032338645421014        10.604630532741492        1.5000000000000000                1
   4.5960794249689139        6.2070050579923288        32.170046584791123        1.5000000000000000                1
   4.7111657247195096        5.2055289121014878        4.4362074598626116        1.5000000000000000                1
   5.0497826951260283        6.0651581982463831        12.077171014528505        1.5000000000000000                1
   2.5325454630131530        3.3756302994236314        26.608550944013817        1.5000000000000000                1
   3.6056572278883960        4.4211795587727440        30.792051062550872        1.5000000000000000                1
   5.8154125433156265        5.4923382905698430       0.30685652685047904        1.5000000000000000                1
   4.9713643857531373        6.1119992186521142        27.936660136047770        1.5000000000000000                1
   4.4622060450727234        2.2799566220400234        11.695057547240992        1.5000000000000000                1
   5.7518949554305889        5.5468472547700047        21.298769897366359        1.5000000000000000                1
   2.7458724354572679        5.5532832474754521        32.939019819905525        1.5000000000000000                1
   5.9920585523434564        5.2122956636797859        29.404368236503451        1.5000000000000000                1
   5.3391163354785816        3.7195858019991719        4.3269299738532991        1.5000000000000000                1
   3.1900675287349474        2.6000033246871883        5.9585863169873754        1.5000000000000000                1
   2.8747512195667597        2.8095691779573952        29.168179743617589        1.5000000000000000                1
   2.3488227386569629        4.7812884229043089        23.180884870751175        1.5000000000000000                1
   2.5221703286650041        3.2703041979323597        8.2701462137468180        1.5000000000000000                1
   4.2724912143578049        5.1169693315114753        13.639339151015388        1.5000000000000000                1
   4.0391202633868328        6.2284031650069762        30.749973027641879        1.5000000000000000                1
   6.2082513012944700        3.8513294692427569        28.555808908888622        1.5000000000000000                1
   3.2746911547039046        2.5547597030848452        27.683780924309307        1.5000000000000000                1
   4.1864372907023952        3.7716336361564156       0.27009252297843733        1.5000000000000000                1
   3.3337527809896090        4.0542795257946551        32.836305688820197        1.5000000000000000                1
   6.2376151514137295        4.2365070544112813        2.4632766572126807        1.5000000000000000                1
   5.3267933520424915        2.6391480521166253        28.133008013621492        1.5000000000000000                1
   4.9619015504352006        6.0960109225478503        11.077594882043696        1.5000000000000000                1
   4.6781492641044879        5.1058436947337595        22.912237071913292        1.5000000000000000                1
   5.2420547710084282        3.6189357131154272        37.095998886196902        1.5000000000000000                1
   6.2295339670698748        4.1923773195406415        31.752897278806362        1.5000000000000000                1
   4.1221405713100872        3.2848492059130630        8.4454417403455118        1.5000000000000000                1
   2.2572509568245418        4.2654127420544308        7.0795546700578935        1.5000000000000000                1
   3.6911996451092834        4.4978347389827702        29.241794822062648        1.5000000000000000                1
   3.9739438232258375        5.1914998737255900        39.608610626445198        1.5000000000000000                1
   3.2737140084970351        2.5227160793316341        9.5430906580747603        1.5000000000000000                1
   2.9134449036438972        5.6643023993896104        36.076174010186428        1.5000000000000000                1
   4.2571600874126529        6.2203034701135529        38.080324397148416        1.5000000000000000                1
   4.8478868311578962        2.3651183123176209        33.748288481306140        1.5000000000000000                1
   3.6210812688803879        2.3910275684276976        19.064946799610286        1.5000000000000000                1
   3.9741273609438057        2.2782294936567142        34.969507000028351        1.5000000000000000                1
   5.9869305461555244        3.2620767908469865        2.7215605404960725        1.5000000000000000                1
   5.8314217174361609        3.1422713168935279        20.388425366541302        1.5000000000000000                1
   3.8144673816701786        6.1988262625372874        3.7563823891809394        1.5000000000000000                1
   5.1888244370053807        5.9977783820246398        14.504706332853756        1.5000000000000000                1
   6.1807231147265629        4.7554832973500503        27.945534964942073        1.5000000000000000                1
   4.4839656927303242        2.2669451042317412        36.695624254912381        1.5000000000000000                1
   2.8914896226229621        2.8078269556440882        32.084756371012475        1.5000000000000000                1
   3.4402250287343534        6.0707954628683849        2.2898593797051983        1.5000000000000000                1
   5.3700953333550325        2.6217766059285426        37.253737711063607        1.5000000000000000                1
   5.8347225011522585        3.0531029020313714        25.573746861197456        1.5000000000000000                1
   2.6891236060743853        5.3416521258091612       0.55965978077103706        1.5000000000000000                1
   3.0660195909401642        5.8328125148485057        20.491860840055661        1.5000000000000000                1
   5.7275899024605277        2.9730706732551693        23.835595637711535        1.5000000000000000                1
   4.8437099563591390        6.1454673185739512        36.545100992201839        1.5000000000000000                1
   3.3336538792667860        2.4732712216036479        14.922598859435684        1.5000000000000000                1
   6.0638637034041443        5.0890030725230506        22.138319686571428        1.5000000000000000                1
   3.6652322771671413        3.5586287280255879        5.8559678040561618        1.5000000000000000                1
   3.0740625633331820        2.6864403173175417        4.3112815608541393        1.5000000000000000                1
   3.6029393962656822        6.1145654148591078        33.354119583354858        1.5000000000000000                1
   4.6112017581886464        2.2927054638438680        31.687815884121708        1.5000000000000000                1
   2.5863051840997326        3.2080674565225369        23.192555484564714        1.5000000000000000                1
   4.6199149760977241        4.4977010134912554        30.910472389940942        1.5000000000000000                1
   3.8136438073973338        2.4174297977943913        29.204824264143017        1.5000000000000000                1
   2.4822543250114339        4.7728929204331507        21.665026549840462        1.5000000000000000                1
   3.4708201943882933        6.0548636819375492        28.116813135981339        1.5000000000000000                1
   5.6326427048937218        2.8615224695824946        7.3122302997872941        1.5000000000000000                1
   4.5368657313949976        4.7055263452455476        6.3731654955356047        1.5000000000000000                1
   4.2032425819414714        2.2651229522011578        38.421228009964530        1.5000000000000000                1
   4.8622770520496541        6.1354227781259754        9.3322288442808290        1.5000000000000000                1
   3.4822308298543776        2.4091469260951710        25.343795252115072        1.5000000000000000                1
   6.0106066062251484        5.1928119907989743        36.587190151989866        1.5000000000000000                1
   4.9748025446651694        6.1119999286567648       0.44022257588535540        1.5000000000000000                1
   2.8004868344298512        5.5712505963147878        9.0366264919224761        1.5000000000000000                1
   3.3174157833227724        2.4961719545955079        8.5125678330915413        1.5000000000000000                1
   2.3720499144299505        4.4985736962616114        28.500126833130736        1.5000000000000000                1
   2.2602166586825474        4.3871585197791907        3.2454980512680756        1.5000000000000000                1
   5.8982441645954005        5.2833150745749418        14.556166382477915        1.5000000000000000                1
   5.4736265100302415        5.7137275431175585        31.864811306569941        1.5000000000000000                1
   3.0696634080560665        3.7643004589419751        3.1740746345295641        1.5000000000000000                1
   5.9541451555981242        3.2321065507903857        18.416211959721533        1.5000000000000000                1
   4.6705829339538507        6.0646405523559963        25.148114816588066        1.5000000000000000                1
   6.2010935061746899        4.4416536757082028        32.726782702863126        1.5000000000000000                1
   4.8631741801211978        4.1501847413704551        33.394799756009100        1.5000000000000000                1
   2.3539707641564598        4.7753392482383701        1.3875335659649251        1.5000000000000000                1
   6.2416974248624397        4.1036704071619452        17.898532850219869        1.5000000000000000                1
   5.0697564516795346        2.5529978011532419        19.973213107734836        1.5000000000000000                1
   3.3429448007603377        2.4687017059978826        17.484876860600931        1.5000000000000000                1
   4.7863596613817974        2.3264279293178172        5.1246121884316658        1.5000000000000000                1
   2.7347150899911643        5.5420092682838993        14.498116567571220        1.5000000000000000                1
   6.2208394302347223        4.5668591411618698        38.077545925750421        1.5000000000000000                1
   4.4023532337249787        6.2123981717127501        13.869529258200815        1.5000000000000000                1
   2.6348755354464179        5.3897627268187520        15.537883697650486        1.5000000000000000                1
   2.4300967395766322        4.9304143266468747        33.674011003726669        1.5000000000000000                1
   2.2824830492588282        4.3491962020975983        26.344350035789560        1.5000000000000000                1
   4.1492644950033455        4.8594715433562348        30.074204621105594        1.5000000000000000                1
   6.1617371409729893        3.8597464132141912        30.111052489783901        1.5000000000000000                1
   6.1009094180962578        3.5058096935819032        15.390697825794183        1.5000000000000000                1
   4.2243178118031901        2.3195287052513693        14.454063163126460        1.5000000000000000                1
   2.5865421865635576        3.2980579903303537        7.2484262864871187        1.5000000000000000                1
   4.7949149548964014        6.1561878624216879        29.449050805203498        1.5000000000000000                1
   2.4492160895468338        5.0816408360123360        17.182695104181828        1.5000000000000000                1
   5.3141567943438348        5.9356682033743349        19.351387837200971        1.5000000000000000                1
   5.1853347383727177        2.5075527380585290        38.299950159831560        1.5000000000000000                1
   5.0970467864333751        2.4919943981517316        39.865491133997097        1.5000000000000000                1
   3.9121857619643015        6.1747206884214858        8.1608618768934704        1.5000000000000000                1
   3.5473317788871159        5.0018144688483019        2.3621392559102157        1.5000000000000000                1
   6.0115142925845007        3.3613418739508840        11.293494958663786        1.5000000000000000                1
   6.2183713099831452        3.9567236716018925        9.7791578320776242        1.5000000000000000                1
   3.7533917388724012        2.3958887622163023        2.8537563606751921        1.5000000000000000                1
   5.5920105717691273        2.8356116411838013        35.617955278974733        1.5000000000000000                1
   2.2637337218389586        4.0344341599179989        14.919994116623405        1.5000000000000000                1
   6.0276695296382661        5.0268819908948510        11.449983048496323        1.5000000000000000                1
   2.6003349156347695        3.4058027738154926        5.7192620301463180        1.5000000000000000                1
   5.9917344624559483        5.1974708348449727        26.993915250114323        1.5000000000000000                1
   4.3485849878185787        6.2179798752786573        7.2572795395947818        1.5000000000000000                1
   3.2312776306857320        2.5783834861957735        6.9672390516836336        1.5000000000000000                1
   4.0649385009833985        6.2252117813615753        6.2282648856357872        1.5000000000000000                1
   3.8099683250701166        4.6596839968139392        12.249188539294170        1.5000000000000000                1
   4.6497435995646148        4.5971408266439324        9.0909416990459029        1.5000000000000000                1
   2.3688350068405453        3.5893185130843790        24.100185527708394        1.5000000000000000                1
   2.9113361747607778        2.7781184077650285        3.2745811074615205        1.5000000000000000                1
   6.2305699876512382        4.1270369937472573       0.95644407967410550        1.5000000000000000                1
   5.0827850678144086        2.4346008628289986        13.954005371781610        1.5000000000000000                1
   6.1978889450063059        4.5665635545436727        30.823493377232644        1.5000000000000000                1
   4.5661785280496101        2.2929684063807243        21.664651720715863        1.5000000000000000                1
   5.3462188452955690        2.6743339412241411        19.014726821518078        1.5000000000000000                1
   4.4167087206150386        6.2303514366801123        34.719829175292496        1.5000000000000000                1
   3.6959505515948021        2.3572947402806763        16.479668558011394        1.5000000000000000                1
   3.8940844261834853        4.7454430212016048        32.363992119377066        1.5000000000000000                1
   4.5815915101041371        3.3013173683340375        15.681929249779227        1.5000000000000000                1
   4.5328597763788645        6.1951294144312028        26.756396894912971        1.5000000000000000                1
   3.6112300415216674        6.0747292895111480        13.272267343956134        1.5000000000000000                1
   3.8215193432277541        2.3139898331015760        37.464445671541100        1.5000000000000000                1
   4.4255840412141234        3.7948869269405510        39.282546278569775        1.5000000000000000                1
   4.7338418735882293        3.9344731618741990        16.441787906099009        1.5000000000000000                1
   3.3654009956156505        4.6599946874499913        23.623021906853083        1.5000000000000000                1
   5.6243252654811036        4.1907911772944697        29.312439506499366        1.5000000000000000                1
   3.3533870995411577        2.4636723576334072        24.318500960433823        1.5000000000000000                1
   4.7904968770108081        3.4374151809607305        32.691711518022501        1.5000000000000000                1
   2.5504311773816566        5.2076081359854705        39.046561405961334        1.5000000000000000                1
   2.5967986740041464        3.1894278340097189        14.434161295890561        1.5000000000000000                1
   4.1698753727950493        2.2539967414030286        23.757892413165575        1.5000000000000000                1
   5.2385851051146544        4.2849133277209530        23.151781648977494        1.5000000000000000                1
   4.3399868837152420        3.7080501171833475        37.752987478863567        1.5000000000000000                1
   3.3998535702645167        5.9418278885509066        11.658662591499256        1.5000000000000000                1
   5.6409952634409608        2.8582506534852854        6.2807580174536461        1.5000000000000000                1
   4.2044669920475481        2.2642722357017280        7.0192870762214348        1.5000000000000000                1
   2.2857798560865925        4.5868362912864935        24.732531177917178        1.5000000000000000                1
   3.8426806733913752        6.1115628071950390        29.086969782517379        1.5000000000000000                1
   2.8311315145409210        5.5559778216198454        31.438280290365949        1.5000000000000000                1
   6.1942059355654893        3.8794986635346724        37.301938004853199        1.5000000000000000                1
   2.6572744038886946        5.4106395131362675        2.1007317385397344        1.5000000000000000                1
   4.9058871979470586        6.1129544233065261        16.007649745733467        1.5000000000000000                1
   3.3763624497594784        2.4671638448806910        13.218305014343274        1.5000000000000000                1
   3.4518253509805534        6.0304604370818327        34.369654181849704        1.5000000000000000                1
   2.4037707587667776        3.4886265251711746        18.246904453499617        1.5000000000000000                1
   6.2295431532234584        4.5187453803650364        35.256784024856017        1.5000000000000000                1
   3.5998644242138806        4.8971215902724055        6.8038935306329558        1.5000000000000000                1
   6.2301332589456164        4.0611132050423961        39.954042202830578        1.5000000000000000                1
   4.5994935045288727        6.2081669340038390        33.197138187041020        1.5000000000000000                1
   4.0569665713810634        2.3218951058127058        19.997657782156953        1.5000000000000000                1
   6.0504528958431827        5.1154389734112389        13.561477571552320        1.5000000000000000                1
   2.4068561597573850        4.6466910271145405        39.876609944130607        1.5000000000000000                1
   3.0645897950067957        2.6488785386773062        33.782954033899784        1.5000000000000000                1
   2.6246581051074949        5.3372970812812284        18.189499686074111        1.5000000000000000                1
   3.2014735484301347        4.8245073050781109        37.550970836413313        1.5000000000000000                1
   4.2431178913817860        3.0465968286128557        22.457509352679548        1.5000000000000000                1
   5.3911236744438193        5.8015030651369095        7.3469128937298098        1.5000000000000000                1
   2.5203002723221917        5.2475589250776382        5.7024515500479094        1.5000000000000000                1
   4.4824004386641647        2.2675633156345527        25.372392644214603        1.5000000000000000                1
   2.6785082018015474        3.1790196196027667        12.814537357429609        1.5000000000000000                1
   4.1769051374619339        2.2972707012183884        39.423709501216301        1.5000000000000000                1
   6.0071182344685585        5.1903047025223206        2.7597352749782647        1.5000000000000000                1
   5.0161025358420837        6.0794897479519880        5.9182579338278627        1.5000000000000000                1
   5.9816557521297957        5.0609672240257479        5.2538957143159619        1.5000000000000000                1
   2.7346995233676585        3.7312980267948093        25.051509223300794        1.5000000000000000                1
   5.9715226383538722        5.2332981466648292        6.7441137070823709        1.5000000000000000                1
   5.7883879561121097        5.3726355357875235        32.813994973901245        1.5000000000000000                1
   2.8695097651768680        3.1619595920352674        19.069386148955665        1.5000000000000000                1
   3.7559268240831658        4.3291081474957913       0.99720907479872856        1.5000000000000000                1
   3.9740391649664284        3.7067162341661373        10.281720364033561        1.5000000000000000                1
   4.1723214675006330        4.7620766679864817        24.330854798288449        1.5000000000000000                1
   2.3635893755481807        4.8307689263572700        10.323694462322820        1.5000000000000000                1
   3.1877008016642110        4.1352918116071429        22.093623526816067        1.5000000000000000                1
   2.2775545636606331        4.4381397092485511        19.735468743051111        1.5000000000000000                1
   3.2523041399452675        3.4545818296797277        17.637401222630398        1.5000000000000000                1
   6.0931708674607528        3.5181282610474196        19.427092267423568        1.5000000000000000                1
   4.5436886016975953        2.2983600905291555        15.946210323264264        1.5000000000000000                1
   4.5990056578232776        3.6740752727383095        13.221328400013943        1.5000000000000000                1
   4.9441819719185860        6.1133380703106122        24.093047904150318        1.5000000000000000                1
   3.5482393092619673        6.1137822076238599        27.074324724466027        1.5000000000000000                1
   2.8619177966430787        2.8633857974814552        38.959628794078334        1.5000000000000000                1
   4.6564793412317558        2.3440810125315470        29.740770391170802        1.5000000000000000                1
   2.7795286413733398        5.5758296649207297        12.975314329726542        1.5000000000000000                1
   5.4271909250665082        2.6793464689363771        27.042469666562383        1.5000000000000000                1
   3.9589231913627296        6.2083902819603933        23.683133419685237        1.5000000000000000                1
   6.1850500743854901        3.8285746785141415        26.175562893140413        1.5000000000000000                1
   3.6264987592421507        6.1154123442801103        14.553616566786349        1.5000000000000000                1
   3.7331280995733169        4.3267106089026504        14.801890639807494        1.5000000000000000                1
   3.7440236081098779        2.3374808778542375        4.9732094472651660        1.5000000000000000                1
   5.4124832389786235        2.6454774378526285        32.908527645244284        1.5000000000000000                1
   5.8203149505464138        3.0272465739776293        30.585988700531285        1.5000000000000000                1
   3.0559481488636369        5.8515518339278891        26.234038001677771        1.5000000000000000                1
   4.9450651032532278        6.1057265520337323        22.554786761136189        1.5000000000000000                1
   5.8195983974371996        5.3430935763649421        18.660837452523733        1.5000000000000000                1
   3.2832344493148669        5.9979677458424216        24.464070411109084        1.5000000000000000                1
   2.3002142060637869        4.6376007706410514        38.130715170756758        1.5000000000000000                1
   4.7485410857512385        4.4578884665976872       0.83184765111234382        1.5000000000000000                1
   3.6677823287280193        3.4092560269937144        30.459473224631157        1.5000000000000000                1
   2.2633578496517690        4.0999715649071851        33.113790109799844        1.5000000000000000                1
   3.3827462843680318        3.3322264260081309        37.609955393681162        1.5000000000000000                1
   5.6931996754662926        5.5239302630080456        39.238281100673547        1.5000000000000000                1
   2.3657135163878316        4.8314224621457393        27.431940604308231        1.5000000000000000                1
   3.6368022724882647        4.2696914828799066        7.8204927855813322        1.5000000000000000                1
   2.2890221831281217        4.3098701030605389        6.0762445667001073        1.5000000000000000                1
   6.2397272856073700        4.1739763974280946        10.756897245502158        1.5000000000000000                1
   5.0884556595823041        2.4888063198725390        22.499091669545336        1.5000000000000000                1
   4.0772680776076902        6.1422261905272384        12.380405261572147        1.5000000000000000                1
   5.0485229661851267        4.2245769737673120        24.639038766625031        1.5000000000000000                1
   4.2366910761646714        2.2704103983655739        12.684583808618658        1.5000000000000000                1
   4.5360965898706000        3.6965147932428875        2.5056292301262895        1.5000000000000000                1
   5.8368522335710740        5.4315072849345416        35.569620498682497        1.5000000000000000                1
   5.3932801983669121        5.8412967828338855        34.700834249737056        1.5000000000000000                1
   2.5673796207220225        3.1977753847072927        30.615661481305320        1.5000000000000000                1
   4.6882605492170031        2.3001543899078611        26.356140518035243        1.5000000000000000                1
   3.8753751539910075        6.2116668559299315        19.902538873207270        1.5000000000000000                1
   5.1806589762218804        2.5078693204942657        12.365859597562956        1.5000000000000000                1
   3.9191946774783148        3.8570667565277015        9.2461434171904973        1.5000000000000000                1
   4.3526316131639042        3.7401520704621336        19.392351871500637        1.5000000000000000                1
   6.1353381990535851        4.8975505096529801        23.211217254097647        1.5000000000000000                1
   2.4528708238995991        3.4067416877841801        21.002810792007509        1.5000000000000000                1
   2.6734210166934180        5.4632515391342462        28.239653222874413        1.5000000000000000                1
   3.8081467324773199        4.0997672521806621        20.159234159674124        1.5000000000000000                1
   5.4333161899895801        5.7985690475346896        8.3537991760848023        1.5000000000000000                1
   2.4710348542966623        3.6985856599513993        31.587950065308711        1.5000000000000000                1
   3.1944026642932868        4.1686760064893997        16.222594538567552        1.5000000000000000                1
   4.3244962253058779        3.2625947456816204        31.802461620448668        1.5000000000000000                1
   4.9964240677051315        3.7128769627026204        27.091782392105802        1.5000000000000000                1
   5.5480228978213608        2.7361969102938168        10.656475703550772        1.5000000000000000                1
   4.3174691485561398        4.7477838667478638        35.418132836412518        1.5000000000000000                1
   5.3574964668186018        3.3646581313242274        9.7267324425869255        1.5000000000000000                1
   6.2076789259991569        4.0842347884316315        5.5059953111394755        1.5000000000000000                1
   2.4301674402403339        3.5983065063540112        15.888743696222310        1.5000000000000000                1
   2.9867681450356875        2.7170316587855465        15.864090244158817        1.5000000000000000                1
   6.1780739784691301        4.6467953291542248        25.586311422381403        1.5000000000000000                1
   4.5182688691049684        3.7986920318103361        11.182746375745273        1.5000000000000000                1
   4.4314813132086295        3.6592613827878613        23.226177400066263        1.5000000000000000                1
   5.8670176733238533        3.1575914876924775        39.696648365868775        1.5000000000000000                1
   5.6641583883556725        2.8730162371486103        16.981991305397688        1.5000000000000000                1
   4.3441465355055326        4.7055824614343278        36.501513480496698        1.5000000000000000                1
   6.1926744207283191        4.6534281087511680        39.079145311308281        1.5000000000000000                1
   4.9829808220865095        6.1013949267113601        38.796360984543576        1.5000000000000000                1
   3.4370897907560707        4.0198489429229101        34.382982942507155        1.5000000000000000                1
   2.4794968545868121        5.1656586258504325        25.544744053796730        1.5000000000000000                1
   2.6953919195708074        3.1771316926554496        33.015602406795317        1.5000000000000000                1
   4.5429373735688579        4.8817561395275604        2.2876415593014414        1.5000000000000000                1
   2.5584840182102595        3.2786456807271609        27.639150751095272        1.5000000000000000                1
   5.8519735821802188        3.0812932521245280        13.865973471594923        1.5000000000000000                1
   5.4786627872103733        5.7629419889899225        37.294075986600120        1.5000000000000000                1
   4.1637696012077168        3.8191350610928376        17.865333925267155        1.5000000000000000                1
   5.0073967973560718        6.0951460115834726        30.441550552648412        1.5000000000000000                1
   2.2532529204045852        4.3574772355844029        20.739694841163338        1.5000000000000000                1
   2.3073543407130335        3.8600232091094520        1.8005400848389486        1.5000000000000000                1
   2.6320045336196420        5.2957428914819795        23.994852550875542        1.5000000000000000                1
   4.7203490488291351        5.1467646832891933        28.152413392931788        1.5000000000000000                1
