     1000000
           1
  0.10000000149011612     
   7.2120093037746571        3.1312535084049324        29.758501924460294        2.0000000000000000                1
   6.2795797721768079        9.8793824721890608        5.1317020738999553        2.0000000000000000                1
   9.5745606537161194        4.9118823262576905        13.279116326786387        2.0000000000000000                1
   7.4653529096754010        5.2288467118550903       0.43396003759938218        2.0000000000000000                1
   3.0844914212524466        6.6297777925236616        14.984891507712643        2.0000000000000000                1
   7.3187458172980184        7.8545041687253772        12.728926210219766        2.0000000000000000                1
   6.6465995354775895        7.8469515121511995        8.1079939440026063        2.0000000000000000                1
   3.3353397233913027        7.8810359681203908        17.207655189864173        2.0000000000000000                1
   5.6419694598055221        7.9349549003090747        16.523937938195694        2.0000000000000000                1
   5.9360218291849574        4.8844225226261573        26.571635467955964        2.0000000000000000                1
   5.6315981239498818        9.7838135584443240        34.063330602122562        2.0000000000000000                1
   6.9787332647874631        3.1213291486684707        5.4147406809396346        2.0000000000000000                1
   6.2287150793135719        5.0272112486874914        24.127196633347626        2.0000000000000000                1
   6.6354277230916558        3.0124159170705114        27.307228202904785        2.0000000000000000                1
   7.5573428063819215        5.6533786114829345        6.1289304800070479        2.0000000000000000                1
   7.5245275534270943        3.2416474904486319        14.797882218101018        2.0000000000000000                1
   4.8715522425577467        6.1198258906724075        1.3316873113775098        2.0000000000000000                1
   7.4178499526736328        3.3469718388670766        26.649273565229702        2.0000000000000000                1
   7.5160213082903473        9.7721154026461203        30.124095576424622        2.0000000000000000                1
   3.1162782888126057        6.8771379136731801        16.991337363852875        2.0000000000000000                1
   8.3382230168995921        9.4084549059241933        24.023816808771073        2.0000000000000000                1
   9.8331028273003440        7.0263367871650475        18.002435931896851        2.0000000000000000                1
   4.6753180790723459        4.9385748652439725        37.744359196104064        2.0000000000000000                1
   5.4991701132771134        3.1770218184715451        37.003068518019752        2.0000000000000000                1
   5.2651103755731308        5.6556087732298481        7.6394483396691513        2.0000000000000000                1
   7.7426746883597426        9.7261368822573306        15.928132052431389        2.0000000000000000                1
   6.7975938275927597        4.9042917753948911        30.955376870244429        2.0000000000000000                1
   3.1022438175629872        6.9254799377598069        10.787670151256693        2.0000000000000000                1
   3.3822553393291148        5.5644339587865455        4.5416861630832548        2.0000000000000000                1
   9.4027193637283197        7.9598451781940094        9.6100967543591960        2.0000000000000000                1
   9.4099692023746755        8.3322076114161359        12.013351622123729        2.0000000000000000                1
   8.1447088207483063        3.9133217865348633        26.253156495329215        2.0000000000000000                1
   6.6636295028826478        9.9572187946224844        28.147132378167715        2.0000000000000000                1
   7.4814494285883395        6.6711283057614734        6.4895559806488565        2.0000000000000000                1
   9.4764891905426492        4.7042200615098144        22.010311345000954        2.0000000000000000                1
   5.1004615137802061        5.8511032154288696        3.4557334937657322        2.0000000000000000                1
   9.6794756699298947        5.0605343593026131        19.841412588294961        2.0000000000000000                1
   4.6425515885743103        3.6976706138119977        25.246559691813662        2.0000000000000000                1
   3.2014260562407704        7.1108659060953849        8.4313035915980858        2.0000000000000000                1
   6.7227951860526058        3.0892206588433093        8.2110695108190708        2.0000000000000000                1
   5.6227710273340525        9.8511606424768150        7.1296528090985749        2.0000000000000000                1
   4.8238172196958988        6.1673212838930231        9.6698149948425964        2.0000000000000000                1
   7.8881387499073421        5.6300916544978650        8.1731000570014558        2.0000000000000000                1
   3.3646740086910696        7.8873023571057566        6.2904219167347124        2.0000000000000000                1
   3.6197344732691539        8.2960946497090085        13.098672999468395        2.0000000000000000                1
   6.6920550778521362        9.9791758934183203        2.9822981470605181        2.0000000000000000                1
   7.6827680891516810        7.5864235860352114        31.190425581853930        2.0000000000000000                1
   3.5631323753377200        4.5980674089238427        29.402299227353524        2.0000000000000000                1
   5.6138625889912932        9.7774634877173376        15.574175815477098        2.0000000000000000                1
   8.1071131942316033        5.8648475280427368        25.116786655272278        2.0000000000000000                1
   5.4582980785529989        7.6726960770785961        24.936518214700865        2.0000000000000000                1
   3.5404324509057790        5.0957338058261730        19.004509833979888        2.0000000000000000                1
   5.2462364094848351        9.7645920356606677        5.0572063790103075        2.0000000000000000                1
   9.8557326708052759        7.3546288025624005        36.998066029845155        2.0000000000000000                1
   8.9794600751852354        8.8502364291433366        9.4158082050076999        2.0000000000000000                1
   8.3144223699701598        9.4877408505568894        5.0809818399601001        2.0000000000000000                1
   6.2312110988451961        7.1893937075083141        27.230352184420511        2.0000000000000000                1
   3.0238282596657915        6.8948220138959844        6.3777563775821653        2.0000000000000000                1
   8.8644724498971019        3.9578570393476280        17.743507024985732        2.0000000000000000                1
   3.4546817151059135        5.1199745736772586        8.5481393962437799        2.0000000000000000                1
   6.3208856113740932        6.1751107882091292        37.836736208451633        2.0000000000000000                1
   9.7712755379540717        7.0660460605633411        20.121671051000650        2.0000000000000000                1
   6.1240098248768371        9.8979399579760585        38.413551310285087        2.0000000000000000                1
   6.4955127220903472        8.2303449719415411        3.9821561795911280        2.0000000000000000                1
   5.0329381826642843        6.7715149079585837        24.323423934096724        2.0000000000000000                1
   3.1425847542031611        6.0328996572156033        18.982684130405943        2.0000000000000000                1
   8.0052914723717468        5.7462071414718841        29.539923613067110        2.0000000000000000                1
   7.0113797153061217        9.6271471426749056        9.1607242375446827        2.0000000000000000                1
   5.5295278903118259        7.6393465614524558        34.751511687383868        2.0000000000000000                1
   3.9389428866335026        4.4706605655106593        25.191625555337730        2.0000000000000000                1
   9.2824381298374163        4.6063552706845829        35.933640124469079        2.0000000000000000                1
   3.5878080626279223        7.8171844922726841        10.876591365631549        2.0000000000000000                1
   3.7420981914896490        8.3840224673364432        29.938389905401262        2.0000000000000000                1
   5.0568084638746642        3.5328560938696358        16.692536427907697        2.0000000000000000                1
   5.9205264838608196        7.9554435308813014        14.160368305377395        2.0000000000000000                1
   3.0740296301287580        5.8483441385903374        16.919664423395748        2.0000000000000000                1
   5.8138399801990914        7.8654834567055545        1.6009169542404018        2.0000000000000000                1
   9.3447993227757671        7.8644835871087304        5.6492653209227015        2.0000000000000000                1
   5.3679835124679078        9.6685205426970562        24.072381083122551        2.0000000000000000                1
   7.7111706705072471        7.6406012651753690        10.732100888104425        2.0000000000000000                1
   5.9833139310208185        4.8727054147996451        7.2213181139055367        2.0000000000000000                1
   4.0787788974115475        8.9774287265607953        23.800114546846260        2.0000000000000000                1
   3.9098558245339192        8.5608099364510437        2.2400862214514325        2.0000000000000000                1
   4.2858887558624179        9.1400643140534186        13.083150100770030        2.0000000000000000                1
   3.2611781798500679        6.3601638556993372        7.9833395286087239E-002   2.0000000000000000                1
   9.3407116234167606        8.3317826619150459        29.986224728864215        2.0000000000000000                1
   3.8626248928281695        8.5172804338575130        28.892811521723722        2.0000000000000000                1
   5.4146615270271283        9.6005359410678039        26.252934996933849        2.0000000000000000                1
   3.1346910698229897        5.8890022400871382        35.714625587807426        2.0000000000000000                1
   4.3665580094637200        9.2650808456863842       0.30442578800503733        2.0000000000000000                1
   6.7616539938217137        7.9749452372255076        32.980331833605561        2.0000000000000000                1
   6.2681783666728084        4.8551768637494428        11.416870475075827        2.0000000000000000                1
   3.0448263857264601        5.9903149748755551        21.102041747787396        2.0000000000000000                1
   5.3605369894042312        9.6862989484294300       0.65235838899018583        2.0000000000000000                1
   7.4024599967649349        6.4830801356942498        19.082727152519794        2.0000000000000000                1
   5.7276525696061871        5.8530045722472286        20.043342671020220        2.0000000000000000                1
   6.8828274118307862        8.1154406526088678        2.0123070530190228        2.0000000000000000                1
   4.6703713994871867        9.4587162668311340        7.0919297911119790        2.0000000000000000                1
   7.7394649332324592        9.7731619445932587        7.1804034186943024        2.0000000000000000                1
   7.1374835964773569        9.9328273280009949        22.284713194502828        2.0000000000000000                1
   4.2939064624998897        9.0795559480355674        28.081544293725340        2.0000000000000000                1
   5.5631296444163176        7.6526722591476917        29.508565798016939        2.0000000000000000                1
   7.6992434244216197        6.5260925494070312        23.251565497756282        2.0000000000000000                1
   6.6855583407689352        9.9121056852168721        7.1021467873216597        2.0000000000000000                1
   9.7845137098367054        6.4228134451130972        9.3359624685213749        2.0000000000000000                1
   5.3597483478215278        8.4349431660716174        31.530615602113542        2.0000000000000000                1
   7.2420522358032180        4.3100181362736469        37.501627220613258        2.0000000000000000                1
   8.3104140896998224        3.5786046571462631        39.502439526560991        2.0000000000000000                1
   9.0758289150775724        4.3689620708236303        26.100273244615789        2.0000000000000000                1
   3.5608835497281546        8.1983447578605126        23.432278703943872        2.0000000000000000                1
   4.0725697381573882        4.1342378810403444        20.934289198142189        2.0000000000000000                1
   4.4218070918215888        9.2568343752428301        25.924179545271134        2.0000000000000000                1
   5.5459037622007337        5.3799603729873855        39.543856161932588        2.0000000000000000                1
   9.9777510518489017        6.4328539884202804        35.164349348023414        2.0000000000000000                1
   4.6031159653738056        9.3322563939000442        2.5222407202615078        2.0000000000000000                1
   4.9412096924112925        6.9414426293338760        3.2555435641867860        2.0000000000000000                1
   5.9966724585213171        9.7530709680458845        9.1033985115716494        2.0000000000000000                1
   8.1520265931475535        9.4656269880416133        38.878394352953201        2.0000000000000000                1
   3.3657439108113629        7.2597353510899527        27.403083945280191        2.0000000000000000                1
   9.7733573079153224        5.4098243144629734        15.432684490380264        2.0000000000000000                1
   5.0089139488323982        6.7465400175011139        5.9632947314771867        2.0000000000000000                1
   5.6478792317001494        5.5073093540746854        17.766547595385010        2.0000000000000000                1
   3.6281297783979474        8.4856544389077211        37.777963625861183        2.0000000000000000                1
   8.5680536361681572        4.0392198232939975        28.390831604849936        2.0000000000000000                1
   6.7036513705146366        7.4301696878325076        10.679749235353272        2.0000000000000000                1
   5.8852857213352241        3.1468906837557324        18.711775566564395        2.0000000000000000                1
   5.8818425707004227        9.9364667498829657        27.123488988115735        2.0000000000000000                1
   5.4024399443892159        3.2135647696660259        10.231184378388532        2.0000000000000000                1
   9.7831934299100389        5.3994248631421806        3.0337606291040169        2.0000000000000000                1
   9.3426023643968605        8.2587882173444118        37.257429679874576        2.0000000000000000                1
   7.5644558620677653        3.2265311013577085        7.4539955836319356        2.0000000000000000                1
   6.3362962301504240        9.8621911413061483       0.83105881700911544        2.0000000000000000                1
   7.3834345438120579        4.2360828290868389        33.625428563111669        2.0000000000000000                1
   6.9940681698470231        4.1558683580566349        24.474643369099887        2.0000000000000000                1
   3.7634393423494874        8.5660281331917325        4.4135538807812855        2.0000000000000000                1
   6.1555907493347046        3.1043383235140385        38.960102084223799        2.0000000000000000                1
   3.0681849805992387        7.0270152044473013        31.518286796196399        2.0000000000000000                1
   5.9508216069315383        5.0551371542260490        5.0918312604132483        2.0000000000000000                1
   6.4040149826296728        4.7743274781873906        28.774773517103352        2.0000000000000000                1
   9.4305261010691570        4.7047409778949616       0.90480646719552227        2.0000000000000000                1
   5.8840958299116846        8.0575815937787603        22.873557334735661        2.0000000000000000                1
   4.8579370214708684        6.8367270706731214        20.044593306390205        2.0000000000000000                1
   4.0393897141688537        4.2933384874562126        8.6000835940639000        2.0000000000000000                1
   9.1512457350590868        8.7138724276320918        22.261904743313309        2.0000000000000000                1
   7.5635930725330098        6.6351371713056659        16.978688077983989        2.0000000000000000                1
   8.0531725529106506        8.3697409784753170        23.963345441600644        2.0000000000000000                1
   7.3953890713139581        7.7258476021602300        6.2459475962733064        2.0000000000000000                1
   9.7439761971571492        7.7497318266231012        1.3660256253911989        2.0000000000000000                1
   6.3453291295973715        9.9761043935113509        24.134235762048828        2.0000000000000000                1
   9.0979891907390140        4.1681457992782569        15.718603171565238        2.0000000000000000                1
   5.8200685659289046        5.7056281037873431        13.715772503482309        2.0000000000000000                1
   7.8499654092044393        6.7361930689966281        29.200874758296386        2.0000000000000000                1
   9.4266704149941933        8.1145117562776061        18.141681656847645        2.0000000000000000                1
   5.6659698372381921        3.1477865082558005        8.2379873623961331        2.0000000000000000                1
   8.8872704622210463        8.7986945327793986        39.195419327377913        2.0000000000000000                1
   3.1735402821392489        6.2423134510255167        27.257387912085836        2.0000000000000000                1
   7.9627000117714459        5.6615666175120145        10.220597275340831        2.0000000000000000                1
   6.2645018667672083        4.9057485762722193        19.975736352619361        2.0000000000000000                1
   7.3613764535631621        6.6527095773347336        12.488498850097473        2.0000000000000000                1
   8.0076962393875064        9.6273385715170647        11.218990109263759        2.0000000000000000                1
   9.1858673787339047        8.7180020835473631        1.3392109093958804        2.0000000000000000                1
   3.0668857397440377        6.5621428123323486        29.276661347621193        2.0000000000000000                1
   3.8803440702392340        4.3959141900484244       0.17975640776881399        2.0000000000000000                1
   5.0469068029682917        9.6747547400582725        19.626684093055715        2.0000000000000000                1
   7.8215694374085691        9.6785501333456789        36.335695860683138        2.0000000000000000                1
   5.1170480554162063        7.2352862142993377        16.004397663041448        2.0000000000000000                1
   3.1189811432890138        5.7202719524609043        10.674728385832601        2.0000000000000000                1
   7.9140568640158975        6.6721613575242831        21.125364608257144        2.0000000000000000                1
   9.8346589035664778        5.4470929643957451        7.0551519840977166        2.0000000000000000                1
   3.2765474668455052        7.7134681000126566        4.1794296139377352        2.0000000000000000                1
   9.7988715365439703        7.5354429437200725        29.463221625894342        2.0000000000000000                1
   3.5192440744464371        7.8329640134622540        35.444141935541047        2.0000000000000000                1
   9.9743953604780984        6.8598635051531378        13.635613548550063        2.0000000000000000                1
   5.0803429432350873        7.5966156424482936        38.960175820536762        2.0000000000000000                1
   8.1164205934630562        9.5775140208793577        20.124917846547287        2.0000000000000000                1
   3.1545180319790780        7.2406265433234864        23.255066443865150        2.0000000000000000                1
   4.7763579154077274        3.5483629344862297        22.880656537370012        2.0000000000000000                1
   4.9896112667351034        5.9170946635453898        30.749148412973213        2.0000000000000000                1
   5.1324495184261716        9.6676656860331462        38.398766405087933        2.0000000000000000                1
   7.9218260785220540        5.8174771771082385        12.427556238140699        2.0000000000000000                1
   4.0188996275888407        8.8454166117995783        17.340594633274492        2.0000000000000000                1
   3.0319805322623576        6.0904023913018346        8.6385081634338796        2.0000000000000000                1
   9.8487410703199210        7.2687035362113255        27.319384014836409        2.0000000000000000                1
   8.0170607630125339        3.6914991962318249        29.322431480242162        2.0000000000000000                1
   3.4006904802537976        7.9244785505672226        33.313307306109728        2.0000000000000000                1
   8.6436396763435006        9.0234399519505342        36.762069802187881        2.0000000000000000                1
   9.6543253344666802        5.0097685332921724        24.176061904388458        2.0000000000000000                1
   4.9343633289164606        3.4661371762752369        18.697276081418281        2.0000000000000000                1
   7.8867105276492726        9.6329928821946389        3.0794206887470503        2.0000000000000000                1
   7.7698154445925489        3.2763254351204525        12.755369076623291        2.0000000000000000                1
   8.9377978523379351        3.9993063443302326        5.2900695171844738        2.0000000000000000                1
   9.9289918208285712        6.0510079687074576        24.122589365992635        2.0000000000000000                1
   5.0454227953916071        6.7800601663193643        32.716527270762164        2.0000000000000000                1
   4.1472751035447333        4.1018298687527990        16.658379676508140        2.0000000000000000                1
   4.8617130173820149        3.4375964425547285        20.712412377816062        2.0000000000000000                1
   6.9922538344729235        9.7524831151407252        17.816388102276289        2.0000000000000000                1
   3.5488604879151642        4.6674542422582377        2.2760526685911699        2.0000000000000000                1
