     1000000
           1
  0.10000000149011612     
   7.4800319778774504        9.9210170701682614        25.207236997872368        4.0000000000000000                1
   6.9725383923459461        9.7102622498487641        3.5121568041661129        4.0000000000000000                1
   8.5736244203843146        6.0876870207373113        29.717564047410644        4.0000000000000000                1
   9.7722849846665749        7.1610641589211719        28.364590312575366        4.0000000000000000                1
   8.0357741375667668        9.9841897870723884        36.344991480496340        4.0000000000000000                1
   9.7576416597419957        8.9376061395967419        25.849474313319764        4.0000000000000000                1
   6.1107087838739709        7.3906838624698477        2.7433918128322916        4.0000000000000000                1
   8.3466936040311772        9.9353392616760789        29.597063293138000        4.0000000000000000                1
   7.5969603722032506        9.9407433652476200        13.338347209794129        4.0000000000000000                1
   9.1870017005054354        6.4061687163187360        16.155270999737059        4.0000000000000000                1
   8.8328066881681782        9.8156255240574808        38.127001901125453        4.0000000000000000                1
   9.9854493374092979        8.0434976801702653        14.786822511498221        4.0000000000000000                1
   8.7107054225811815        9.8637800506292734        2.1491041272980209        4.0000000000000000                1
   9.9959735151205091        8.0005114701279716        13.331469291698671        4.0000000000000000                1
   7.3399604244748682        6.1134428369988143        38.856779203277540        4.0000000000000000                1
   6.2284535182092817        8.9126798092752768        18.603267490249472        4.0000000000000000                1
   8.4505705530450044        6.0539539812455239        12.712715376921910        4.0000000000000000                1
   7.2630401724897657        9.1486638167814540        1.5215208303673686        4.0000000000000000                1
   8.5663954879691797        9.9057680757749704        15.335079537779681        4.0000000000000000                1
   6.2261730346536144        7.1222495683229576        21.154800044232154        4.0000000000000000                1
   6.2280802092305096        8.8786076774934060        23.895079155448400        4.0000000000000000                1
   7.6039889583406364        9.9589845749957231        22.464137749020729        4.0000000000000000                1
   8.6062182697287195        9.8819275410185696        8.7240678375156158        4.0000000000000000                1
   7.0624482831904176        9.7580028407133703        5.8642797895586787        4.0000000000000000                1
   9.3054299838870325        9.4865923330570432        14.729356444878075        4.0000000000000000                1
   7.5372494127756990        6.0680211086118314        13.367841761670208        4.0000000000000000                1
   9.4686782740801192        9.3437556075484114       0.33217469903755570        4.0000000000000000                1
   9.9515033441469978        7.6008766575835569        38.985276649075011        4.0000000000000000                1
   9.4453209145028207        9.3755720924478965        6.6528155947001268        4.0000000000000000                1
   9.9388075577450312        8.3688153772958653        38.323639066976284        4.0000000000000000                1
   9.7829624684846141        8.8654155161263706        16.676185651581697        4.0000000000000000                1
   9.9850865844458774        8.1147770360978235        23.909290825332807        4.0000000000000000                1
   9.9644189953395301        8.3442160237967915        34.288727180376817        4.0000000000000000                1
   6.7612883178771312        6.4567711515213544        21.768440551765877        4.0000000000000000                1
   6.9959476700790297        9.7278679971251947        2.3159252190864357        4.0000000000000000                1
   8.8765991016549179        6.2136197193856200        33.729923862383927        4.0000000000000000                1
   9.3704744754443610        9.4454537172221418        7.9884150543724601        4.0000000000000000                1
   6.8118630088828347        9.6051180938391330        23.181591482515127        4.0000000000000000                1
   8.2918223279711594        6.0569026475759600        6.0134407207330911        4.0000000000000000                1
   6.7796329000526807        6.4398595942981238        10.169966829662853        4.0000000000000000                1
   6.2505438410268486        7.0818608800663307        13.371184709228244        4.0000000000000000                1
   9.2256044142207507        9.5758858720899376        23.823652479528931        4.0000000000000000                1
   6.0098098998551839        7.9939676920775007        24.536009451940906        4.0000000000000000                1
   9.1953077680934623        6.4034348910125214        12.114327641132148        4.0000000000000000                1
   7.5945188803587902        6.0460579952909193        21.390818557181525        4.0000000000000000                1
   6.8857002633372026        6.3535488300012286        28.321000805053327        4.0000000000000000                1
   8.2680393056880064        9.9681855473716698        30.971277940014289        4.0000000000000000                1
   9.2301816241069048        9.5526512419857248        27.628899716037608        4.0000000000000000                1
   9.4021487022776498        9.4109641924202379        17.471517757903651        4.0000000000000000                1
   6.9890681229256906        8.3251603358091444        20.652790983001509        4.0000000000000000                1
   7.4230688236152185        6.0860591224517009        13.340183239809550        4.0000000000000000                1
   6.0208155883488903        8.2752402087554060       0.81509172479001846        4.0000000000000000                1
   6.3098053017923075        6.9697112090387137        27.742389389737141        4.0000000000000000                1
   9.7955652571612433        8.8365403448251083        15.383828204975854        4.0000000000000000                1
   6.0148481494910904        7.9979540370668838        24.526939565168469        4.0000000000000000                1
   6.5861500862510844        6.6014481475080453        6.1309163860410285        4.0000000000000000                1
   8.9143691311587574        9.7594446641101555        36.928047750186181        4.0000000000000000                1
   7.4716429520587857        9.9188496870749177        30.188956854477777        4.0000000000000000                1
   7.5929995412531905        6.0566063865200572        26.426674437766739        4.0000000000000000                1
   6.1363447732706646        8.7060816746712906        29.057125628758406        4.0000000000000000                1
   7.2663635782674119        6.1412841849126059        2.7299969035955032        4.0000000000000000                1
   6.3786868595956321        6.8647551463307996        34.357947070635767        4.0000000000000000                1
   9.8987954670508209        7.4409201931980613        32.373273153694321        4.0000000000000000                1
   8.9706113700891894        6.2867196595510713        4.0552052617719951        4.0000000000000000                1
   9.1286680815308312        8.0451586437784357        16.576092889298533        4.0000000000000000                1
   8.5141381689509945        9.9306257079236495        19.378770615819928        4.0000000000000000                1
   7.8585594039600597        9.9667180009179361        1.5591037066646951        4.0000000000000000                1
   9.9906274370626846        8.0209844406463269        17.375490546951315        4.0000000000000000                1
   6.2183122959129049        7.1058067610753746        26.321973014183587        4.0000000000000000                1
   7.5075424506996313        6.0743018387648133        18.704643794313370        4.0000000000000000                1
   9.9914487384947055        8.0021233952237374        25.016763534847239        4.0000000000000000                1
   6.6042498179962097        6.5727738092591457        38.351055293735648        4.0000000000000000                1
   6.1244619294239255        7.3332407742221202        6.7468097870101058        4.0000000000000000                1
   9.9824842134666181        8.0165555957296686        13.328313360770963        4.0000000000000000                1
   9.7798564734171087        7.1324421074292381        10.122719222042090        4.0000000000000000                1
   9.9061685227970280        8.5333413885298466        39.671002993015200        4.0000000000000000                1
   9.5588520897626417        9.2332903217250344        33.740914355678555        4.0000000000000000                1
   6.1861751277498991        7.1617931759600841        10.798176308598679        4.0000000000000000                1
   8.7571481146188379        6.1556714231664209        31.069764298538324        4.0000000000000000                1
   6.0905516166863647        7.4371068010389001        1.5144627234935299        4.0000000000000000                1
   7.1606346096579783        9.7895317029582056        37.000905447326133        4.0000000000000000                1
   7.5103299847643070        6.0744911857870960        10.812884624692337        4.0000000000000000                1
   9.4975336004367996        6.6797627094515279        31.796700260018071        4.0000000000000000                1
   6.4526042343204262        9.2542724338847755        6.5345010508658481        4.0000000000000000                1
   6.9903767488680293        9.7217065826793192        2.3130868002083576        4.0000000000000000                1
   6.0147975882438303        7.8755950510088493        30.964528037291373        4.0000000000000000                1
   6.6621300806378319        6.5144428063465369        7.3928807552381244        4.0000000000000000                1
   9.7660187336795534        8.8648574897764583        14.070827995286326        4.0000000000000000                1
   9.3319761149593727        6.5202184276531305        29.033641575666170        4.0000000000000000                1
   6.5761173532951984        6.6195696084726787        3.3438675375992766        4.0000000000000000                1
   8.7348371495947408        6.1435555341866959        32.396460246502983        4.0000000000000000                1
   9.0381857168028983        6.3056718992391181        5.3189045501263683        4.0000000000000000                1
   7.5729504974965787        9.8975939537391451        14.595936929770216        4.0000000000000000                1
   6.3167686854062879        9.0618884745565502        2.9093724127485157        4.0000000000000000                1
   8.6089297532291180        9.8879360307017823        18.092630101227634        4.0000000000000000                1
   9.2915709552982406        9.5218110872513559        15.972060597924379        4.0000000000000000                1
   6.4192328921712933        6.7777807864110571        35.624840496695107        4.0000000000000000                1
   6.0453207816474199        7.6848470954401042        33.705881591006218        4.0000000000000000                1
   6.0028459212200653        7.9948096730123694        10.021621439070513        4.0000000000000000                1
   6.1804205027189809        8.7660669224851908        27.636046182960389        4.0000000000000000                1
   9.8273768339223011        8.7739548966225165        10.055693701713627        4.0000000000000000                1
   6.1047892280997731        8.6316169337830413        34.163923264892304        4.0000000000000000                1
   7.6636659359259056        6.0561699707782264        30.330665020460685        4.0000000000000000                1
   8.9785236981980105        6.2680718358109440        37.773622748184607        4.0000000000000000                1
   6.1512332393491125        7.2593067823445141        7.9715293981292827        4.0000000000000000                1
   7.1166888600765539        9.7758265470729828        38.300033451571565        4.0000000000000000                1
   7.6380552405770024        9.9431998594188187        18.599402115711218        4.0000000000000000                1
   9.9800348166225987        8.0277606429989952        14.783542441582368        4.0000000000000000                1
   8.7077321847306770        9.8676449572488849        39.659566666659600        4.0000000000000000                1
   7.8832408719050981        9.9799174677894253        5.3072237263515660        4.0000000000000000                1
   9.2173787067454214        9.5039046621705143        13.408636645833855        4.0000000000000000                1
   6.2930457829976172        9.0290207606778186        4.1531948305585855        4.0000000000000000                1
   6.1575952983237636        7.2223634678294957        25.179211096874454        4.0000000000000000                1
   8.0158422260452937        6.0069982660866517        33.141346889226767        4.0000000000000000                1
   9.9583892993339020        7.6397201973391402        4.0733110060420961        4.0000000000000000                1
   9.9468514534109289        7.5747650344630859        37.702970620693094        4.0000000000000000                1
   6.2265961833917034        8.9113255283687209        18.596493002184822        4.0000000000000000                1
   8.0461994377995367        6.0075011505567968        35.622301632611538        4.0000000000000000                1
   8.4693058539444319        9.9330697982579981        20.571488632655601        4.0000000000000000                1
   6.0034444350867826        8.0081174178711247        16.749566600025382        4.0000000000000000                1
   6.2099113096089855        8.8910146983704443        30.169706342609452        4.0000000000000000                1
   6.4648903928995463        9.2712425583426441        37.568899814068750        4.0000000000000000                1
   6.8026663999759700        9.5166320027332123        17.951744743391323        4.0000000000000000                1
   6.8933288501568981        7.4405078514578369        10.083564195199054        4.0000000000000000                1
   8.4112237218228003        9.0351432725387824        16.120905564907751        4.0000000000000000                1
   7.4685852712584184        9.9270211741703083        30.225503820063761        4.0000000000000000                1
   9.2443748858426886        6.4348998508540936        26.325848160620936        4.0000000000000000                1
   6.1595995232633358        7.2606060701480057        25.216399024929448        4.0000000000000000                1
   9.8092205221382613        7.1565748817297159        25.625561288213614        4.0000000000000000                1
   6.2175640516147164        8.8804953454597371        17.387910916014494        4.0000000000000000                1
   9.4880463767184491        9.3322812739656502        38.982780103139810        4.0000000000000000                1
   9.7963928415965214        7.1756865384361799        23.276365292451167        4.0000000000000000                1
   6.1600902255552956        8.7279110776543547        31.671833158124084        4.0000000000000000                1
   6.7872989941635788        9.5843826411003619        11.424303011377072        4.0000000000000000                1
   7.5511087903338963        9.9413052629340566        17.345400741096768        4.0000000000000000                1
   8.5029913921256739        6.0690609564370490        11.454643215080692        4.0000000000000000                1
   8.1430509247527620        6.0072584207147477        3.5580490885142138        4.0000000000000000                1
   9.5422907250003046        9.2600611115002156        2.6534844472932626        4.0000000000000000                1
   9.1713523994323900        6.3923551598910677        8.1034660692717448        4.0000000000000000                1
   7.5324393505043137        6.0602641510108661        20.050584259299207        4.0000000000000000                1
   9.9884477436991137        7.8393055240412997        6.7615150417372520        4.0000000000000000                1
   9.3349743394775846        9.4870694796350268        5.5521476104738090        4.0000000000000000                1
   9.8537500615123026        8.7120428428194359        7.3374916063256688        4.0000000000000000                1
   7.6297171030556026        9.9565119292091602        21.193771208084364        4.0000000000000000                1
   6.9991873404762215        6.2804905153679309        32.330110878759314        4.0000000000000000                1
   9.9376062895279951        7.6640326596366952        5.3229622319130705        4.0000000000000000                1
   9.1663426866247910        6.3896405802717728        14.735030559416924        4.0000000000000000                1
   8.1123347574314000        6.0169933511056479        38.226649762847416        4.0000000000000000                1
   9.2071276497476049        9.5775565243732004        22.451391336261569        4.0000000000000000                1
   6.8727277381741629        9.6075928958351415        15.429427866749192        4.0000000000000000                1
   7.2338060931837234        9.8272205054678370        35.708186411666816        4.0000000000000000                1
   6.1448041093565893        8.7259848705078831        27.651667494847693        4.0000000000000000                1
   9.9311151689422701        7.5126785138456036        33.657688945953446        4.0000000000000000                1
   8.7433278933266259        9.8346964204428389        7.3119980715356672        4.0000000000000000                1
   9.6321251630584381        6.8522821928112627        3.5159391389155563        4.0000000000000000                1
   9.9256617916842682        7.5180412934229581        34.974570253400550        4.0000000000000000                1
   8.7092182662263742        9.8418330063753530        2.1531483831920788        4.0000000000000000                1
   6.7717966505248040        6.4368716071003584        10.194121978140096        4.0000000000000000                1
   9.3340704502407430        9.4628217015399176        18.754389809489108        4.0000000000000000                1
   9.3169951631080625        9.4889638608768063        20.003529923516673        4.0000000000000000                1
   6.2851100871264132        6.9790558246928311        32.997577234879763        4.0000000000000000                1
   7.4932614737913878        6.0733208901582012        15.987120500168304        4.0000000000000000                1
   7.4663217085190707        9.9099824075875169        25.239050520845666        4.0000000000000000                1
   7.8278402332267145        9.9718657722199033        8.0691463833724075        4.0000000000000000                1
   6.8618184713609818        9.6257074167843655        13.941186326713284        4.0000000000000000                1
   7.3246545363468298        6.1182816307283812        9.2641920038783230        4.0000000000000000                1
   9.2532271546889593        6.4474275663886358        27.803874685597776        4.0000000000000000                1
   6.3780446199201100        6.8811483202391592        34.358680119323814        4.0000000000000000                1
   8.5259228806198060        9.9207425011676840        15.337994569168847        4.0000000000000000                1
   9.8128595767640068        7.1636944186897189        15.399107570428745        4.0000000000000000                1
   9.7582485638046297        8.9012912463477125        21.843188392544551        4.0000000000000000                1
   9.8996097905814171        8.6067791509717466        6.0493361045742784        4.0000000000000000                1
   9.5283216501370642        9.2429201591488770        36.293591275600612        4.0000000000000000                1
   7.7219578504357935        9.9735793025122774        6.7075929305189765        4.0000000000000000                1
   9.7099981429226734        9.0076380268192597        29.690111830782701        4.0000000000000000                1
   7.3534370144423162        6.1124798425030669        6.7454649268898415        4.0000000000000000                1
   9.7605194201141074        7.0539166545911343        22.058000964434630        4.0000000000000000                1
   9.0776415747586530        6.3185667668830163        5.3281044488805609        4.0000000000000000                1
   6.7773671056408382        6.4176652110491972        17.985648183275821        4.0000000000000000                1
   7.5534288127781046        9.9246268371831707        23.772850829493336        4.0000000000000000                1
   8.5168168328558060        6.0754110895920448        28.393872951896572        4.0000000000000000                1
   6.7910389099859376        6.4130825835274532        11.453979585314990        4.0000000000000000                1
   7.1378502200942116        6.2162215780494074        35.029696216448059        4.0000000000000000                1
   9.9685236111095605        7.9954689901892930        29.019913614368232        4.0000000000000000                1
   9.3106389411346129        9.4788680976929438        15.995216444653016        4.0000000000000000                1
   6.0331105491311909        8.0938310295650595        19.213315923892644        4.0000000000000000                1
   8.8121308172857375        6.1812143990630597        4.5462277138756238E-002   4.0000000000000000                1
   9.2932220635100542        6.4769681883136165        24.993815135446564        4.0000000000000000                1
   9.5019900844735670        6.7390310037850947        33.053555227698354        4.0000000000000000                1
   9.0950088155548858        6.3342421599221668        9.3392181654255637        4.0000000000000000                1
   9.3041587895929094        9.5042928402873361        21.176617675261163        4.0000000000000000                1
   6.0540290114896651        8.4144458037842860        39.520553272203323        4.0000000000000000                1
   9.8037964712411441        8.8300758104572363        14.069577964619704        4.0000000000000000                1
   9.3306452743818902        9.4815780986685532        20.004066392662651        4.0000000000000000                1
   9.9091012706875272        7.4669839046783757        33.667779911884878        4.0000000000000000                1
   9.7435462421208623        7.0230743192946381        7.2875682442726646        4.0000000000000000                1
   6.9894050165967361        9.7219123515862549        7.4005378711827454        4.0000000000000000                1
   9.9038015793303806        8.5850436375304184       0.91382592260049877        4.0000000000000000                1
   6.7183735539724720        9.5160646134237457        30.811506574049517        4.0000000000000000                1
   6.7000477502807341        6.4968928912301038        12.618583794406977        4.0000000000000000                1
   9.8429864195327710        8.7452581150550657        11.372062409054857        4.0000000000000000                1
   8.8670335209526012        6.2019871139335017        34.819618865642745        4.0000000000000000                1
   6.0149199524747132        8.1164874718456126        23.257240328937776        4.0000000000000000                1
   9.8606979913259369        8.7205847479924117        18.095413498157608        4.0000000000000000                1
   9.2829179171726590        6.4731884482926381        23.789790245164895        4.0000000000000000                1
   7.4407801369135713        6.0878724190104396        5.4613779567212175        4.0000000000000000                1
   9.2726354603465762        9.5300195048626257        25.179700377552436        4.0000000000000000                1
   8.3344986757913233        6.0314829336321072        11.482216020458075        4.0000000000000000                1
   9.9695048819894634        8.3094364922508408        31.599141617578582        4.0000000000000000                1
   9.7546206271004792        8.9225336950270666        24.540025322902494        4.0000000000000000                1
   7.3843779359906963        6.0975557286349238        8.1840352614669207        4.0000000000000000                1
   6.0621962043006921        7.6162719738282236        37.461133529749141        4.0000000000000000                1
   9.9147794098110715        8.5231088326845956        2.0355207634288135        4.0000000000000000                1
   8.9258900579606024        9.7519472947962118        35.656600256108334        4.0000000000000000                1
   8.0561383605964654        9.9921201212100907        37.520695591254125        4.0000000000000000                1
   9.9327250633848898        8.4250418519124022        33.016956520448993        4.0000000000000000                1
   9.9890895625690064        7.8950405879295227        27.615932912882130        4.0000000000000000                1
   9.2449269942413910        6.4383219663714621        27.791200580966009        4.0000000000000000                1
   6.0095423835001940        7.9218641905645493        29.701985555482448        4.0000000000000000                1
   9.9736088376732912        7.7528810899284526        8.1327906462689814        4.0000000000000000                1
   6.8526558275868021        6.3824794825679048        29.655372670359100        4.0000000000000000                1
   9.3814359804943788        6.5542552162279026        30.329131075264371        4.0000000000000000                1
   8.4377760104796860        6.0515330330176988        27.070697406867509        4.0000000000000000                1
   8.8099535080864833        6.1866886535104424        8.4148373070072821E-003   4.0000000000000000                1
   6.6827843244738245        6.4971723834820967        12.616948951730508        4.0000000000000000                1
   6.4035698219052861        9.1781689570607767       0.13448015629628066        4.0000000000000000                1
   6.1229082832387984        7.3118417117305610        5.5602753187412564        4.0000000000000000                1
   7.6073302393246731        9.9489520606408579        21.192571693028345        4.0000000000000000                1
   9.0423163487699139        9.6708719196610495        31.639065943709131        4.0000000000000000                1
   9.4248367755508866        9.3996339829813458        17.455393381902322        4.0000000000000000                1
   6.2903774123187697        6.9723426245452016        31.607701133921591        4.0000000000000000                1
   9.8183105031590951        7.2448300877338525        30.958786133397492        4.0000000000000000                1
   7.4480557966236098        9.9185178442466739        25.191930970127757        4.0000000000000000                1
   8.4395819481728882        6.0542554550995042        24.382583065689587        4.0000000000000000                1
   6.1627050495560107        7.2133192376822510        23.851843581652595        4.0000000000000000                1
   9.2163753274292510        9.5869692502196440        26.467906089527215        4.0000000000000000                1
   6.9770207439620222        9.7036098443612531        2.3229025422096843        4.0000000000000000                1
   7.0236970124887712        9.7413314286051556        39.511306120812392        4.0000000000000000                1
   6.7356331250605255        9.5349752102048608        21.952847698263732        4.0000000000000000                1
   8.3416724534088171        6.0326310687768645        16.677251823680830        4.0000000000000000                1
   9.6245040613368928        6.8334095154277472        37.059679162129349        4.0000000000000000                1
   8.4428420668458593        9.9379876005228827        12.801150558415744        4.0000000000000000                1
   6.5836491808191848        6.5969943613445414        4.8671018412873002        4.0000000000000000                1
   9.9319537483361522        8.5035295948298302        35.613271731713667        4.0000000000000000                1
   8.8474896286255795        6.1953921076940999        33.710116086201502        4.0000000000000000                1
   9.8578173281767398        8.7332817459714125        8.6203471257574105        4.0000000000000000                1
   7.8510282213112204        9.9856352449072023        4.0536548704133830        4.0000000000000000                1
   6.9207937944326074        9.6790182143878010        8.7599328056874448        4.0000000000000000                1
   9.2885072113305291        9.5263208226047826        15.970113778150056        4.0000000000000000                1
   6.2162219099749381        7.1118282048384103        30.338468875899927        4.0000000000000000                1
   9.8356209950344713        7.2125069684450844        29.644767842594600        4.0000000000000000                1
   9.5200060397289548        9.2887008889741356        3.8930610227941433        4.0000000000000000                1
   9.5030164054552699        6.6877940563004419        35.489745688037729        4.0000000000000000                1
   9.1047097595007180        6.3818406135437531        6.6118447574084591        4.0000000000000000                1
   7.2505200728903931        6.1514461879918718        37.629910195093515        4.0000000000000000                1
   6.2045007667529646        8.8582541440244711        25.011244176991205        4.0000000000000000                1
   9.9950838361648628        7.9849860272184721        30.280459105026857        4.0000000000000000                1
   6.7156058992104954        9.5313284813249020        16.798348758353285        4.0000000000000000                1
   6.0704557316392451        8.5038729032792553        38.176123494885523        4.0000000000000000                1
   9.9995739414797011        8.0185338669832920        16.002491128414135        4.0000000000000000                1
   6.2307354401855974        8.9140922468576953        19.859902053283843        4.0000000000000000                1
   9.7999969231711361        7.1336751202619606        28.359467242467041        4.0000000000000000                1
   6.0080289413093899        7.9961269803803905        8.6896224523063594        4.0000000000000000                1
   9.9889522856703685        8.0042134751696778        19.884175495357944        4.0000000000000000                1
   6.7590243322690977        6.4392625287404970        19.419483045107903        4.0000000000000000                1
   9.0823721632651822        6.3396969768061675        9.3468194543094363        4.0000000000000000                1
   8.9248230126241133        6.2345648898020984        2.8913302500735072        4.0000000000000000                1
   7.7041531622474215        9.9455757404100975        9.3342342528820126        4.0000000000000000                1
   9.5582446118231736        6.7560216874347674        39.503767445323128        4.0000000000000000                1
   8.0008080863411610        9.9933610320413209        16.192835622980613        4.0000000000000000                1
   9.2877991084317344        9.5124726466997060        28.915731620929737        4.0000000000000000                1
   8.8827427146378923        6.2058374724680805        36.402962171247793        4.0000000000000000                1
   9.2022511764217612        6.4031046852068574        22.633365513437884        4.0000000000000000                1
   8.4642452887568158        9.9428032443725716        21.821599186505914        4.0000000000000000                1
   6.2116513020050883        8.8710748619894773        12.209677861408585        4.0000000000000000                1
   6.4584572383615786        9.2491302727088822        36.321545010862764        4.0000000000000000                1
   6.0124835892344759        8.2104946299010901        2.1672411049338294        4.0000000000000000                1
   7.3432217898975667        6.1138083934645193        4.1811793828671844        4.0000000000000000                1
   9.7137931224011318        7.0035184400254957        11.323663695346495        4.0000000000000000                1
   7.4622793064872832        9.9098319040754568        30.216403707634878        4.0000000000000000                1
   9.9357648286049525        8.5007161331526397        36.912496074290274        4.0000000000000000                1
   9.2704780376091609        6.4624110231201959        23.780214943985417        4.0000000000000000                1
   8.0032592364606394        9.9953189703982162        16.192407459106185        4.0000000000000000                1
   6.0201044027368704        7.7215579876511411        33.706227476141436        4.0000000000000000                1
   8.4944289893733096        9.9294588344330066        14.038467955080307        4.0000000000000000                1
   9.2657454737194982        6.4649301431505366        27.799117209188733        4.0000000000000000                1
   6.0538503210985919        8.4286535138021499        39.512732324261492        4.0000000000000000                1
   6.2108821401789926        7.1132108739448325        10.862727368759369        4.0000000000000000                1
   8.4757740965297561        9.9146458957152532        14.056169403680853        4.0000000000000000                1
   8.3498809890586134        6.0360561029345625        20.685763523585347        4.0000000000000000                1
   6.1981834293975524        8.8672829380262606        22.614397014804524        4.0000000000000000                1
   9.2929205395723127        9.5119972880958894        9.3753230287136926        4.0000000000000000                1
   9.0897044921301369        9.6770075893307990        30.343086169814917        4.0000000000000000                1
   7.3485640134842978        9.8656537584332025        31.659000169106235        4.0000000000000000                1
   7.5548194530964716        6.0808774635550984        22.417779792778578        4.0000000000000000                1
   9.9669730973877186        7.7362456046560526        8.1131455643616803        4.0000000000000000                1
   9.5555852671299277        9.2548000023884143        37.551013565053935        4.0000000000000000                1
   7.5814525191041628        6.0540077468699138        28.978453226396617        4.0000000000000000                1
   6.7027018059549750        9.4968867305748841        27.094052566859574        4.0000000000000000                1
   8.7858856619917916        9.8327976278299243        16.795652658848567        4.0000000000000000                1
   9.9726137528695169        7.9042162685526538        10.761590385968447        4.0000000000000000                1
   6.0650020862088132        7.5720733615703466        36.265806245676522        4.0000000000000000                1
   9.0616630907429663        7.3795219446305955        9.4701665913336566        4.0000000000000000                1
   7.1888423659186111        9.8219678013147576        34.293897276108581        4.0000000000000000                1
   6.0262908251314622        8.2301403259104546        3.5163458338823057        4.0000000000000000                1
   9.4851651097525860        6.7341181646846495        33.036467838962267        4.0000000000000000                1
   9.1796313017629210        6.4134588798658418        10.704228977208219        4.0000000000000000                1
   9.1690633622734765        6.3894873375533878        8.1028452980827552        4.0000000000000000                1
   6.7680663806349282        9.5747266336173045        12.782162688959579        4.0000000000000000                1
   6.9040211266868035        6.3339984325297163        33.561059144498117        4.0000000000000000                1
   9.9155933888161680        8.5150531283658051        3.2821733705498897        4.0000000000000000                1
   9.9680460745955770        7.6508320662587490        2.7451537607072098        4.0000000000000000                1
   9.9383414659235054        7.6558596197906423        5.3252209868032025        4.0000000000000000                1
   6.0207072350909918        8.0657478903590540        15.456982646724956        4.0000000000000000                1
   6.1280999938590934        7.3285775612024322        4.0611868336062038        4.0000000000000000                1
   6.1431960229892866        8.7100388930729515        21.390185583276907        4.0000000000000000                1
   9.0074291818868986        6.3103536582955435        4.1029387038839262        4.0000000000000000                1
   6.1973808001347424        7.1865023811860285        9.3639400287355645        4.0000000000000000                1
   7.6292092209633431        6.0456413217467038        28.963004096276471        4.0000000000000000                1
   9.6133531675928534        6.8204404358367663        2.1505329506797644        4.0000000000000000                1
   8.4913998605139369        6.0752754930571191        29.707355781262226        4.0000000000000000                1
   6.4359457564852161        9.2357436558325912        6.5327238161504280        4.0000000000000000                1
   8.8956156334506939        6.2211533038193467        33.702385680160297        4.0000000000000000                1
   8.4825275753162561        9.9208623192481653        28.238676217131118        4.0000000000000000                1
   9.7829861115179106        7.1399924999703552        25.639027297790555        4.0000000000000000                1
   9.7731926057953604        7.0784759493285927        26.949716743775088        4.0000000000000000                1
   6.1684635188420893        8.7976953959037605        26.419665854410574        4.0000000000000000                1
   6.2327074892781100        7.1070548302635626        21.175847872909824        4.0000000000000000                1
   7.4573639946402777        9.9246793998090030        12.107935626475021        4.0000000000000000                1
   9.5580535705859102        9.2268566444849718        37.515243983984298        4.0000000000000000                1
   6.7744658343766240        6.4253802931100807        19.420084205772067        4.0000000000000000                1
   8.4294593079599434        6.0543623590434299        10.074807017941946        4.0000000000000000                1
   9.6214021214389227        6.8391724441700577        38.384165518258989        4.0000000000000000                1
   9.0746358801150819        6.3562626009690550        6.5913554821172431        4.0000000000000000                1
   6.0276552726675039        7.9450999484037261        12.709786313333725        4.0000000000000000                1
   6.0239369752514218        8.1687374879451209        14.055123189354765        4.0000000000000000                1
   6.2438186827303426        8.9026388882377461        13.385968541232454        4.0000000000000000                1
   7.6537114197834271        6.0461434936662970        30.337125723836991        4.0000000000000000                1
   8.7068825308153990        9.8645737740137758        4.6551173160847874        4.0000000000000000                1
   6.0194024559643982        7.9410681767766977        10.053723843105425        4.0000000000000000                1
   8.0515572347942932        6.0196747444350462        36.945095209050351        4.0000000000000000                1
   9.9995234246725833        7.9759196014526346        26.273338044267909        4.0000000000000000                1
   9.7891917288530799        7.1434490131151147        17.974683179236557        4.0000000000000000                1
   8.3504817537120868        9.9441189862833816        29.581460076297503        4.0000000000000000                1
   6.2717180574788509        8.9719659432583896        1.5633058710663752        4.0000000000000000                1
   9.8276681388036877        7.1918456858248616        13.970960953896133        4.0000000000000000                1
   6.5862641285861283        6.5977761133592141        8.5900011817160795        4.0000000000000000                1
   9.7326443571952161        8.9664506680874130        29.711968560022335        4.0000000000000000                1
   6.4470984656417905        6.7587063555975275        39.627552293019463        4.0000000000000000                1
   9.0401986783953525        9.6862692195848830        31.629931646591313        4.0000000000000000                1
   9.9959513370728583        8.0038722244275942        25.007707951452932        4.0000000000000000                1
   8.4105002625865364        6.0429722024624359        25.701944716591058        4.0000000000000000                1
   9.5778964406396909        9.1996826563021283        34.984410825972688        4.0000000000000000                1
   6.7630225946403808        9.5643129474406603        12.772782194311537        4.0000000000000000                1
   6.1856619485263762        7.1819242138860488        22.540291426590972        4.0000000000000000                1
   6.2847381735116370        9.0010498542095458        14.579187659317910        4.0000000000000000                1
   7.1994584133739696        9.8061346941735525        36.999624777556619        4.0000000000000000                1
   8.4406593213924310        6.0504245387724200        7.4457059471215210        4.0000000000000000                1
   6.1041392769205824        8.5586472701462686        33.056167783821316        4.0000000000000000                1
   6.2414386645273519        7.0631670938918454        20.008462199056094        4.0000000000000000                1
   9.7561347936356686        7.0548777820361366        11.333225357530985        4.0000000000000000                1
   9.2271753117709974        9.5397164710032563        13.382621071975638        4.0000000000000000                1
   7.8317751804436888        9.9906444783901698        5.2638878816940098        4.0000000000000000                1
   8.5758921342861836        9.9003451564900242        15.319065101189944        4.0000000000000000                1
   8.6548559287694733        9.8896401840792265        18.110516768660787        4.0000000000000000                1
   9.8036972023744777        8.8163600508983357        12.676344175693254        4.0000000000000000                1
   8.2585208608154499        6.0196380303601948        8.7075164646123859        4.0000000000000000                1
   8.9940652641733845        6.2842681771172444        37.763141259726424        4.0000000000000000                1
   9.2821039587533019        9.5203058925051600        10.702761588553718        4.0000000000000000                1
   9.6307401470184182        6.8500471846298927        4.6756526504366054        4.0000000000000000                1
   6.4188833515436619        9.1743826548978920       0.14080643279087116        4.0000000000000000                1
   8.6807308884669094        9.8746530252039335       0.94184562642819658        4.0000000000000000                1
   8.4591545253787839        9.9353411204933604        14.041572893025222        4.0000000000000000                1
   6.8535089731949785        9.6238050158655941        20.575612251538065        4.0000000000000000                1
   6.7632404509304012        6.4389194002190893        20.653807984727496        4.0000000000000000                1
   7.5540997048281451        6.0513030852823340        17.376853253923223        4.0000000000000000                1
   6.0591699406966057        7.6027261974150031        34.990261803589213        4.0000000000000000                1
   8.3284320198397079        6.0328826203886425        19.360597736674713        4.0000000000000000                1
   7.2890560069175265        9.8639503883922224        34.240389109474691        4.0000000000000000                1
   9.4947146456809133        6.6795173181723868        35.470407637351457        4.0000000000000000                1
   8.2451931612528817        6.0225676904709138        8.6978380983853398        4.0000000000000000                1
   9.7834908857159313        8.8897129120934171        24.526985171257078        4.0000000000000000                1
   8.0303441620581637        9.9931555258627576        36.366730932749526        4.0000000000000000                1
   9.5663362637308431        6.7654570721723912        34.343900458604139        4.0000000000000000                1
   6.0143423754861631        8.0116226648763895        18.059678379697740        4.0000000000000000                1
   9.9937029778909707        8.0001085980497706        22.574147784456127        4.0000000000000000                1
   9.7943095341031157        8.8796191173020738        23.196917086885335        4.0000000000000000                1
   7.6509969224178249        9.9589107243059942        19.983024836705198        4.0000000000000000                1
   8.7591300848685592        9.8285637473294010        2.1490444316745161        4.0000000000000000                1
   6.1823290682711924        7.1771758249012088        16.001318817506263        4.0000000000000000                1
   8.0044327563121875        6.0005742174929253        34.344475470086358        4.0000000000000000                1
   7.0396670314132805        9.7534056079760951       0.75115739724068542        4.0000000000000000                1
   6.0046905406163180        7.9615369730963748        26.944182935507691        4.0000000000000000                1
   9.6317456072407257        9.1063005297539092        30.975292817654061        4.0000000000000000                1
   9.0160692432147886        9.7176460269210168        32.901914907477789        4.0000000000000000                1
   6.2985178936370225        9.0074891927404401        9.3218264362607695        4.0000000000000000                1
   8.3021768521489161        9.9705745479212933        30.893020811431175        4.0000000000000000                1
   8.6166863915390994        9.8723273717033955        6.1551771171668213        4.0000000000000000                1
   8.9527693141238558        6.2642535404837698        2.9014640146318498        4.0000000000000000                1
   6.4399724381869472        6.7541286168595756        39.640052642810431        4.0000000000000000                1
   9.8366202877831288        8.7908712726568758        20.520792176398853        4.0000000000000000                1
   7.5731826334393073        6.0498654320127701        20.034949395830751        4.0000000000000000                1
   9.8961473366651926        7.4196663728790222        32.361812165487827        4.0000000000000000                1
   6.2985506955044377        7.0083480693484237        28.973427601019015        4.0000000000000000                1
   9.4214828853742940        9.3746120734014386        1.5483645478270474        4.0000000000000000                1
   7.8829295725627038        9.9850499742616563        1.5348096771039108        4.0000000000000000                1
   7.1241214116872209        6.2112784865511825       0.18809541616608405        4.0000000000000000                1
   9.9755015954019566        7.8109076748385391        9.3305052805107476        4.0000000000000000                1
   9.2154744369869324        6.4199040776583463        21.363705583923164        4.0000000000000000                1
   6.0122563178136952        7.9854182571790018        11.445343098822164        4.0000000000000000                1
   8.6518927513756569        9.8820621957302084        6.1715589507720932        4.0000000000000000                1
   7.6145345976314456        9.9403820976299180        19.966690037120383        4.0000000000000000                1
   6.7403261325517185        6.4517001228452528        16.653762262889856        4.0000000000000000                1
   8.4383886909311361        6.0538020877372096        10.061666187909541        4.0000000000000000                1
   7.0949307334859872        9.7829750742322599        39.491151724798875        4.0000000000000000                1
   6.0303725694723065        8.0359488828293557        16.716537260790311        4.0000000000000000                1
   9.3282760807438638        9.4786111010104594        10.720467926065256        4.0000000000000000                1
   9.9605105094345490        8.3652483740757244        34.319028241423005        4.0000000000000000                1
   7.6095678479358178        6.0452403258525749        27.665633279956459        4.0000000000000000                1
   6.0057194992910752        8.0208402497009139        20.519899704352543        4.0000000000000000                1
   9.6984292408537183        6.9732403334941750        8.7413378094453922        4.0000000000000000                1
   6.0031734522394808        7.9577854993847925        8.7051568410746754        4.0000000000000000                1
   6.9299305079129647        9.6784205832653107        4.7594261790678711        4.0000000000000000                1
   6.2042794277558544        7.1694171185551081        11.999239214524067        4.0000000000000000                1
   8.2811186356654130        6.0484566856087785        6.0114737278427821        4.0000000000000000                1
   8.8672371589655814        6.2071807889262143        38.862839999242347        4.0000000000000000                1
   9.7920490853968740        7.1831194544095611        19.236700474001236        4.0000000000000000                1
   8.1047399633748611        6.7433702135473848        9.3803698421782808        4.0000000000000000                1
   7.1624716642891357        6.1902611425368947        36.335629294489785        4.0000000000000000                1
   7.3948530259698835        6.8506197449672124        34.292263934425350        4.0000000000000000                1
   9.5429688280365372        9.2586065460517322        36.271473469730729        4.0000000000000000                1
   9.6647046017282001        9.1054630790107272        32.181463053775190        4.0000000000000000                1
   6.2009707410603072        7.1832836629225527        9.3708251954461641        4.0000000000000000                1
   7.6591106859195364        6.0304147522852292        14.643195739126842        4.0000000000000000                1
   9.2229477629065908        6.4267543369897915        13.406138838317490        4.0000000000000000                1
   6.7655802690167866        9.5672202324204321        24.473731246948880        4.0000000000000000                1
   8.8670897738207923        6.2128803826680787        38.866854348559926        4.0000000000000000                1
   6.6842385897498291        6.5106419540644742        12.594224243179005        4.0000000000000000                1
   9.9943842690774343        7.9344865218058436        10.761880410793397        4.0000000000000000                1
   6.5089743596720684        9.3211716677276506        34.899571475108274        4.0000000000000000                1
   6.9286295516608742        9.6871983801101464        9.9313451681846132        4.0000000000000000                1
   6.2335849845845663        8.9089552773232050        22.618900254265135        4.0000000000000000                1
   6.7820263976628770        6.4449670860222517        23.053399793195560        4.0000000000000000                1
   6.4083008766891263        9.2084975099685860        38.901543405459662        4.0000000000000000                1
   6.4444432562233720        6.7639056586060846       0.85702456415428940        4.0000000000000000                1
   6.8726165976605724        6.3624713547054528        27.056138121815881        4.0000000000000000                1
   8.4798892743349317        9.9403543498278939        11.309568354846849        4.0000000000000000                1
   9.1511118902942545        6.4335655856103680        10.683359545909068        4.0000000000000000                1
   7.5237479713358342        6.0592094450813008        18.672976348827817        4.0000000000000000                1
   6.7374270704461861        9.5311664539536221        25.810392444212702        4.0000000000000000                1
   8.2200388769831889        6.0207248289755899        4.6955162521645155        4.0000000000000000                1
   7.9320711950879303        9.9952500042755723        38.875768630631747        4.0000000000000000                1
