     1000000
           1
  0.10000000149011612     
   5.6731289994280614        3.1520253421280606        18.859135633760364        2.0000000000000000                1
   6.5545847695282768        5.0973651946172813        1.2731416469639762        2.0000000000000000                1
   7.4002575477182848        9.8170820085351789        39.081603788031281        2.0000000000000000                1
   4.7718227754380766        3.6543619955531730        7.9019121555718019        2.0000000000000000                1
   5.5089158411167061        7.9204891503290122        14.935825146621095        2.0000000000000000                1
   7.0452574731524047        3.1233606932147606        33.932789976218217        2.0000000000000000                1
   4.0221796160102326        8.6593473157802556        33.359506440856727        2.0000000000000000                1
   9.9748791750593568        6.1560976538739984        15.326052581260855        2.0000000000000000                1
   6.1208362557491043        8.2607729304556194        38.541219171231923        2.0000000000000000                1
   5.5001529758368095        7.4207598313214671       0.90826355321170127        2.0000000000000000                1
   3.5343576577249616        8.1117807356733120        31.482899914857857        2.0000000000000000                1
   9.7315714600235843        5.2103228727994333        9.1660232851942336        2.0000000000000000                1
   6.0062046138293947        8.1156354317301602        11.432238859924471        2.0000000000000000                1
   7.9831054984732583        7.0781836320940643        4.3466629339159519        2.0000000000000000                1
   5.6305216986449853        3.1554474869251887        14.628121281336742        2.0000000000000000                1
   4.1167631518826706        8.3628725226320366        26.588355909946369        2.0000000000000000                1
   6.5097994655951945        9.9104936221063706        12.164620118511566        2.0000000000000000                1
   4.7356440067668695        3.5386602812892223        36.877852036656918        2.0000000000000000                1
   4.4231171672818794        9.2017351516684318        28.461602162564752        2.0000000000000000                1
   9.5197133181882112        8.1460109164970174        13.839266961066176        2.0000000000000000                1
   6.1391875906216127        9.8550150934853509        21.999611742669828        2.0000000000000000                1
   8.0641870133095068        7.3151069331700498        35.437169474070188        2.0000000000000000                1
   5.6745684016352360        5.9825181308109867        28.847296798130913        2.0000000000000000                1
   5.5248452587153123        7.7658271729274011        17.031749180825603        2.0000000000000000                1
   6.8539960016205423        3.0629719953396681        18.968748508394071        2.0000000000000000                1
   5.4865182031832518        9.8019834922183193        12.521684403058615        2.0000000000000000                1
   8.9761041301889648        8.7221936721326472        23.997525350974755        2.0000000000000000                1
   4.5873580725410879        3.5959043569603479        30.011342295236908        2.0000000000000000                1
   9.2292631940363812        4.4058294866862040        14.656069202289070        2.0000000000000000                1
   9.1871937722843704        4.4536078611021734        29.089406815819906        2.0000000000000000                1
   3.6845394135965472        7.2551015554069824        24.601776237677559        2.0000000000000000                1
   3.7853230861858376        4.4457125880603723        9.4586993128324561        2.0000000000000000                1
   9.9092846180057652        7.2697572517578175        34.112241370981103        2.0000000000000000                1
   9.2359372129251298        8.6041503141403126       0.72735675113058396        2.0000000000000000                1
   4.1177744713848501        3.9481831004978249        34.261075286047770        2.0000000000000000                1
   9.8994075087621738        5.9396099959494393        5.1753334706600072        2.0000000000000000                1
   7.9568704273344011        9.6333056734391018        29.997477736788934        2.0000000000000000                1
   3.4672278530882266        8.2141679776703036        18.312411031583292        2.0000000000000000                1
   5.5066189906090610        7.3678827451708884        34.886915604320770        2.0000000000000000                1
   9.3167660603378355        4.4632244811586119        6.4672404612596663        2.0000000000000000                1
   6.9032888987764860        9.8750636268596867        34.549273931903151        2.0000000000000000                1
   8.6327694545426272        3.8549622278565612        19.430555152856634        2.0000000000000000                1
   7.9180376401794828        6.9905907477422202        33.177619499264388        2.0000000000000000                1
   9.9401661888778818        6.2055766641059282        22.730757338263139        2.0000000000000000                1
   3.0596569704121745        6.8838094537417334        4.4870474868505177        2.0000000000000000                1
   6.7941368587240145        7.0118447294025117        25.109722395417876        2.0000000000000000                1
   4.5950806167022664        9.3219227350359439        10.466308582298058        2.0000000000000000                1
   4.2585536057021596        6.8272728072268691        2.4171205394925455        2.0000000000000000                1
   5.9893454083889246        5.1051604670927428        4.5268465501130555        2.0000000000000000                1
   7.9510607737877113        6.5784940935252774        1.5040680084727613        2.0000000000000000                1
   9.5175447876209400        6.1060820679953842        32.093554058940136        2.0000000000000000                1
   5.3166498081090552        7.4366372480314364        11.720228304577347        2.0000000000000000                1
   9.6104913747770375        6.4207640609764773        10.807837645955553        2.0000000000000000                1
   5.6647313971352826        9.7778153909356966        1.8455247367062011        2.0000000000000000                1
   5.6637545537663572        5.5054177591970568        11.242107613998709        2.0000000000000000                1
   3.0384024428313210        6.6855740112986446        10.696167628277909        2.0000000000000000                1
   9.6644644636849861        7.7310261841759607        3.3425286289560492        2.0000000000000000                1
   6.5305418974366569        9.8015381940995585        16.602835626813121        2.0000000000000000                1
   5.7676492150000005        9.8678993354035356        26.235589399965793        2.0000000000000000                1
   6.2254374175775027        7.9700427278566712        4.8865325406829712        2.0000000000000000                1
   3.6999567150557096        8.5702979537846744        28.894982294686606        2.0000000000000000                1
   9.3785006530987438        8.4780275910804210        7.3350156986645283        2.0000000000000000                1
   5.2524234976122672        5.4819811491947625        24.447254991200648        2.0000000000000000                1
   8.9331676618166362        3.9892159350008982        26.707444967225612        2.0000000000000000                1
   6.3444605664237548        3.0801405619454898        6.7759270491788630        2.0000000000000000                1
   4.8335534641752282        3.4701182041602889        5.0888569867431608        2.0000000000000000                1
   5.0904806672726650        3.3699711518416331        38.839454039968679        2.0000000000000000                1
   3.4568938725382194        5.2960408431115811        9.0054511242022386        2.0000000000000000                1
   7.8450056710659180        9.6088357409497895        32.140041772527972        2.0000000000000000                1
   7.4862599192821122        9.8514864605314489        7.7900285140670285        2.0000000000000000                1
   7.7858426431088423        5.4239231908346373        5.4541110653334801        2.0000000000000000                1
   6.2189405571764054        8.1816630153534327        29.252851733076650        2.0000000000000000                1
   8.3624065926203954        6.0963456786580661        18.711345843018456        2.0000000000000000                1
   5.5475123116635894        3.3076494845120346       0.82998411152524409        2.0000000000000000                1
   9.5532385520891747        8.1644969682883453        17.971216296017801        2.0000000000000000                1
   4.5034679545061316        3.7261521922714818       0.74148499937905366        2.0000000000000000                1
   3.1231434774441356        5.7595316396846874        11.150846805154835        2.0000000000000000                1
   7.2732259977052998        3.0892067526626641        27.603950919576519        2.0000000000000000                1
   6.4351557648991786        5.0243418263411481        13.621487105283794        2.0000000000000000                1
   7.5645845488397985        7.8552209828865776        8.4960370170826156        2.0000000000000000                1
   5.4051222008751978        7.5089035497482302        38.614582488160835        2.0000000000000000                1
   7.5197889499798789        7.7719784257495030        15.124770753060437        2.0000000000000000                1
   8.5979719174751601        3.7467789828743152        21.511716582966500        2.0000000000000000                1
   4.7751237768158301        9.5097618002433730        30.520940263682501        2.0000000000000000                1
   5.0681976102428292        7.1127379830323001        32.606520057060713        2.0000000000000000                1
   6.7428192713058239        5.6147143649135138        35.094733376518064        2.0000000000000000                1
   3.1206546485162661        6.0699399632909108        36.388367200058468        2.0000000000000000                1
   8.4837368335640875        9.3776143840402835        2.9987229502435859        2.0000000000000000                1
   5.0528321012193498        6.4075608716351926        39.157015648626526        2.0000000000000000                1
   6.0542559527951765        6.8695053036181664        23.187635498230268        2.0000000000000000                1
   3.3262515065454559        5.5021697584654028        30.015225720750610        2.0000000000000000                1
   5.2566000675075957        9.7242664363028837        28.212390705713990        2.0000000000000000                1
   5.6817106606857832        5.0988486147609517        9.2453891458106625        2.0000000000000000                1
   6.2533222525574574        8.1529596697177720       0.77493026643181762        2.0000000000000000                1
   3.3273567874841823        7.5966379936225401       0.48932439118490784        2.0000000000000000                1
   7.8624066441021139        7.5379723553387397        22.597109830925291        2.0000000000000000                1
   3.3651876455392458        5.1615316158840825        32.362133309965330        2.0000000000000000                1
   4.7980655310883096        6.3835878277400244        34.798023496153029        2.0000000000000000                1
   7.6282127617454067        3.2654723657936331        21.226282454613184        2.0000000000000000                1
   8.5451508568973757        3.6948084572955251        6.3923938967436058        2.0000000000000000                1
   8.3901617507446868        9.2242524612236974       0.71717699305205651        2.0000000000000000                1
   9.9799517890566651        6.1318543057653594        7.3912124194069646        2.0000000000000000                1
   8.8448308540272400        9.0976483002369672        32.158434430538477        2.0000000000000000                1
   3.9910848972293573        4.5587373649274578        25.769564514814103        2.0000000000000000                1
   3.6941666774414497        4.4304745270667718        31.724496204231464        2.0000000000000000                1
   9.9805097955586959        6.1650152989585543        17.428023182913059        2.0000000000000000                1
   7.7141765079858411        3.5877192702315197        4.5600891015228484        2.0000000000000000                1
   4.5649120723841472        9.4020425275691881        37.324908814136357        2.0000000000000000                1
   3.1538557101208879        6.7394456253102923        16.350503447004129        2.0000000000000000                1
   7.1816427770389515        3.1554033313843757        2.5688952904929949        2.0000000000000000                1
   7.3977424399857492        7.7293439869027818        13.027318069823453        2.0000000000000000                1
   9.9556146562563672        6.2720743572341258        29.524409704182151        2.0000000000000000                1
   3.0666686149947044        6.3677682398702800        25.123317811950294        2.0000000000000000                1
   6.0003775068105796        4.9403444066188928        24.839215269978812        2.0000000000000000                1
   9.8229664255105007        7.1987306755100340        20.862156623077105        2.0000000000000000                1
   6.5197737965665583        4.7788091747274484        19.941837572565376        2.0000000000000000                1
   7.6624779924740745        7.6550694125190706        17.451296190835347        2.0000000000000000                1
   3.2737467157622131        7.7191304614574463        29.264473321576403        2.0000000000000000                1
   3.2850701514853733        6.9274123113356492        38.320380009928606        2.0000000000000000                1
   5.0859322231570756        6.9468743297204059        9.7547339228837657        2.0000000000000000                1
   9.4881945048968639        4.9821816546762365        26.900432425388662        2.0000000000000000                1
   6.8327977853676698        9.9834461993906736        30.347921325698945        2.0000000000000000                1
   3.4860988020039239        7.9587686726102449        20.301032049669200        2.0000000000000000                1
   8.4435610267190828        3.6343404525894281        2.2915331564547614E-002   2.0000000000000000                1
   4.1540667257928954        6.4609100530282326        14.411190057206381        2.0000000000000000                1
   4.7738555948726145        9.4992688046838918        20.154914013155594        2.0000000000000000                1
   9.9277070898931754        5.8330533612980391        38.370314188514314        2.0000000000000000                1
   7.4581369063411680        3.2279524477953632        25.540965130174961        2.0000000000000000                1
   8.6825744444546515        9.2089618727961327        9.8219484084098152        2.0000000000000000                1
   9.7793571040380378        7.1428782429324666        13.544736622130058        2.0000000000000000                1
   7.3741509927143571        3.1685181700457781        12.133303196489862        2.0000000000000000                1
   4.2879132655421976        3.7964886588417177        23.746228690688561        2.0000000000000000                1
   5.8862440094321542        4.9746684324097803        28.978138624393210        2.0000000000000000                1
   4.8408316984924387        6.0371274713469747        19.426444181291274        2.0000000000000000                1
   6.7950787582041965        9.7126634205315376        20.110968534463122        2.0000000000000000                1
   6.5717953395582693        3.0343118755421714        20.953533658878445        2.0000000000000000                1
   6.5930908048660033        4.1662931695709968        6.6805452842407718        2.0000000000000000                1
   7.5773837969169184        5.6017007760312554        10.030283322236661        2.0000000000000000                1
   7.3363963161149597        9.8892834944253103        27.852157693074940        2.0000000000000000                1
   4.5838432103897322        9.4230915000574047        26.344649821128527        2.0000000000000000                1
   9.5623133682746406        7.8243400105209355        38.562995811423022        2.0000000000000000                1
   4.8790547190355351        6.3425197132378246        7.8239514914723651        2.0000000000000000                1
   3.4563528547389475        4.9415113625247642        4.9332621851396148        2.0000000000000000                1
   5.9079725986912850        5.8777728186590918        13.389649427679091        2.0000000000000000                1
   8.0368857258099879        9.6062815836039164        25.929383809225545        2.0000000000000000                1
   6.6912859917139267        9.9527912833185859        1.5481431144536673        2.0000000000000000                1
   7.1796436742446552        9.6831239410381329        22.082949217923698        2.0000000000000000                1
   7.8704486783059240        9.4349335577503783        18.440719477695978        2.0000000000000000                1
   9.2007481219227429        4.4267610313599812        22.005811956277075        2.0000000000000000                1
   6.1455542771628489        9.9739035456556824        24.265411617641437        2.0000000000000000                1
   9.3515975286354482        4.5281027489645886        19.626490209059263        2.0000000000000000                1
   9.3710197151389529        8.1986659961752704        34.187975480097336        2.0000000000000000                1
   3.2800551614232840        5.1347076142872305        25.306870918120744        2.0000000000000000                1
   3.0558084867916935        6.8223473197307536        33.651496322582503        2.0000000000000000                1
   8.9934529619746808        4.0715073187256010        2.0512776346150265        2.0000000000000000                1
   3.3371294006441410        5.1265276410170397        12.005126599491767        2.0000000000000000                1
   7.5795400887648370        7.9316927197381828        33.282509470477478        2.0000000000000000                1
   3.0939219594619196        6.9006124878455140        20.479200301344978        2.0000000000000000                1
   4.4064238779453904        9.2563438766208446        39.694464073334139        2.0000000000000000                1
   4.2544785048907947        7.1455916687750518        12.433951365291868        2.0000000000000000                1
   6.9669000426032097        3.0417863783300638        13.142311589220974        2.0000000000000000                1
   3.1098864898370353        7.3673862803298746        22.558372106149516        2.0000000000000000                1
   7.9592265294764957        5.6596467317074586        36.824486097022657        2.0000000000000000                1
   4.6420528251549875        9.3818432242010772        8.3003657459058147        2.0000000000000000                1
   7.1456287578518882        6.6683579419399805        12.536049802449664        2.0000000000000000                1
   8.4098230692300859        3.5685601019488815        17.061514671122506        2.0000000000000000                1
   7.6038264274689187        9.3776179192580269        9.8490707699698010        2.0000000000000000                1
   3.1770295337114889        6.7078702716866694        2.4701581152338590        2.0000000000000000                1
   7.6984986838067035        7.6427928754155321        6.4174583618510699        2.0000000000000000                1
   7.6035011432920045        5.3486232653963892        30.569827218521368        2.0000000000000000                1
   5.9874929240052781        4.8911187135057297        37.744841433229105        2.0000000000000000                1
   8.1123858846309549        6.1250689803429124        28.730125771752032        2.0000000000000000                1
   5.6382801477411242        9.7531336698296300        10.281068723676514        2.0000000000000000                1
   3.4260481245858174        4.8271309095197354        15.703587889978175        2.0000000000000000                1
   6.8436426686678482        8.8039283818531899        23.884730611241100        2.0000000000000000                1
   5.5746155560746349        7.8120457315879195        13.908548788723062        2.0000000000000000                1
   9.5819817665999256        8.1481425827234855        32.049754434537633        2.0000000000000000                1
   6.2877570841109947        3.0432654445862637        27.818901979502495        2.0000000000000000                1
   9.5032245083648732        7.8655939193800668        23.823136811312505        2.0000000000000000                1
   9.8630785933916663        6.1486517806579659        13.177099517813895        2.0000000000000000                1
   5.8987722567836904        9.8005463289077035        32.634611297127989        2.0000000000000000                1
   4.3923624558783576        3.7116362309365312        27.962352377395518        2.0000000000000000                1
   4.5662274368590205        9.4019022207138683        12.595962573303998        2.0000000000000000                1
   4.5283781338301008        3.6622468601017260        25.891874721786753        2.0000000000000000                1
   4.0418639190990087        8.9682775264699135        35.380333338527699        2.0000000000000000                1
   9.9193878231385533        7.1273127082722523        32.015822557555893        2.0000000000000000                1
   8.4782358632952519        3.6334558224818587        29.169126828319222        2.0000000000000000                1
   9.7181017647769643        5.2133380584440348        29.584472018000934        2.0000000000000000                1
   3.2536470252732190        5.3343284314261767       0.94577142521094526        2.0000000000000000                1
   7.5695956680006837        3.1753265968924413       0.33963924676728757        2.0000000000000000                1
   5.0701187176931874        9.4121639171400098        5.9778274695974583        2.0000000000000000                1
   7.6248185078801001        3.2343214755008431        15.153998148218918        2.0000000000000000                1
   7.3314202985351908        3.2303347564762168        31.767533414322688        2.0000000000000000                1
   5.7579917567896679        3.1085998050232102        4.7138046404256597        2.0000000000000000                1
   9.5695449995980724        4.8589011010884287        2.2838917022194618        2.0000000000000000                1
   3.1766149075156971        6.3366035364595845        14.223823328982935        2.0000000000000000                1
   6.5142796561513787        3.0312186979847913        29.840983379433560        2.0000000000000000                1
   4.6581669642161803        9.4494041275566119        1.8621151674176617        2.0000000000000000                1
   8.1374367568498212        9.5765610946265980        14.122065160228352        2.0000000000000000                1
   8.1585251787626873        8.1677065738207713        20.254820774700431        2.0000000000000000                1
   5.4090278733646073        3.2315075211670603        16.649873508729563        2.0000000000000000                1
   9.9610790230198099        6.3318699656771518        20.332858256879401        2.0000000000000000                1
   3.4192489857690291        8.0102898735530808        35.758209385465449        2.0000000000000000                1
   9.2467223523915383        8.4530944718373906        11.784740473405302        2.0000000000000000                1
   9.9229561446304615        6.9659445259284007        5.1809350711418185        2.0000000000000000                1
   7.8540872500515624        7.5467839592156860        10.655315516988322        2.0000000000000000                1
   3.0866095553202744        5.7973037552827744        4.5688442937543909        2.0000000000000000                1
   5.4575320509115235        9.7886924290141923        39.752435727259645        2.0000000000000000                1
   9.0509967388732981        6.2089346835681427        17.895304218350795        2.0000000000000000                1
   3.8879682713742438        8.7275811808028347        16.275932566114516        2.0000000000000000                1
   4.2387581967007977        4.4216147149648730        7.3432692496959460        2.0000000000000000                1
   5.7099667735881008        3.1191958222889471        36.835106949784048        2.0000000000000000                1
   9.5236757016703759        8.1747761468694815        9.6913853802073735        2.0000000000000000                1
   3.1657483711561198        5.6811715632433994        27.646808628716485        2.0000000000000000                1
   5.6015092071153045        5.2201979818758142        1.9204811381944740        2.0000000000000000                1
   3.5357512417595247        8.2971130120387464        22.432543257355761        2.0000000000000000                1
   9.8583354502141720        7.3852750669819018        9.0455582899884170        2.0000000000000000                1
   4.7404397727043524        3.5857325606747175        14.209975926822576        2.0000000000000000                1
   6.6499932876886989        9.9829857549386194        3.6089209402099232        2.0000000000000000                1
   8.0449060322156001        7.5441239426585724        1.9349233671595720        2.0000000000000000                1
   7.8094908583238549        5.3460530260504111        3.2056639104878539        2.0000000000000000                1
   4.8601848633866913        9.5477159568776617        35.196311534683744        2.0000000000000000                1
   5.7074194579083191        6.0683780669955167        15.799314839477743        2.0000000000000000                1
   3.2572303604047956        7.8059471376653882        26.637724633645135        2.0000000000000000                1
   7.5843117123626325        9.6754803721263993        1.1228321313323333        2.0000000000000000                1
   4.1442814907776926        3.9272143304688583        2.7045110442689064        2.0000000000000000                1
   7.9811394751132205        5.9910036502171060        21.138452502268802        2.0000000000000000                1
   3.8782825286243332        8.8112961616958838        1.9997207093760188        2.0000000000000000                1
   3.4220347351108562        4.9464343328536158        34.578476545161287        2.0000000000000000                1
   7.9223700243190223        5.9004990239556490        7.6313516407746258        2.0000000000000000                1
   5.5193536124867446        9.8581895945137070        37.313828798578506        2.0000000000000000                1
   5.7442514035109458        7.8116329129893023        9.3959182788299174        2.0000000000000000                1
   5.0003271554507842        6.8845990842261617        30.549552692888330        2.0000000000000000                1
   7.6422351693002692        9.5988873577773131        16.443020800792503        2.0000000000000000                1
   9.7624249851490834        5.3092467247252335        22.048173426117536        2.0000000000000000                1
