     1000000
           1
  0.10000000149011612     
   3.1689276666975670        5.1850728911865014        36.149056751262393        1.5000000000000000                1
   4.5496058512616644        9.6818681188958706        23.346595317387507        1.5000000000000000                1
   3.2463136881513073        8.8267891352184069        39.333201354629679        1.5000000000000000                1
   2.6950303789900585        7.9293269414998218        25.515474030265750        1.5000000000000000                1
   3.6151416937993104        6.0888941028831498        18.979186091060839        1.5000000000000000                1
   3.9298942463287148        4.5817157234313193        16.141792617343349        1.5000000000000000                1
   9.1506751297406961        6.2607233844377879        7.9457120566329795        1.5000000000000000                1
   5.7871956789244585        10.136670996603598        7.1158112523244945        1.5000000000000000                1
   7.2170816022088662        3.6033782601625606        26.522669977249294        1.5000000000000000                1
   2.6786529968281947        7.4944704830159763        37.315924469714460        1.5000000000000000                1
   3.9709089873164993        4.2532201927469195        37.845237395893953        1.5000000000000000                1
   9.6486635399052272        4.1438359432521414        10.562588812969357        1.5000000000000000                1
   10.104271280543866        5.8597398236972689        30.620423432493716        1.5000000000000000                1
   9.7571833529846508        4.6181405200532497        27.958350009763343        1.5000000000000000                1
   3.6718971977330148        9.2576531711579371        21.736826092456738        1.5000000000000000                1
   4.9516720987581122        2.5554608277748860        18.506485694329402        1.5000000000000000                1
   9.2791816305100756        4.2827330458438961        16.103698690357728        1.5000000000000000                1
   6.9852041179609801        9.9888358298854207        11.437030315122957        1.5000000000000000                1
   7.3583549078489039        7.2868015935424681        32.408690290229586        1.5000000000000000                1
   6.7214393668506496        10.000178852821083        14.142997076798203        1.5000000000000000                1
   4.2790035425357242        6.7699180437165047        39.525793267443461        1.5000000000000000                1
   5.1942875151806360        2.6668801299872471        24.138039791977743        1.5000000000000000                1
   9.8755412491499346        6.4920358206593942        24.874808371190422        1.5000000000000000                1
   3.9969156456861152        8.0489693812387646        38.207988822507737        1.5000000000000000                1
   6.1871201637236979        3.0127337670786161        3.5770912526349332        1.5000000000000000                1
   4.6872844338403414        8.5033708990486243        20.458473730112992        1.5000000000000000                1
   3.4204548980129506        9.0026963808311979        13.629377241952593        1.5000000000000000                1
   10.000814949451343        6.6503040909328126        17.751789999326661        1.5000000000000000                1
   3.7549750343466748        8.8956914627461128        15.857635467874676        1.5000000000000000                1
   6.9761599377183394        2.5195707299863148        36.435179661738658        1.5000000000000000                1
   4.9112684882678810        5.3016875922524118        38.744227658905821        1.5000000000000000                1
   5.5130399654266729        7.5086737169823179        13.003540700468822        1.5000000000000000                1
   8.5112980509410381        9.2334123002241739        29.444730064124851        1.5000000000000000                1
   5.3948294662204619        10.157222762281137        10.268737530944678        1.5000000000000000                1
   5.7283709085480021        5.2244973299391715        13.241784893639217        1.5000000000000000                1
   4.5448228731220013        6.5496434488617901        37.908852363222536        1.5000000000000000                1
   7.1076410944449870        4.7864220493973448        34.110150941714039        1.5000000000000000                1
   7.7821842823222465        6.1654653817005238        33.773258390966816        1.5000000000000000                1
   5.5715086296254883        7.0503754573791371        25.244726433621018        1.5000000000000000                1
   5.9035151231779270        9.3541248356032334        22.039142749625672        1.5000000000000000                1
   3.7706840014294003        6.3186929111158561        28.488387168276454        1.5000000000000000                1
   3.9185080470246487        9.1412936718505904        18.464010886631645        1.5000000000000000                1
   7.2665838247925487        3.6316942487144592        16.791390069075259        1.5000000000000000                1
   5.6232630729641997        8.3132528365810874        23.489063621830461        1.5000000000000000                1
   4.2101973007351301        7.6809463034830658        33.515585895353752        1.5000000000000000                1
   6.6436294568540335        5.3012931197595528        9.3698877344773965        1.5000000000000000                1
   4.9110960559153263        6.7834920498826339        9.7186326406200703        1.5000000000000000                1
   6.0302241358826079        2.5287205057307163        19.742940400092920        1.5000000000000000                1
   6.3930738617656431        8.8615536454697690        6.5350689590831941        1.5000000000000000                1
   9.2834091206788134        4.8037111344228611        4.6449381811495281        1.5000000000000000                1
   6.4942499257647937        8.6686535494732198        15.241961747220502        1.5000000000000000                1
   6.5943374463786801        4.2388776336283636        35.939421580802318        1.5000000000000000                1
   2.3765835107139175        7.0523936528342084        19.346877304870205        1.5000000000000000                1
   8.2884049092281540        2.9110802197260779        25.227953966699399        1.5000000000000000                1
   6.6507845140168005        9.3035414283782298        20.237778648425028        1.5000000000000000                1
   6.9615969992439846        9.9728688920114514       0.88793833167881120        1.5000000000000000                1
   5.3992699882658375        3.7767630859751304        17.407168339751358        1.5000000000000000                1
   7.0677882675972379        4.1010298952115010        14.695933541700725        1.5000000000000000                1
   4.0840045107849692        9.3456117085448476        6.6846437196593413        1.5000000000000000                1
   5.5736087726795747        6.9225551363373619        27.149412631370549        1.5000000000000000                1
   2.6618137249061773        5.5206578590112692        34.606379776636899        1.5000000000000000                1
   4.5238228900017994        2.7164714494905571        29.709934158571183        1.5000000000000000                1
   3.7541892122991363        5.9304350900093690        17.131499595729483        1.5000000000000000                1
   5.5329776487040006        9.7966660106742101        19.084997007825354        1.5000000000000000                1
   6.8310231635227723        9.7719346650833785        18.030535738229482        1.5000000000000000                1
   8.7166111835493822        9.1162049613027492        1.1941649812500514        1.5000000000000000                1
   4.6051649879277132        4.6475552599827683        25.343617942881870        1.5000000000000000                1
   2.3148311717562948        6.0910387891097502        39.269596133079617        1.5000000000000000                1
   3.6655612015278298        3.2574917370023551        16.883843644017986        1.5000000000000000                1
   6.4979047014424376        4.5564046724535681        7.4216788330522423        1.5000000000000000                1
   8.6762978729885791        7.4180213182891457        33.726410465926868        1.5000000000000000                1
   5.3496493972432182        3.8835242059315553        15.904389231243085        1.5000000000000000                1
   4.2933443486625036        8.5301667081941037        26.638110140546718        1.5000000000000000                1
   7.9754189693681399        8.0870714658141551        36.981320621623858        1.5000000000000000                1
   9.7242699246092528        7.8301205615635681        39.991215977485297        1.5000000000000000                1
   2.9285389100089376        4.4819118504294844        2.2104937585528854        1.5000000000000000                1
   3.9403988109353061        7.7650974501479846        8.6764686499107597        1.5000000000000000                1
   6.7907774589280185        9.9320019278772183        36.519341806591896        1.5000000000000000                1
   9.9142570486145019        6.2139447683309239        39.004776033052359        1.5000000000000000                1
   4.0052981175263644        6.5859741677115675        25.552210777846074        1.5000000000000000                1
   9.8698014789645416        4.7770373736324379        29.483599278686842        1.5000000000000000                1
   2.7390734818794278        6.4007240439901487        12.101795966768027        1.5000000000000000                1
   6.4178424184514746        8.7474652070394221        37.877488392082562        1.5000000000000000                1
   5.5374410015125797        6.2980149051958563        11.376603220210844        1.5000000000000000                1
   3.2001676885062849        8.6738780687547727        1.7751733538086603        1.5000000000000000                1
   4.1593163518619454        7.1031051607983828        35.555479263302438        1.5000000000000000                1
   3.6067514805702245        5.6523107251342406        3.1000123066053140        1.5000000000000000                1
   8.9561420310451663        3.9677233955655238        8.7270284608324076        1.5000000000000000                1
   8.5559374032586053        5.2027907640011817        10.391276098686728        1.5000000000000000                1
   6.1498442296377105        6.4227216115224861        37.889388856627846        1.5000000000000000                1
   2.4373612837710548        7.2781819911027279        23.713485887019015        1.5000000000000000                1
   4.0594250561845202        2.9710275555248447        5.4027936565951293        1.5000000000000000                1
   6.4848976608964151        4.8862382913766815        31.220985871070891        1.5000000000000000                1
   5.2566516867458501        8.3354136407313462        7.5109153004216109        1.5000000000000000                1
   8.9502338907041104        3.5001549885487950        29.586135096302932        1.5000000000000000                1
   5.4684157769008097        5.4041451446324036        6.2176623964038225        1.5000000000000000                1
   6.0489903848651707        10.034767036467086        25.997749829780496        1.5000000000000000                1
   5.1561844791869254        4.0326495807405358        1.1215008921346821        1.5000000000000000                1
   7.8677896758510357        5.3647634550543861        16.434164391133216        1.5000000000000000                1
   6.5896833372948667        6.7072820567511329        6.1359524743034886        1.5000000000000000                1
   8.0754192762062793        8.5961737599425430        19.673577124099189        1.5000000000000000                1
   5.9790209728681356        4.7901108627982927        24.674827471015895        1.5000000000000000                1
   4.0385320275345151        5.9244082560432334        27.050135603158139        1.5000000000000000                1
   6.3836824073016620        8.5982336908160413        34.904575054702363        1.5000000000000000                1
   3.4468395843934529        5.1796103108182727        4.5351442267116653        1.5000000000000000                1
   7.9772564079015833        3.2004328403876143        28.104909696589814        1.5000000000000000                1
   3.2205010894522728        4.9624620400108519        32.453275551339701        1.5000000000000000                1
   8.2163871251236511        4.7484897685909999        24.152088785306979        1.5000000000000000                1
   8.7902205815215986        9.0264060730913211        38.123278092215926        1.5000000000000000                1
   5.8591991993097308        8.5939778426474422        33.029291159656033        1.5000000000000000                1
   8.4131700772395988        3.4404854884663809        15.115885222075820        1.5000000000000000                1
   6.7829959352056939        5.8988952115666899        15.378660669165333        1.5000000000000000                1
   4.8491902420927557        7.4670911868811016        1.2678069334318081        1.5000000000000000                1
   4.9981007484099891        4.2090725430352318        4.5654900366403721        1.5000000000000000                1
   3.2421483630842949        7.7636195793845459       0.52156409027127426        1.5000000000000000                1
   3.9117960938919576        4.9448347299579902        33.801184867262975        1.5000000000000000                1
   7.3927352833688103        8.5687791044179669        28.446111658757818        1.5000000000000000                1
   7.8495910322570923        6.8444758618622261        19.175301912718659        1.5000000000000000                1
   3.8739610352190628        3.9134485982807150        6.5612280975762243        1.5000000000000000                1
   6.9706343863446572        6.8914718584319505        28.584001366990169        1.5000000000000000                1
   4.6623779278612130        4.0578091598407635        23.838335454616171        1.5000000000000000                1
   9.1871021232396650        6.3604610748554782        4.6125029700733453        1.5000000000000000                1
   9.5052342372306242        7.9665760028985213        18.824911638537003        1.5000000000000000                1
   9.0513447784312007        8.7903504234724679        34.981716695163499        1.5000000000000000                1
   2.7558052109442901        5.9632758635467766        1.6979811931860223        1.5000000000000000                1
   8.4672378852475152        7.0204443046307858        25.754908240482280        1.5000000000000000                1
   3.7800614267452999        6.5514148981961640        32.458368985801599        1.5000000000000000                1
   5.5613094216536920        8.3268040767103990        28.177343569235180        1.5000000000000000                1
   7.8216097227875441        2.6342748518843653        13.871899568991870        1.5000000000000000                1
   4.4985754317351789        7.8443849956914615        22.216219051185647        1.5000000000000000                1
   6.3081511015530598        6.4683814120459973        31.635304572809620        1.5000000000000000                1
   9.4076275224354493        8.4756975391527369        32.821585850421940        1.5000000000000000                1
   5.1217171127253005        3.2025072175007558        27.379675545936262        1.5000000000000000                1
   9.2898715992131322        5.6885285835001813        2.0420760681450942        1.5000000000000000                1
   4.1870121740247246        3.1305922940552984       0.41440508504618628        1.5000000000000000                1
   3.3352568173389496        4.3520838623201596        20.640069047204818        1.5000000000000000                1
   7.5320188496722089        6.4211606911231511        36.734699862400383        1.5000000000000000                1
   8.2267320437578491        4.1547596952970611       0.94828523152524880        1.5000000000000000                1
   6.3845707418092577        2.5728056034597477        21.758681502993156        1.5000000000000000                1
   8.3789357177372636        3.3208675759647934        36.746164130088232        1.5000000000000000                1
   9.4216469906237741        6.5653283821026154        10.585811063728567        1.5000000000000000                1
   3.9922633411450867        8.9655725276874225        3.5912361438666491        1.5000000000000000                1
   5.3068328144215844        9.7954418867596171        27.903934554948567        1.5000000000000000                1
   2.7190896545907304        7.5114001591755049        31.980703230535099        1.5000000000000000                1
   2.7147790546053381        6.6410765162667795        35.925982512493356        1.5000000000000000                1
   2.4091356529707353        6.0765512928422618        33.127970777721572        1.5000000000000000                1
   6.8394865120157684        5.0888776849674562        37.692542054067737        1.5000000000000000                1
   5.6008227031519189        7.0612837444829317        18.547128586128458        1.5000000000000000                1
   8.5899078933042770        8.8880129002645258        14.982414373808695        1.5000000000000000                1
   7.6903535472784794        3.0028664789117063        5.8206975044807061        1.5000000000000000                1
   5.2237843500245642        9.4379931177693628        17.499907831707315        1.5000000000000000                1
   6.9187900951542920        4.8008534503912133        19.317534057968022        1.5000000000000000                1
   5.1641304662376921        9.6391287754468991        38.667396685250701        1.5000000000000000                1
   4.7512997226499767        5.3705615303563832        36.914384275980197        1.5000000000000000                1
   5.6560117022045713        7.6768064745108537        10.730938468128732        1.5000000000000000                1
   7.1540268925915607        6.4324809854182252        10.297639296821078        1.5000000000000000                1
   6.6243072612213698        4.5575662973077371        4.6390304932402326        1.5000000000000000                1
   7.0829289471102674        9.4339772955444960        2.7788978539036866        1.5000000000000000                1
   2.9012756190203914        5.7849367399137375        8.6423538256257295        1.5000000000000000                1
   3.8654453035190013        4.7634450856932711        28.863584418844241        1.5000000000000000                1
   7.8305487355645971        9.7919481073997989        7.1689662012157145        1.5000000000000000                1
   4.6231639759192475        8.0354000327455832        14.300854930725240        1.5000000000000000                1
   6.9755320101653249        8.5969989122572485        25.163503231229157        1.5000000000000000                1
   7.2370571149466247        5.7348023978608929        2.4038156236156798        1.5000000000000000                1
   10.005322354383827        7.2711929723608550        9.3974412160111278        1.5000000000000000                1
   3.1776934994801271        8.7021807029379072        19.750676715511190        1.5000000000000000                1
   7.4725752277945459        8.5003177620656984        8.5313205839816035        1.5000000000000000                1
   6.5144578090297216        10.057997077089903        23.317082348767659        1.5000000000000000                1
   6.8806242125700345        6.7138900049844068        12.353098242367679        1.5000000000000000                1
   9.7821731766324422        4.7890180574415409        7.7813598426189889        1.5000000000000000                1
   4.9732727644919832        9.5982229451635561        35.423557947664854        1.5000000000000000                1
   4.6076560008032184        9.8517338390328320        2.4765981498774652        1.5000000000000000                1
   5.4715508172305132        4.1466821909383365        22.171734931102105        1.5000000000000000                1
   6.7978809841714387        10.152389820192125        34.506891986503703        1.5000000000000000                1
   7.5644831826607888        6.9995040355184681        16.713880206263017        1.5000000000000000                1
   3.3841867307943674        4.7433377285961207        30.381461317395278        1.5000000000000000                1
   5.2952359330758672        2.3895738866189586        39.235659370114647        1.5000000000000000                1
   4.7650626835182539        4.5927403846182191        2.6629769595552286        1.5000000000000000                1
   3.0831825250981972        8.4525737071714424        29.226965061129871        1.5000000000000000                1
   3.4865247252637901        3.5385455774699404        3.8527356972672222        1.5000000000000000                1
   6.3495526609784889        6.1658661839044102        21.486361072126467        1.5000000000000000                1
   3.7109791932933711        9.2721959701090029        30.625280288520003        1.5000000000000000                1
   5.2175387613383704        7.4563290799606854        15.636603755730611        1.5000000000000000                1
   4.9598112541289732        8.7911552245168370        37.308584777976925        1.5000000000000000                1
   8.5635046092815390        3.0304356302894924        23.246079533470784        1.5000000000000000                1
   3.1481765271322373        7.4056411410496725        27.503033467693992        1.5000000000000000                1
   9.8022935887889631        6.5443617827618921        12.551858493019187        1.5000000000000000                1
   7.5992625861930705        9.9830069374263140        4.4524259841693290        1.5000000000000000                1
   7.9536434900365336        9.7031309392090073        25.566533816190116        1.5000000000000000                1
   3.7992757313937329        3.2736495223715685        8.1549972719966455        1.5000000000000000                1
   8.4710744879423157        5.5302568101598721        18.524177112755677        1.5000000000000000                1
   6.0508937433172330        9.4341743607726833        12.545311363154292        1.5000000000000000                1
   3.4964127810690324        8.4278878602781298        23.174432340232347        1.5000000000000000                1
   7.7809767877151392        8.7209171856957042        23.179977025823355        1.5000000000000000                1
   7.3836580070890090        8.1876069680677226        12.426201403400512        1.5000000000000000                1
   7.1158528601502251        7.0438531987255226        26.624245796561439        1.5000000000000000                1
   7.7861697554032601        7.4145325680033505        2.4570520745554143        1.5000000000000000                1
   5.7524720506344345        7.1837412241962877        39.884200037854512        1.5000000000000000                1
   3.7986012560943578        3.5047092730682312        13.002269022313055        1.5000000000000000                1
   3.1163840974962089        8.5008581483959258        35.814838482758326        1.5000000000000000                1
   6.0608550710342497        5.8348819240500323        36.318360447091543        1.5000000000000000                1
   3.5309198822920402        8.8163254152915318        9.9421082416861601        1.5000000000000000                1
   8.9840740210318693        4.1464638679158288        35.361441675143752        1.5000000000000000                1
   7.9712631526627575        5.7359483763826979        11.829861039890607        1.5000000000000000                1
   8.2640749841645800        7.7086351311136667        38.877724915236691        1.5000000000000000                1
   8.3348810331644145        3.3143176504367027        21.249380511124784        1.5000000000000000                1
   3.6428657206352617        4.0699151024917635        18.818461704955112        1.5000000000000000                1
   7.9667156810246889        9.5234155696654028        27.185096392671234        1.5000000000000000                1
   3.7929343181679469        5.8947803735834361        21.004937038713553        1.5000000000000000                1
   5.2323146339842372        3.2206264912258877        7.0576449120014377        1.5000000000000000                1
   3.7952137796974070        4.4155601516892169        9.1495592969470376        1.5000000000000000                1
   5.0961850103357751        9.9948103655303946        30.313612745242679        1.5000000000000000                1
   5.0107595407490217        4.7391309094564971        20.823634791955268        1.5000000000000000                1
   5.7619162019107515        8.3814652713973068        30.060748816351527        1.5000000000000000                1
   2.9424066020745823        4.3946117696803055        11.340189536004525        1.5000000000000000                1
   7.4911364809563032        2.9116780239711120        19.267559236500730        1.5000000000000000                1
   8.3603681113574844        9.6191513797148627        31.163834941041205        1.5000000000000000                1
   6.5166440929578435        10.099551481475906        16.515158670640044        1.5000000000000000                1
   8.0781191090384894        9.4570096006171145        13.061531422382949        1.5000000000000000                1
   5.9410189101920068        9.2793122646028650        3.7740566297926175        1.5000000000000000                1
   4.8914129274429117        6.8317691597114028        7.1720225075957371        1.5000000000000000                1
   7.4930165718188784        5.7262435557878275        35.311527448756905        1.5000000000000000                1
   2.7107650329007513        5.8316376278840787        25.446938293010657        1.5000000000000000                1
   9.3312937344737623        6.9972472757255622        35.021942041238866        1.5000000000000000                1
   9.0719294220989415        8.1283389121549661        22.227224786352050        1.5000000000000000                1
   9.9641301145615788        5.3329617899982047        9.5800226730815137        1.5000000000000000                1
   5.5887400727599612        3.1401003677321686        37.516279860492823        1.5000000000000000                1
   3.7385464108367867        9.2947480740725847        28.142445188679229        1.5000000000000000                1
   5.2625878543056857        7.4100554261050373        36.710563519756739        1.5000000000000000                1
   5.2955183708823208        6.4471906045028007        19.973765587256789        1.5000000000000000                1
   5.4344244867122757        2.3799004694984540        5.0110037808721968        1.5000000000000000                1
   5.1027198437064145        6.1154044635594476        3.4858568233877949        1.5000000000000000                1
   6.8088148638486725        7.3140322348083364        30.348066813185806        1.5000000000000000                1
   6.7191757128275116        2.3361391927741035        38.286487380011010        1.5000000000000000                1
   4.0134240727646269        3.3647671132418320        34.373656345323610        1.5000000000000000                1
   6.7479415260373319        3.6333516143594733       0.82593485692950408        1.5000000000000000                1
   4.0798136847432387        3.1249881074096431        21.122466497623556        1.5000000000000000                1
   6.8090698473499831        8.0471409309993689        17.703443965936906        1.5000000000000000                1
   5.5407951213397935        2.5003880798685696        11.423163317677986        1.5000000000000000                1
   4.5596528810308854        2.9515395159322693        25.930586451405642        1.5000000000000000                1
   8.9921439313931568        6.7193779506009683        32.106387366907633        1.5000000000000000                1
   9.3878688812543238        8.3771932505229838        2.5894218226105714        1.5000000000000000                1
   8.0451446033373948        7.7263685615432340        6.7711996701223942        1.5000000000000000                1
   8.8026488417016342        9.2560821212489230        21.101022814951165        1.5000000000000000                1
   4.8329609611552424        9.9361872612104953        13.711567673770459        1.5000000000000000                1
   4.0479859423110227        9.5389245092593828        24.973408244790935        1.5000000000000000                1
   8.3341245602854137        9.4859945817499174        10.726156366873580        1.5000000000000000                1
   4.3457232693239165        5.2279455433765909        14.450224541383966        1.5000000000000000                1
   7.3383543165592098        5.4089677032864243        13.756824384531161        1.5000000000000000                1
   2.4301898588971471        7.1754707568584077        34.492645957743598        1.5000000000000000                1
   6.8351027207891750        3.2432270717100065        24.130758071734576        1.5000000000000000                1
   4.7246768444698697        4.6632413310389644        7.6142214639226333        1.5000000000000000                1
   7.2649476498037115        8.1362129283598534        13.939001388907535        1.5000000000000000                1
   8.8878327022557304        8.3338887952894503        28.052217396768331        1.5000000000000000                1
   9.8105226281066269        4.5276806710420736        31.921710980387363        1.5000000000000000                1
   5.9529972384751959        6.9611693998098501        34.709330261333754        1.5000000000000000                1
   5.2164898627603371        9.9483104542095191        32.788544653756141        1.5000000000000000                1
   8.0021664362981380        5.8994365920131973        6.9123959288863750        1.5000000000000000                1
   3.1898209002903717        5.2708945965752756        7.1594350687008355        1.5000000000000000                1
   2.8220418696853322        7.1439761587391013        30.426715454483400        1.5000000000000000                1
   8.6688179002282304        7.0471158912065315        29.538215163320046        1.5000000000000000                1
   2.3204610552106724        5.6691771469871552        5.9207790347492493        1.5000000000000000                1
   8.1707361774009577        5.1540373770182724        38.916515523315852        1.5000000000000000                1
   10.093164976594757        5.6255038985368389        34.891726487255973        1.5000000000000000                1
   4.3337289751301542        8.7912699032024975       0.70128811053733786        1.5000000000000000                1
   6.7655556566471891        2.3776689958547110        28.869748586707363        1.5000000000000000                1
   5.4908297136215740        6.9688127429283284        32.897377192551602        1.5000000000000000                1
   5.3357422846946214        4.6876241692888296        27.182294406165415        1.5000000000000000                1
   8.1677741987013928        3.6717065663919142        39.409161871125399        1.5000000000000000                1
   9.5289416729718166        4.4965254923974092        22.623543340190714        1.5000000000000000                1
   4.0960239374438956        6.1290059924919751        6.0175052502336248        1.5000000000000000                1
   8.7179671280963671        5.1342783601326678        20.768955099932327        1.5000000000000000                1
   5.1178160081374200        4.6222849222600155        11.675161095826885        1.5000000000000000                1
   7.2247882303126429        2.5085083876869656        39.806982173018717        1.5000000000000000                1
   3.1281271601665579        3.9477897590474660        24.660871262486548        1.5000000000000000                1
   7.6335980023334447        5.5572671141705703        22.560590033734027        1.5000000000000000                1
   2.5677272401375331        5.6050215205164946        10.279658594061615        1.5000000000000000                1
   9.0147135911467977        6.8493141079427087       0.98450841897674235        1.5000000000000000                1
   4.3096240030008772        9.5113145961505445        11.182099157047258        1.5000000000000000                1
   9.4812108121580412        8.2649221370926771        25.930304722430467        1.5000000000000000                1
   6.0587751095938680        8.0398533880469198        21.133760786400593        1.5000000000000000                1
   7.4742835271558166        9.8354572763451955        39.392396485960148        1.5000000000000000                1
   7.5809099228689867        7.9396725811626094        21.185442821700413        1.5000000000000000                1
   7.0978588038943453        2.7440363111362096        8.9995890401458976        1.5000000000000000                1
   5.7205927368215326        2.9641679923956792        14.517182632695310        1.5000000000000000                1
   6.8847906592128894        4.7152590920294539        20.884136620622272        1.5000000000000000                1
   2.9052053050467235        6.6076665056163000        22.452080589181424        1.5000000000000000                1
   3.7278595939704764        3.2550601804269927        31.005980985802566        1.5000000000000000                1
   4.5022903474758635        3.7389711763504749        32.500166888946367        1.5000000000000000                1
   6.1944710506755287        3.1676646540991178        31.074051100249719        1.5000000000000000                1
   9.7668621569256526        4.7178185804014872        6.0745886978975516        1.5000000000000000                1
   9.7878796567645132        4.9968924838650155        14.061413319520261        1.5000000000000000                1
   4.0358044409757836        5.6853256626907562        12.431312104940968        1.5000000000000000                1
   5.7778527548941954        8.3828440264556630        26.412699710456572        1.5000000000000000                1
   7.0610223511371712        6.5133468285044200        8.4443883982685701        1.5000000000000000                1
   8.7748896048456260        8.6528337123326899        4.0598284160784655        1.5000000000000000                1
   2.3439896260565813        5.5894259601903276        23.797373213665121        1.5000000000000000                1
   5.4675474647610658        6.1883869896951849        16.627462651484016        1.5000000000000000                1
   8.9598612307703309        4.4567175841585405        33.775852415409425        1.5000000000000000                1
   6.2399726061733931        9.4203937832582785        31.455846609780430        1.5000000000000000                1
   2.6935285823623989        7.4507150713403654        7.0935907839112682        1.5000000000000000                1
   6.5466562282938758        3.8982510157834338        2.3234713382061933        1.5000000000000000                1
   4.6568080311539646        3.0352323287165701        36.125906624026648        1.5000000000000000                1
   5.3877811516875420        7.8551697605440989        3.8579727526552450        1.5000000000000000                1
   8.0118499066085302        3.9114337718263501        7.3157043145438081        1.5000000000000000                1
   6.1221059767401993        6.8470249478328205        14.229079069357454        1.5000000000000000                1
   3.8334807561099478        5.9614427993980748        23.541267897951144        1.5000000000000000                1
   2.8113631025334223        8.1667653794717090        5.6620900318448433        1.5000000000000000                1
   7.4885823248401167        3.2308835481478395        4.3378194325890922        1.5000000000000000                1
   4.8956314990090117        6.3288882226846797        29.602798090954849        1.5000000000000000                1
   5.0616161990762016        2.4951161805362854        33.324038405212811        1.5000000000000000                1
   7.5436519100461723        7.9824036511297685        10.478441822232773        1.5000000000000000                1
   7.1511589265115854        2.3873065944629852        34.677766529505107        1.5000000000000000                1
   4.0745120597693543        7.4290448909771243        18.252000482937273        1.5000000000000000                1
   4.5633501263659415        7.7870500469258168        29.235656897665265        1.5000000000000000                1
   2.3818087123511673        5.2408186693917331        28.880190188948745        1.5000000000000000                1
   8.7577453909651464        3.1772095883730409        17.396509588608001        1.5000000000000000                1
   7.2642478641125203        8.4069531342049135       0.67922202351973038        1.5000000000000000                1
   9.5136984377971778        4.2760184807451349        25.171652276987864        1.5000000000000000                1
   3.1204540895385833        5.6498344543305645        38.079008090706353        1.5000000000000000                1
   7.2005452754418151        4.4696857106536250        11.345234571338731        1.5000000000000000                1
   7.8304883973604884        4.3505740937410247        3.0195357593433649        1.5000000000000000                1
   6.0700619351895337        3.8546435627886457        5.9735577342664081        1.5000000000000000                1
   7.3291602975058536        6.6082472223858044       0.17962936407733787        1.5000000000000000                1
   7.9188576704036455        9.0124866094642222        5.8021752699256890        1.5000000000000000                1
   3.0649435665290690        4.8405245610849699        6.6839287294371275E-003   1.5000000000000000                1
   3.6723528648715984        4.4890297100483201        22.329390419626264        1.5000000000000000                1
   6.8391996521400582        5.1813679213456645        27.556502317589704        1.5000000000000000                1
   9.0009708458168660        5.8140353328420691        35.984884394926965        1.5000000000000000                1
   8.2303060303114783        2.8278192110298912        1.7390879688795702        1.5000000000000000                1
   5.4029279332717088        9.9800433705707920        20.737041321516038        1.5000000000000000                1
   7.4410202232422273        5.3445050336802087        29.432695341292810        1.5000000000000000                1
   5.4291828339680199        8.6681373704766447        5.1794391307806498        1.5000000000000000                1
   7.6289558443345857        3.7955241681772725        30.972155200182705        1.5000000000000000                1
   6.6335090016847476        7.0727778211398702        1.5374204000991398        1.5000000000000000                1
   5.6920042976209135        4.6313971630650350        34.660648674549890        1.5000000000000000                1
   6.8926559642325520        3.5899344307400445        12.835914652611077        1.5000000000000000                1
   7.7266945630641679        7.3158649688488921        35.469475596651534        1.5000000000000000                1
   9.6258171823504206        8.3911939184692290        7.6406756195343926        1.5000000000000000                1
   10.107949942622898        6.6208423174022952        14.765499987893362        1.5000000000000000                1
   7.1755801422319614        6.7275019295670049        24.444987115904482        1.5000000000000000                1
   4.2983194739875490        7.3974732836284929        11.767540927372027        1.5000000000000000                1
   3.4454131235517047        7.3850544262578834        3.1612060818890750        1.5000000000000000                1
   9.6717724667547511        8.2998039582185719        37.121724943737291        1.5000000000000000                1
   10.172377174892455        5.6850529748267178        18.948526475663922        1.5000000000000000                1
   8.9716499318594032        8.8470589828729764        8.9218692431501605        1.5000000000000000                1
   8.4501739348071556        4.5476051646655771        13.081700827772201        1.5000000000000000                1
   4.7925291423767371        9.9701599570484785        8.9058484600521624        1.5000000000000000                1
   8.6912075917042166        9.2786055898849344        17.565446710002895        1.5000000000000000                1
   9.4041523750998319        5.5277278967839889        26.545738605738595        1.5000000000000000                1
   7.4480034848790142        9.9420395531043209        21.479209401536998        1.5000000000000000                1
   9.6078782135368765        7.5558871827764680        20.301025809151991        1.5000000000000000                1
   6.4683604758505950        10.182536195915572        28.771319042882631        1.5000000000000000                1
   5.2309410345768725        4.8691038087612215        29.696187118092116        1.5000000000000000                1
   9.0233819259135633        7.4672148486090251        16.918719527436373        1.5000000000000000                1
   9.0078630144068157        7.6396349438857323        13.634346812857487        1.5000000000000000                1
   8.1892655246343438        2.9570173872170851        10.981833263013433        1.5000000000000000                1
   5.8506314196211404        5.6546120594289384        23.373429963208341        1.5000000000000000                1
   3.3218976416708412        4.3990699625902732        27.477269543805399        1.5000000000000000                1
   5.9900882955910788        5.1625170590064728        33.042782161830011        1.5000000000000000                1
   6.5898917482170720        3.4707125032286132        10.374703317750647        1.5000000000000000                1
   8.3139279241398683        6.6085420361000775        14.493516609092088        1.5000000000000000                1
   4.5736412835208062        5.6675555163812286        31.013934785434412        1.5000000000000000                1
   4.3611693273367882        6.0137529850634657        1.1130292308497338        1.5000000000000000                1
   6.7246874265607737        2.8524437968676457        7.0137823258536907        1.5000000000000000                1
   3.3498560371663135        3.8423865097931058        14.609412192513577        1.5000000000000000                1
   8.4647517524815381        6.6040724422798176        21.607310726411878        1.5000000000000000                1
   10.156752756784085        6.5792001558978228        21.310313221241795        1.5000000000000000                1
   9.4321969402366879        5.0487139970902568        11.944541395343515        1.5000000000000000                1
   9.4332606900203437        4.0804007729420766        3.0249918447332242        1.5000000000000000                1
   4.4886564845443075        3.4516160471116453        10.242142882636879        1.5000000000000000                1
   5.6695265603893485        2.4921159434360267        12.921520777451811        1.5000000000000000                1
   7.1003934869499048        6.9259200319778511        22.914069284652065        1.5000000000000000                1
   5.8233177755490386        3.8926048044299164        25.905231359065009        1.5000000000000000                1
   9.8646744261165278        6.6170562473261123        37.511526456207513        1.5000000000000000                1
   9.9528479656140174        7.0183935726119149        27.518203297308656        1.5000000000000000                1
   8.8316418365000153        4.9555540916200940        37.387142822840545        1.5000000000000000                1
   2.7688718099011798        7.3579911229993593        17.234150954352405        1.5000000000000000                1
   4.0748400887889460        8.9344121461082651        32.573024960315422        1.5000000000000000                1
   6.9273743887461192        3.9706183002356248        28.907205378015938        1.5000000000000000                1
   7.3132534450878097        2.4745194955589658        32.548843818077913        1.5000000000000000                1
   7.4866191677923650        4.0166139735938797        22.740771027778550        1.5000000000000000                1
   9.1491679039398193        3.9896745073330271        19.754335766786777        1.5000000000000000                1
   4.1377518988711088        8.0049832681713973        24.581200680849900        1.5000000000000000                1
   8.7811569079376977        7.6326033558171504        11.798627351264241        1.5000000000000000                1
   2.7724379123670655        7.5546314143346596        9.6058877362721518        1.5000000000000000                1
   2.3751080905184292        6.9093624651507426        4.3940945503918272        1.5000000000000000                1
   5.2248006528352953        10.042470109014413        15.671188969528007        1.5000000000000000                1
   10.178932895192474        5.7458587276367075        3.5068609113345888        1.5000000000000000                1
   7.9182544515814817        4.5217061356355899        5.5496875966704868        1.5000000000000000                1
   3.0333980864521308        6.3776665140355746        14.016557087149632        1.5000000000000000                1
   5.8886100050719907        2.3646238748751589        17.031624391524652        1.5000000000000000                1
   6.2671919405239382        5.5418338088602601       0.84044808184185793        1.5000000000000000                1
   7.7636651264428096        4.8894358998656147        8.4607604832660854        1.5000000000000000                1
   7.9405151664820268        5.2933797233684601        26.245826661320596        1.5000000000000000                1
   7.9061422182010954        6.9670404889042681        4.0769379280659761        1.5000000000000000                1
   5.4941744023567143        6.0514520323238017        8.3802428919187797        1.5000000000000000                1
   7.4197910887827261        9.5171932827645378        32.550764867706846        1.5000000000000000                1
   5.1644418013045819        8.3740167851481608        31.470901029632248        1.5000000000000000                1
   6.6498464283672201        5.2460883757879824        17.665090753744678        1.5000000000000000                1
   9.4891038975897910        7.7947820435341955        5.9988618034201355        1.5000000000000000                1
   4.8525455896871366        2.8072867953584719        2.6835774982257345        1.5000000000000000                1
