     1000000
           1
  0.10000000149011612     
   5.5065295074537906        7.9532438966334116        6.0244584678076203        2.0000000000000000                1
   4.0661303658148924        7.5195064519143919        35.140431568383889        2.0000000000000000                1
   7.6481745155464171        4.2751950129707081        1.6222078609101525        2.0000000000000000                1
   5.5335645051828459        3.0721687667937649        5.8833340148857056        2.0000000000000000                1
   3.1737463873617711        4.9188591104542674        37.178804050226240        2.0000000000000000                1
   4.5110323484418098        3.2688879916403386        31.065086819830242        2.0000000000000000                1
   5.6874037341832713        7.6030389841344190       0.85122526609737748        2.0000000000000000                1
   3.5604808856045569        7.0752423623800791        37.244168042320290        2.0000000000000000                1
   5.8971661440169223        5.8137010597163350        28.021335294244203        2.0000000000000000                1
   5.6524764437179114        7.9842312682444820        8.0559534728272642        2.0000000000000000                1
   5.1262906380795394        7.9447146943648814        12.155163720874729        2.0000000000000000                1
   6.3041777053081978        3.5266905425316519        39.583442174752811        2.0000000000000000                1
   3.7770345477771894        3.7258716685983457        12.111763967627518        2.0000000000000000                1
   3.4586855516978119        4.4120396852260475        20.501330200249491        2.0000000000000000                1
   3.3172463761838178        6.5148875512389939        20.616922270888612        2.0000000000000000                1
   5.2450583248358038        4.9431077140236299        36.281944872871925        2.0000000000000000                1
   3.0048996951360705        5.6439839236008673        16.318802357076017        2.0000000000000000                1
   4.0793386902564297        7.4602301150893302        12.100919052858922        2.0000000000000000                1
   7.9926264288860152        5.5068826577771874        38.468970747401535        2.0000000000000000                1
   6.1569175943847583        3.2178274699317959        35.582733126843110        2.0000000000000000                1
   4.9458692446563068        5.9090170772131456        36.151871717750254        2.0000000000000000                1
   5.7143369041625354        3.1678090629712639        26.801080524095717        2.0000000000000000                1
   3.6339249689364110        3.9727626411639987        5.8871327081326097        2.0000000000000000                1
   3.3143975056834356        6.6612928167614402        35.191745092277444        2.0000000000000000                1
   6.7142725155594212        3.3398355528114494        11.920145044992568        2.0000000000000000                1
   3.0346219747961953        5.6491416060911126        35.075246127488498        2.0000000000000000                1
   7.6177549428238640        6.1722519958101056        31.024662771646870        2.0000000000000000                1
   3.3008484373871587        4.9070955036610009        22.983937823548494        2.0000000000000000                1
   7.8132194392743193        5.0347408711827217        31.183421119782544        2.0000000000000000                1
   7.2851028123906012        7.2230256247871685        12.086596039064172        2.0000000000000000                1
   4.2650201859243788        3.4758281811736298        24.812374607833554        2.0000000000000000                1
   4.8266909913464167        5.4128755093484067        6.8246341460685844        2.0000000000000000                1
   4.1326293955704934        7.5291945448858284        2.1120312287894900        2.0000000000000000                1
   7.3333249371704570        3.8944200248131455        7.9396476383796308        2.0000000000000000                1
   5.9960828437571836        5.8484473850142180        36.029060543626919        2.0000000000000000                1
   7.5752323347034727        5.0258030359463746        18.190621100799955        2.0000000000000000                1
   5.0754249295745462        7.9538539079297870        16.443120645395080        2.0000000000000000                1
   3.1521756485433681        4.7808039265115898        14.325212707714252        2.0000000000000000                1
   7.4863404702949383        6.8692564769163065        8.8445753713932485E-002   2.0000000000000000                1
   7.8122849958653360        6.1460264399542028       0.91102129286421918        2.0000000000000000                1
   5.8681166935497950        5.7724504345588459        34.021431189415857        2.0000000000000000                1
   3.0747194028290097        5.6250959317182767        3.6388920334437840        2.0000000000000000                1
   4.7048144221407195        7.8610186002710574        33.094159807510742        2.0000000000000000                1
   5.3005929808147680        7.7023504113566883        26.790958404856191        2.0000000000000000                1
   3.0673982862018159        5.8827000174136677        31.078804894683518        2.0000000000000000                1
   4.6877604506733457        3.2622599434763631        14.117313183653936        2.0000000000000000                1
   7.1821659357319518        7.3321086011382004        16.461938394632586        2.0000000000000000                1
   7.6807762070764145        6.4824728668398111        16.187273040972219        2.0000000000000000                1
   4.9749755026881939        7.8444506440176873        20.653999127090504        2.0000000000000000                1
   5.6187924688620292        3.0254214132376012        37.575539114220916        2.0000000000000000                1
   4.4808162445253821        7.4907892849229789        22.569729633810535        2.0000000000000000                1
   4.9697313247701560        3.1462913998799591        16.357366820680497        2.0000000000000000                1
   5.2084273608373568        3.2440346166398681        39.520841105390495        2.0000000000000000                1
   5.1053642760631845        5.4398092973161996        2.6263830098275771        2.0000000000000000                1
   5.1855892659126370        3.0786026992442554        24.850531245702506        2.0000000000000000                1
   6.2019883142031826        7.8814960322663428        12.437853165693925        2.0000000000000000                1
   5.1813861909047585        5.9881670574073658        15.333105790636989        2.0000000000000000                1
   7.5898391064036606        4.1297895425711468        12.173909191322185        2.0000000000000000                1
   7.2197241151070477        7.0001802533336104        26.668397085796762        2.0000000000000000                1
   6.4725188385716255        7.7507465152400687        5.8092756129137557        2.0000000000000000                1
   6.0187092601221890        3.1005784811443888        33.080023939848665        2.0000000000000000                1
   3.6650422486501251        3.8416403125714114        26.983224519733543        2.0000000000000000                1
   6.9357392309898218        7.4027339047688283        10.045613781491264        2.0000000000000000                1
   3.9372439460917374        7.2900902035208013        39.557490710384492        2.0000000000000000                1
   5.7051980398596394        7.9778087020558184        29.033773449546359        2.0000000000000000                1
   4.8484322400300011        7.9071231301211045        10.120184739581493        2.0000000000000000                1
   5.7048582098150984        6.1401392801352523        21.592994535540303        2.0000000000000000                1
   5.9776596175827406        3.0618703263475080        3.8833226682200994        2.0000000000000000                1
   4.9441550943262031        3.3475040103956157        10.034302752178595        2.0000000000000000                1
   4.9128173646629056        5.4555727800174099        21.788396413563202        2.0000000000000000                1
   6.0986917738131883        7.9234946942593556        20.565422775489125        2.0000000000000000                1
   5.1074806861478761        7.8198031239550847        3.8890491275323766        2.0000000000000000                1
   7.7753564316319128        5.1130234660053686        5.5334747556521497        2.0000000000000000                1
   5.8441621770121195        5.9650740798273159        13.150957361085817        2.0000000000000000                1
   7.7133941752477346        6.3420697525444769        14.148180149882425        2.0000000000000000                1
   7.9420324519424286        5.4227204477431084        3.3394476995942366        2.0000000000000000                1
   5.7458003891898182        3.2518798684457280        22.785925180268929        2.0000000000000000                1
   3.0001189493458114        5.5243078528963991        9.9335160178658892        2.0000000000000000                1
   4.9220044925804647        3.3630177741486338        3.6310884978229168        2.0000000000000000                1
   3.0938528906413412        4.8580864125992829        5.6449097867325229        2.0000000000000000                1
   7.3950020049439011        7.0018746348692531        18.464668006307598        2.0000000000000000                1
   7.4748646344437653        4.0410913811346720        31.266645691979647        2.0000000000000000                1
   7.8915513887772235        4.9088411955704423        39.292966863301501        2.0000000000000000                1
   7.7414826225038684        6.3477636369167039        35.174844926647239        2.0000000000000000                1
   5.5675115241280917        6.1713610098090879        6.9640251885701732        2.0000000000000000                1
   5.8316368941580174        7.9513674599733619        24.849724646571129        2.0000000000000000                1
   5.6016167726386525        6.1944130010480469        23.743809810538387        2.0000000000000000                1
   5.9763778302690183        5.9641261186211318        19.483025189230517        2.0000000000000000                1
   7.6605213080293906        6.6061827579378187        20.572984527876841        2.0000000000000000                1
   3.4391617903611782        4.2171470222460261        24.927761685485674        2.0000000000000000                1
   5.9762863934465562        3.0924342414845802        16.347927984848415        2.0000000000000000                1
   6.6880044547768991        7.6903356110737064        33.920732834819219        2.0000000000000000                1
   3.0667592490618136        5.7689657396476282        22.516057684311729        2.0000000000000000                1
   3.1788080037215001        4.8044838747935561        1.4256642446562013        2.0000000000000000                1
   7.4722247072140107        4.1087474088914542        27.048780288711860        2.0000000000000000                1
   3.6733555274880576        6.8587236642589451        5.9841139716314169        2.0000000000000000                1
   7.9340910985644468        5.8408806310138717        7.4657792873138673        2.0000000000000000                1
   5.8641208000348968        4.9940858466947091        4.5270880701035860        2.0000000000000000                1
   4.0485617405941330        3.5531419943996139        20.522433133530704        2.0000000000000000                1
   6.3078587462445972        7.8289757892871297        38.721835013556429        2.0000000000000000                1
   6.3999867931465504        7.7508586193714581        1.6830008827862193        2.0000000000000000                1
   6.8737675115830719        3.5033500618727684        13.998105983031282        2.0000000000000000                1
   3.1770585418903705        6.1501544520791231        37.154993247975654        2.0000000000000000                1
   5.7669656901393127        3.0245535550203275        14.266467090106609        2.0000000000000000                1
   3.0664474230390071        5.7240621147052257        12.012540768835221        2.0000000000000000                1
   3.0261005432008092        5.8068549518207950        26.904867515316464        2.0000000000000000                1
   6.1591047297206423        7.8907720672959574        3.8261716355288806        2.0000000000000000                1
   7.9721048288633503        5.5584032271772532        9.8665904359392140        2.0000000000000000                1
   4.6869671668559105        7.8453553089486201        24.727847303840594        2.0000000000000000                1
   5.5040524609367045        6.1208881665748534        8.9968041961801273        2.0000000000000000                1
   5.8617209324043626        4.9724888172776023        13.015929289061281        2.0000000000000000                1
   3.6201110247580832        6.8021405638015038        1.5741404993984931        2.0000000000000000                1
   7.7329977439107154        4.4281857889023044        10.085066177508741        2.0000000000000000                1
   4.8549305119087141        7.7586007643714749       0.13936452724005272        2.0000000000000000                1
   5.0577477682685998        5.1185040815364067       0.60529292023867087        2.0000000000000000                1
   5.8163623787932099        4.9653858602233418        6.7792525115807996        2.0000000000000000                1
   3.4433151014170846        6.6575280838403295        16.276327286399038        2.0000000000000000                1
   6.3847068140901087        7.6751272331955223        26.783808277283139        2.0000000000000000                1
   3.4180655534095039        6.8331282882433708        14.282888110243338        2.0000000000000000                1
   5.7333492104717827        3.0805521293859153        11.974314532680422        2.0000000000000000                1
   4.8977797458323762        3.1301120806475087        35.186728872266421        2.0000000000000000                1
   6.1267193280783037        3.3062106336064958        20.467203543396696        2.0000000000000000                1
   7.7472949582865445        4.5165983329125101        20.434400380841925        2.0000000000000000                1
   5.0264244313071309        5.1374812583064946        11.139510987741357        2.0000000000000000                1
   7.6711490612331543        6.3018017415077763        11.932576811105598        2.0000000000000000                1
   4.1118626225818842        7.4801205389999526        4.1144990555140923        2.0000000000000000                1
   3.7055600532803710        3.7627675822815299        14.200498686643472        2.0000000000000000                1
   3.7391462194107654        7.1567278201150657        7.9725700921243279        2.0000000000000000                1
   5.9533041776499980        5.1311426360247063        21.329808224159244        2.0000000000000000                1
   3.5899471529934392        3.9629022042187123        18.508015508995669        2.0000000000000000                1
   7.9621713686909894        5.1897092750707605        1.3374868790325063        2.0000000000000000                1
   5.5948827057899839        6.1096448227279128        32.007859972147109        2.0000000000000000                1
   5.1894286027154983        3.1209522707551529        28.974162529123937        2.0000000000000000                1
   6.1033723998554832        5.2179020551153137        30.101608987567378        2.0000000000000000                1
   5.9778818875772730        3.3262334185240010        9.9041244948559708        2.0000000000000000                1
   5.6446288865913452        3.1091348910831833        31.046611116883312        2.0000000000000000                1
   7.0228245694050768        3.5862478760720222        34.829607142003816        2.0000000000000000                1
   6.4991442699208939        3.2158988520935470        18.300426867744324        2.0000000000000000                1
   6.3217238584118167        7.7886823595224151        14.516587510858720        2.0000000000000000                1
   6.1297385711839523        5.1460159805374195        23.629143696880089        2.0000000000000000                1
   3.7787833491071954        3.7132770221270444        16.414367951388954        2.0000000000000000                1
   4.2177614395619738        7.1468490371610036        20.572734578702146        2.0000000000000000                1
   3.4496442044115496        6.6791019864247039        12.035759088769138        2.0000000000000000                1
   3.1857907707238664        6.3962786576371826        33.022769355828196        2.0000000000000000                1
   3.4172729549246523        6.8359806146113273        31.032017585890696        2.0000000000000000                1
   4.7325495394480281        7.5289923357287138        29.092594502470682        2.0000000000000000                1
   6.5589437695323278        3.2422752580896717        7.9525190204793175        2.0000000000000000                1
   7.7908413202250069        6.0825215801646051        18.558504657296506        2.0000000000000000                1
   7.8819771376568779        5.0798803428558674        22.655636896257196        2.0000000000000000                1
   5.7475390186252442        6.0470608769037444        4.8554462378990282        2.0000000000000000                1
   5.0389346083802193        4.8723194088425092        15.275694970377074        2.0000000000000000                1
   3.2002227660354596        4.5996402057396359        16.352601477500713        2.0000000000000000                1
   7.4933430877165232        4.1337366141371614        5.9101342898280009        2.0000000000000000                1
   6.3460410385428405        3.1791553231681209        24.900014725508012        2.0000000000000000                1
   5.6398067173600959        3.1840946767849045        1.5552690662741646        2.0000000000000000                1
   3.4101928010420197        4.2778454306048150        29.146496937550296        2.0000000000000000                1
   7.2856859597622421        3.8665365731097747        39.690009507403730        2.0000000000000000                1
   4.5350599698590912        3.2032450431265165        37.299703880141607        2.0000000000000000                1
   7.8596971171221037        5.1457720407973948        11.994472744541801        2.0000000000000000                1
   5.5185597142129632        3.0410321051039810        7.9637959758787709        2.0000000000000000                1
   7.8584489946322789        5.7877184035064850        24.672586672120865        2.0000000000000000                1
   4.5971430631378007        3.3219826237434424        5.6339543946223554        2.0000000000000000                1
   6.6415901562899959        7.5839404751117412        8.0695466400521134        2.0000000000000000                1
   5.8687516442561964        4.9410792571812276        19.231565771373454        2.0000000000000000                1
   3.8952221583038615        3.7680187922399049        3.7373309034416811        2.0000000000000000                1
   3.2214129934564677        4.6875788792544064        12.073142386411442        2.0000000000000000                1
   4.7247631940672656        3.1384456572816624        12.113206123357187        2.0000000000000000                1
   5.0089278146643839        5.3828561941310999        23.920068362384178        2.0000000000000000                1
   3.2549656631605703        6.3098137399722374        24.535913676606519        2.0000000000000000                1
   5.5878738443831910        4.8558574062459892        28.001830144988929        2.0000000000000000                1
   4.0328207368621625        7.5184640212257969        16.397015608552906        2.0000000000000000                1
   6.9572655297945323        3.7119592489099076        9.8994451769642957        2.0000000000000000                1
   7.4067985731368617        7.0832975529299373        5.5903832281810057        2.0000000000000000                1
   5.4311015990081586        3.0162229864538146        18.446900629180046        2.0000000000000000                1
   7.9027301826053549        4.8432908319018475        7.8965109819817139        2.0000000000000000                1
   5.2982973647863219        4.9318433063119151        34.193641966889118        2.0000000000000000                1
   3.7024660480305958        3.9168930152187507        37.332149551614776        2.0000000000000000                1
   6.6094870315705636        3.2892600027573931        37.588138716958234        2.0000000000000000                1
   7.9458116689379477        5.9497388016084010        33.066286583152419        2.0000000000000000                1
   6.0899774654463386        5.2397192618356616        11.001183326423757        2.0000000000000000                1
   3.2341337854936083        6.4824978545667129        39.352196907887908        2.0000000000000000                1
   4.4409402482361333        7.6009156827942723        6.0967750959726112        2.0000000000000000                1
   4.0757670905610199        7.2821193612675250        10.006163900984976        2.0000000000000000                1
   3.5611967219091314        7.0125514020573645        18.637480892039527        2.0000000000000000                1
   3.0315335016186515        5.2074488317306225        28.994920869797006        2.0000000000000000                1
   4.3302930536266242        7.3810075575021798        26.956830912621346        2.0000000000000000                1
   5.4594447163012649        7.9332944979187729        22.644174713357380        2.0000000000000000                1
   5.2822585584055828        7.8836704073017403        31.027682001520926        2.0000000000000000                1
   6.8132525868243450        7.5890266938164537        36.603003003785162        2.0000000000000000                1
   6.6641996555820606        3.4972984777135565        22.469832824322165        2.0000000000000000                1
   4.0517574223468698        3.5244267509863261        33.125128189386480        2.0000000000000000                1
   5.4063631654423396        6.0320831401846986        17.432586474646204        2.0000000000000000                1
   3.1238126729832132        4.7961005894195878        31.058480778554667        2.0000000000000000                1
   6.0621780611764819        7.9046051270308313        35.971791899653155        2.0000000000000000                1
   3.0682613060811605        5.7902259883572826        14.204632967971378        2.0000000000000000                1
   6.4211795583610032        7.7662277613633304        18.577788967365020        2.0000000000000000                1
   5.5764604624117435        5.8936376563298891        25.823681301813487        2.0000000000000000                1
   7.9752182876860020        5.5001978115841137        35.760448116898544        2.0000000000000000                1
   5.9507619818674984        5.0325460399646085        32.164840761629769        2.0000000000000000                1
   3.1083297287532408        4.9080182424551948        18.348389190098455        2.0000000000000000                1
   7.6529570557438191        4.3348937422903209        3.6521259535640236        2.0000000000000000                1
   3.0669915697520271        5.1486141166744366        7.9059609023676192        2.0000000000000000                1
   7.5793410290451373        6.8796256624684267        28.775711405243882        2.0000000000000000                1
   6.6956641029944493        3.4128872894799067        26.974990057235985        2.0000000000000000                1
   4.8191726753129602        5.2209183482819279        17.357000679080013        2.0000000000000000                1
   3.9630657105186939        3.5753283362253203        35.136566771684350        2.0000000000000000                1
   7.6244458213892310        6.7061364484850543        9.6501709103142002        2.0000000000000000                1
   4.9290541865395259        5.3237393010080751        19.392706621127921        2.0000000000000000                1
   6.3287139406738966        7.7455259308692979        31.050056563209424        2.0000000000000000                1
   7.0508982488363428        7.4544453774370893        39.376283569107123        2.0000000000000000                1
   7.9841723704129626        5.6241751605177397        20.560651240952744        2.0000000000000000                1
   4.8747755209914772        5.6884564459496856        27.943095440413934        2.0000000000000000                1
   6.9335133852241562        3.5765545961648009        16.204044624883554        2.0000000000000000                1
   3.2549969301937400        6.5825435542964525        3.8943925603893867        2.0000000000000000                1
   3.4610896709959924        4.5243064986447816        35.173802176305756        2.0000000000000000                1
   7.1538637674238474        3.6514070822089675        20.367401230422562        2.0000000000000000                1
   5.9446345235385536        5.7759057752768390        38.246337848375916        2.0000000000000000                1
   7.3476833860916697        7.1045247761177039        31.525666143701145        2.0000000000000000                1
   3.1709654516653107        5.3826128430404641        20.429008980214618        2.0000000000000000                1
   7.7664483998531590        6.1675434832858445        5.3063632209162552        2.0000000000000000                1
   4.9919499950283583        5.0297846089198277        25.958694843214683        2.0000000000000000                1
   4.4684236460700495        3.3674409375459966        18.467705423024761        2.0000000000000000                1
   7.3977068091325213        3.9619114399146396        37.049092684294770        2.0000000000000000                1
   7.7528635803989863        4.7265730011714675        36.398671153524354        2.0000000000000000                1
   7.8634073576644781        5.0747110477083623        26.958124493704680        2.0000000000000000                1
   3.5346834978309842        7.0395004983373788        22.679292508155271        2.0000000000000000                1
   4.6116561326425343        3.2411611812327354        26.939861112856921        2.0000000000000000                1
   7.7189396313510557        5.8405771468554288        29.048206216114245        2.0000000000000000                1
   4.8525244839520445        5.2977047584915917        4.6134153800499753        2.0000000000000000                1
   6.6189992414868097        3.3995583678295818        31.082600628840432        2.0000000000000000                1
   7.7548792371166479        4.4401637910104723        16.239243812097367        2.0000000000000000                1
   3.2583290506424141        4.4557902871539392        10.044778548643009        2.0000000000000000                1
   4.6674605421045650        7.8174311575869337        37.406137153172324        2.0000000000000000                1
   6.9723471613750370        3.4858924861001985        3.6422441718203435        2.0000000000000000                1
   3.0704714362626797        5.8375199970727190        1.5101644681309283        2.0000000000000000                1
   3.0067505502957217        5.3668808897233093        24.931267268593484        2.0000000000000000                1
   7.8133705075213706        5.2888586875521320        14.023482564291760        2.0000000000000000                1
   6.3807186047172797        3.1620216614341889        29.000520732940753        2.0000000000000000                1
   7.5432934485162795        4.2288803785220601        14.255170594803339        2.0000000000000000                1
   7.9777734082056027        5.4801390345582695        16.045568440814975        2.0000000000000000                1
   4.1805756186542027        3.5262874552880890        39.454985100293300        2.0000000000000000                1
   3.3053264723375295        4.3060447467585616        33.163470762953757        2.0000000000000000                1
   7.5556986941498989        4.1232082550832301        22.570735201012603        2.0000000000000000                1
   7.7281411563048641        6.4870471831991514        3.2758152873478346        2.0000000000000000                1
   4.6130625817124375        3.2276316159941216        1.4350738597499766        2.0000000000000000                1
   6.1009044335042448        5.8030657859648613        2.2744269315576497        2.0000000000000000                1
   7.3543314555206019        3.8411758326161958        24.945487454414550        2.0000000000000000                1
   7.3129027870349450        7.1883513027189663        34.571091712329661        2.0000000000000000                1
   3.1210626891814952        4.7467618724978742        26.872771718982829        2.0000000000000000                1
   5.1346265290288891        7.9033821684273757        14.177106803689217        2.0000000000000000                1
   6.9830804344326580        7.4444163041328126        20.523721781164632        2.0000000000000000                1
   4.8597382876622941        5.8302288261799076        34.145248078612255        2.0000000000000000                1
   3.9710982985546859        3.6056724235961783        10.021723177700176        2.0000000000000000                1
   5.4127675145530256        7.7687654595357687        18.425523778950161        2.0000000000000000                1
   5.0441030333651389        5.5176471851154876        30.174144988235934        2.0000000000000000                1
   6.6831266018297395        3.4128103209352392        1.5477537687000575        2.0000000000000000                1
   3.7353489131808582        7.1228334201219390        28.935596926388666        2.0000000000000000                1
   7.2179494458763775        7.3145446550500708        14.416579167932383        2.0000000000000000                1
   3.1467159060629166        6.2747802504209531        28.897058622111008        2.0000000000000000                1
   3.7120712087789376        3.8591199212007430        22.886020013665341        2.0000000000000000                1
   5.0701131052178656        5.2067884158666953        8.8012561277180996        2.0000000000000000                1
   6.6322877666068907        3.3875350652630627        5.7520574169193486        2.0000000000000000                1
   4.4789403223608026        3.5845519708612374        7.7426203109485376        2.0000000000000000                1
   4.6304461667276504        7.8155568555417609        8.0996505269590546        2.0000000000000000                1
   7.5297634962300668        4.2411395565637910        34.227367958950211        2.0000000000000000                1
   3.0543129057994189        5.3786219239965556        39.407537184101784        2.0000000000000000                1
   4.9432490118580157        5.5560813926151118        38.495493135410761        2.0000000000000000                1
   5.9614600951056724        5.4134808196777966       0.25383875284431268        2.0000000000000000                1
   5.9582298957833197        7.9538187284657527        10.263725536813322        2.0000000000000000                1
   3.6460544836931210        4.1249006366703913        7.8824122550076074        2.0000000000000000                1
   4.4171192775260595        7.6782630195569030        18.491211630918382        2.0000000000000000                1
   7.8425524931595545        6.0694925353114586        26.823559531523745        2.0000000000000000                1
   5.4213983990993029        7.7748327043555561        38.109326109687231        2.0000000000000000                1
   7.1470881435050604        7.2429993894957345        3.5830965588679899        2.0000000000000000                1
   7.2396191577015365        3.8492980573837650        29.186962775364442        2.0000000000000000                1
   7.3564380616230940        3.8873335509969693        18.310328355277818        2.0000000000000000                1
   4.1185452892893952        7.5780945293904765        14.185581506436026        2.0000000000000000                1
   5.9907119388171131        5.3775089012764417        15.181090746956967        2.0000000000000000                1
   7.4917057907289006        6.8505897827633255        24.611950987708152        2.0000000000000000                1
   5.1179054622821081        3.0386890989595301        20.670140865129660        2.0000000000000000                1
   3.7614782409415959        3.9194949986170151        1.7067470070758959        2.0000000000000000                1
   6.4987749632931369        7.7509679810303380        22.568209151447043        2.0000000000000000                1
   7.8309459013853653        4.7208812915116534        24.655314233176728        2.0000000000000000                1
   7.3667758564113637        7.1473785956660301        22.558214096456091        2.0000000000000000                1
   6.8113207190592453        7.5952864540134053        24.694359149829175        2.0000000000000000                1
   5.8563411381450514        7.9463830577136783        33.107313819956516        2.0000000000000000                1
   3.2714022819196749        6.6262260054179807        9.9875017133461821        2.0000000000000000                1
   3.0686690554527583        5.3566728137675765        33.086334274472698        2.0000000000000000                1
   7.8011132524373137        6.1367556394715477        22.536467447731393        2.0000000000000000                1
   3.3686289898392534        4.3758222521096402        39.357245457232814        2.0000000000000000                1
   7.3916393544344503        7.0365069344013200        37.203393742626581        2.0000000000000000                1
   3.4665586473987697        6.8456223919635644        26.836762240336519        2.0000000000000000                1
   7.8739838404532252        6.2751980565542889        37.831312721490967        2.0000000000000000                1
   5.5841672924509034        6.1829332708186993        11.135831841312731        2.0000000000000000                1
   4.9519456551296592        5.2547131160805467        32.164199924311013        2.0000000000000000                1
   7.7877835822046784        4.5965197561906015        33.231790961692298        2.0000000000000000                1
   3.8380192428756668        7.2376045980119361        33.045734160993653        2.0000000000000000                1
   7.3925532204374660        7.0002457797180906        7.6184895425893657        2.0000000000000000                1
   6.0741614108198965        7.8948464763780128        16.541429824302213        2.0000000000000000                1
   6.7338650912540707        7.6067783874901309        29.095154146609950        2.0000000000000000                1
   4.9793833116613921        3.0852493419239169        33.128363813491404        2.0000000000000000                1
   4.1926305091492067        3.5072807497454241        28.956973927110749        2.0000000000000000                1
   4.5644853987617147        3.3464329506124808        22.778489905216869        2.0000000000000000                1
   6.0702006324813578        5.2695647344935699        8.9353055890156039        2.0000000000000000                1
   3.6781301621673950        3.8546266509845308        31.094666923433369        2.0000000000000000                1
   5.8304324223385757        5.0462819860572505        17.195978290477562        2.0000000000000000                1
   3.0637794671696335        6.0301694779844803        6.0960962866950581        2.0000000000000000                1
   3.2240466201763049        6.0085076154173915        18.494718307303842        2.0000000000000000                1
   4.8424153998515544        5.4684627994469261        13.200551371798177        2.0000000000000000                1
   7.8630005004696910        4.6941940065710561        29.115365538059340        2.0000000000000000                1
   3.1762717771256237        4.5890915803229326        3.5322460590914333        2.0000000000000000                1
   4.3017659392749703        7.6658278937625086        31.107599367795032        2.0000000000000000                1
   5.0097671797949586        7.8408024241092553        35.418511387128518        2.0000000000000000                1
   3.8007443593551553        7.2917719589287833        24.893483814727823        2.0000000000000000                1
