     1000000
           1
  0.10000000149011612     
   6.2504089412695230        6.2688004315205204        4.4888992300268553        3.5000000000000000                1
   6.4621363844408588        5.2781269594649460        16.604243573845242        3.5000000000000000                1
   5.4531095367455640        5.9817334670951636        36.134848646827059        3.5000000000000000                1
   7.1341388030920019        6.6373417620409123        6.2646244072071955        3.5000000000000000                1
   5.3417998786238972        5.9181909983738699        28.909983393111759        3.5000000000000000                1
   7.1851769935120382        6.5305423560128144        5.2329803883445960        3.5000000000000000                1
   6.5411842501243491        5.3032538934910294        21.256679985528081        3.5000000000000000                1
   6.3488778412943079        7.1850053275129540        5.1281229694916588        3.5000000000000000                1
   6.2134635110709562        6.0498347550737241        27.112438541564366        3.5000000000000000                1
   7.1809453141011153        6.1559516573982052        38.131747832097126        3.5000000000000000                1
   6.3180454151106966        7.2401376041455521        10.062267532336991        3.5000000000000000                1
   6.4021959621678697        5.3804268733090357        19.099977085802742        3.5000000000000000                1
   6.2517055127350023        6.2533901863706065        6.7023183818806036        3.5000000000000000                1
   5.9429400457667416        5.3500154101275923        32.396341085464385        3.5000000000000000                1
   7.2394939118275907        6.1062196991254272        19.325433018763899        3.5000000000000000                1
   6.2883607382378690        5.2531151732862451       0.86039017191954970        3.5000000000000000                1
   7.2422810180682387        6.1316722439516740        14.246023050548626        3.5000000000000000                1
   6.2743314094041782        6.2330455207937900        11.281652557849355        3.5000000000000000                1
   6.1912044835252722        7.1944419634029240        25.644352276006057        3.5000000000000000                1
   6.0871318094366558        7.1771849755721142        28.018874143829937        3.5000000000000000                1
   7.2313023092633877        6.1886938640550593        17.888066289096848        3.5000000000000000                1
   7.2103174123582665        6.2022555234869694        16.791110331329751        3.5000000000000000                1
   6.2607648262578781        7.1919184870306028        6.2391169315891357        3.5000000000000000                1
   5.2556882646025258        6.2112727350472738        35.097340861257528        3.5000000000000000                1
   7.2301723987137025        6.2431416060985754        39.201886600683402        3.5000000000000000                1
   6.2515187072857143        6.2480506739193737        13.919644308679949        3.5000000000000000                1
   5.9700747380727410        5.3178198622746544        23.638108525743608        3.5000000000000000                1
   6.4556327046071385        6.2471923856716813        18.599122299752239        3.5000000000000000                1
   5.2608239740768736        6.1732461402862873        29.941183756209604        3.5000000000000000                1
   6.3009478554829803        5.2658879350778935        38.354058853141701        3.5000000000000000                1
   5.2938112797834522        6.1490271864347239        26.200547912073169        3.5000000000000000                1
   5.8682903688664831        5.3336057776646593        31.282549723711835        3.5000000000000000                1
   7.1973983218900131        6.5380691885931661        4.1985234660213102        3.5000000000000000                1
   7.1717172781337100        6.0384216567178175        9.7148136813015444        3.5000000000000000                1
   5.4083838778470739        6.1128423127859586        22.402236784086107        3.5000000000000000                1
   6.3345089009592304        7.1731339815610777        7.5334607210631921        3.5000000000000000                1
   6.3086822013633705        5.9503119421485469        12.342394810773770        3.5000000000000000                1
   7.2158299538831843        5.9914850773229960        11.807105581638133        3.5000000000000000                1
   6.2503831688659082        6.8737929883447002        2.6268750842726054        3.5000000000000000                1
   6.3930693068055646        7.2311464123652476       0.38464428964130826        3.5000000000000000                1
   6.3425105841538665        5.2855952932084067        9.4329467014731989        3.5000000000000000                1
   6.1994664182405419        5.2996618518038909        27.774311407386694        3.5000000000000000                1
   5.9346674662886860        5.3024282220988335        29.908727309908443        3.5000000000000000                1
   5.2639865760519200        6.1585268202945631        24.480829524832789        3.5000000000000000                1
   6.6593454934807657        5.4106121865593018        39.384248190703453        3.5000000000000000                1
   6.3134338908716350        5.2664585481772024        13.096247593092150        3.5000000000000000                1
   7.1764652489103620        5.9728946230367903        13.234621193784680        3.5000000000000000                1
   5.3399558695431670        5.9378916671237016        27.784272762567710        3.5000000000000000                1
   6.2918029681377128        6.3317517062303876        5.6679943421406147        3.5000000000000000                1
   7.1332014613345898        5.8732754200810922        20.310078458701962        3.5000000000000000                1
   7.2155579080292709        6.3482108889387314        7.2195074655117430        3.5000000000000000                1
   7.2148737979326718        6.0055079086435255       0.72889623420334182        3.5000000000000000                1
   6.3443585711304813        7.2287670941149251        3.9027905923424351        3.5000000000000000                1
   6.5444943644935094        5.3254647413207366        14.205232756764104        3.5000000000000000                1
   6.1506183055676509        5.2956906530379255        24.821050209792851        3.5000000000000000                1
   6.2839876882026600        5.6375602838537633        1.8431617189447755        3.5000000000000000                1
   7.1201286682571858        5.7635672719082631        37.046224910828890        3.5000000000000000                1
   5.3554397033114158        6.3423583835726633        6.1445546759937715        3.5000000000000000                1
   7.2171373725893195        6.2450756509648357        15.733711904764050        3.5000000000000000                1
   7.2190564169532472        6.0532017866450127        21.415507513473191        3.5000000000000000                1
   6.1349446427287688        5.2590077453942286        35.894901423500642        3.5000000000000000                1
   5.4205873539340441        6.5885220938630171        5.1514879159532345        3.5000000000000000                1
   6.2849732038932506        5.2539529687850752        17.738382803210271        3.5000000000000000                1
   6.2614414146026025        6.0245090687574994        15.956650111438185        3.5000000000000000                1
   6.3303344005557562        7.1137908686960554        1.5273052008239827        3.5000000000000000                1
   5.7562806950512080        7.0744360316365880        24.461097698331351        3.5000000000000000                1
   7.1604278144801388        5.8657310446431259        10.703345401847807        3.5000000000000000                1
   6.3131894893574696        6.2407357907870304        10.257824018486650        3.5000000000000000                1
   6.0509625296597216        5.2765240420459536        37.115427835750118        3.5000000000000000                1
   6.2896829709584363        7.2258950754202891        8.6580189873303457        3.5000000000000000                1
   6.2520693827377114        6.1425469477569248        20.705017368824986        3.5000000000000000                1
   6.2561212052563659        5.3044518436091614        20.139987018678521        3.5000000000000000                1
   6.4614549088003264        6.2456674214996530        14.970307357305748        3.5000000000000000                1
   6.2364760727176085        6.2476021412750899        34.705046922481898        3.5000000000000000                1
   6.3056619092715227        5.2644173926241660        10.533292092742137        3.5000000000000000                1
   6.4195947145723169        5.2645156961112702        15.235384352352938        3.5000000000000000                1
   5.3915393715382427        6.1279977411029991        23.475788391019865        3.5000000000000000                1
   6.2437003052227276        6.1373495075046947        24.246523320613651        3.5000000000000000                1
   7.0023121518594476        6.3260364600086394        1.6974903299139958        3.5000000000000000                1
   6.2781799571279198        5.2717608110027738        11.585730090282558        3.5000000000000000                1
   6.2704683497380422        6.2470802535068213        17.615131909329303        3.5000000000000000                1
   6.2395481108475561        6.2418108156910570        33.304298982055755        3.5000000000000000                1
   6.2417060018018962        5.2669667220363774        33.527216459392569        3.5000000000000000                1
   5.2905334951691003        6.2080269024323851        32.429183113517944        3.5000000000000000                1
   6.2445619528418153        6.2348773362933461        29.691839850797731        3.5000000000000000                1
   7.2003632762691820        6.3980748670204051        2.7578460608178257        3.5000000000000000                1
   5.2806676089051603        6.0254411985805802        33.554781757913680        3.5000000000000000                1
   6.2422995783224868        6.1593152036070373        31.720466683663084        3.5000000000000000                1
   5.2517223813044103        6.2236296539759968        31.325677493566559        3.5000000000000000                1
   6.2433413289859701        5.3457181168383379        22.651153117511267        3.5000000000000000                1
   6.0641620498866580        6.2332427472370471        30.677436546104246        3.5000000000000000                1
   5.2580624843454933        6.1832915023702553        37.123456590259160        3.5000000000000000                1
   5.8471369297312252        5.3348903703598474        34.843192791968534        3.5000000000000000                1
   6.0908860075329851        5.4259521139389282        26.280306500183730        3.5000000000000000                1
   6.2735480838668112        6.2059833091940959        19.654239095858763        3.5000000000000000                1
   6.2580073086595336        6.2373771164985810       0.51231515655998749        3.5000000000000000                1
   5.9939966015401005        6.2145835895193402        25.242214173462465        3.5000000000000000                1
   6.2308173499613346        5.2805060526477572        28.867952542438072        3.5000000000000000                1
   6.2361718821847640        6.2487187806763975        36.921557481570076        3.5000000000000000                1
   6.2296747560203336        6.2078737956099133        28.220313013844056        3.5000000000000000                1
