     1000000
           1
  0.10000000149011612     
   6.8708954817423882        6.3145734979639325        1.4939798266421818        2.0000000000000000                1
   3.3123533807506624        6.0315004573105817        17.111571807173284        2.0000000000000000                1
   4.7897884773406227        6.4483555061683031        36.085919884201935        2.0000000000000000                1
   9.8919962089197995        6.6253187404593330        26.447668417337788        2.0000000000000000                1
   3.2826467884003003        7.8074401504271815        1.8922828338542008        2.0000000000000000                1
   8.5191035402942514        7.9241874752592194        5.3613716681285677        2.0000000000000000                1
   8.6937262994598576        3.8958943945232276        33.088666241007104        2.0000000000000000                1
   9.8711764942634090        5.6377275647069176        20.054267683053840        2.0000000000000000                1
   9.3523939322887486        4.4826913988235288       0.99167295459001503        2.0000000000000000                1
   3.1916391442774517        7.6324495301373325        30.631468137392265        2.0000000000000000                1
   9.3098830779258943        4.4159248530356479        13.883938378489061        2.0000000000000000                1
   3.2268273402465129        6.8943838528130765        17.679054376082583        2.0000000000000000                1
   8.4289165877394989        3.6084297734516309        13.810233877480997        2.0000000000000000                1
   9.5075930062591141        4.7482792584009497        22.353444988877641        2.0000000000000000                1
   7.4697548250987396        7.9395511348909267        28.985020999408935        2.0000000000000000                1
   4.1289648545272488        9.0050554405310610        6.4143657308315731        2.0000000000000000                1
   9.9894818482601107        6.6166705847396701        28.810671788457913        2.0000000000000000                1
   3.5783164164624788        8.3120386426617028        20.385439793564892        2.0000000000000000                1
   9.3721281237293717        4.6682025220673511        26.233755297605953        2.0000000000000000                1
   4.7692069386862563        6.7427173554107034        33.952747268001211        2.0000000000000000                1
   6.5716148706397872        3.0589698559051484        29.188418913440962        2.0000000000000000                1
   6.7514347712319198        8.0418082413363035        33.064265325301967        2.0000000000000000                1
   7.9818447688799221        5.5332041249599380        19.146162346162633        2.0000000000000000                1
   8.4800270732704242        7.6971578544949280        1.4022745681178617        2.0000000000000000                1
   6.9268602305356870        4.9636607741087051        39.075762458858534        2.0000000000000000                1
   3.1493426205150574        5.5428083218650253        32.944294305293617        2.0000000000000000                1
   7.8946767953603754        3.4371144617296934        22.587058889009835        2.0000000000000000                1
   9.7554363625411362        5.7697472535616168        22.194705723248639        2.0000000000000000                1
   7.8556118496854577        9.7218934511233890        13.540874281642074        2.0000000000000000                1
   7.7392236789811122        7.0005395205172833        31.558116195170424        2.0000000000000000                1
   5.6497368622265496        8.1566635710473818        37.181230606781469        2.0000000000000000                1
   4.3018746667624272        9.1925759956205031        34.152887608537576        2.0000000000000000                1
   4.1658590219591227        4.0105815810093723        35.540510202200743        2.0000000000000000                1
   9.9276208642489063        6.3679664386898391        13.624573848657308        2.0000000000000000                1
   7.6788003047383118        5.3834074718307461        12.873063462509304        2.0000000000000000                1
   7.5612408411240644        5.5602103670434104        14.896057199439536        2.0000000000000000                1
   5.8757562093856555        9.9337422792478112        35.976948975189330        2.0000000000000000                1
   8.0475617350274238        6.4739193368986498        12.907534084284727        2.0000000000000000                1
   6.8209720818325712        4.9055665881130661        19.293753684498871        2.0000000000000000                1
   4.8788994556012533        6.6575009073572566        38.381540626095934        2.0000000000000000                1
   6.1192016009847450        4.9696813410696858        23.972288174482408        2.0000000000000000                1
   9.9459035375838223        6.7667276100870630        30.885595486816623        2.0000000000000000                1
   7.7997063943893918        3.2635202497062719        26.986302555371651        2.0000000000000000                1
   9.9588777127480803        6.0308141522412555        2.2000914375419822        2.0000000000000000                1
   6.6208930310323471        8.0545644373352676        9.9209593435701642        2.0000000000000000                1
   8.3776572557869304        9.4327651672824953        16.370249693766024        2.0000000000000000                1
   6.8708321016929901        8.0918674473589487        15.987630612115352        2.0000000000000000                1
   7.2183454790776214        6.4332814267639895        8.5502467700747022        2.0000000000000000                1
   6.2632002985699673        8.1607970283417597        39.338954365793825        2.0000000000000000                1
   9.4528579703778899        5.2119571458520451        7.9625395671473447        2.0000000000000000                1
   6.0200480457565728        4.5502220563973124        34.924541485534483        2.0000000000000000                1
   5.5229164204530523        6.6908083228777580        2.9619441715466714        2.0000000000000000                1
   7.8793597080473852        6.3031228396692542        33.700389535676976        2.0000000000000000                1
   9.3112107392979890        8.4278676347543371        25.632864163199010        2.0000000000000000                1
   7.4312595481865173        7.4560785779049157        3.3627902124334517        2.0000000000000000                1
   9.5705428788959939        4.8811870978250598        3.8739615606600690        2.0000000000000000                1
   3.0508966847720638        6.3179311502050428        11.962642347473357        2.0000000000000000                1
   3.2867394627325472        6.8876778518728674        1.4408412733296727        2.0000000000000000                1
   4.0634480886462825        6.8618988566080104        14.379102603914060        2.0000000000000000                1
   6.7596500809394016        8.1634180319265610        18.262361276811141        2.0000000000000000                1
   5.7066405767550279        3.1696719347494096        39.255648368095912        2.0000000000000000                1
   8.7052114804804273        3.8375403673753667        5.4675621824355236        2.0000000000000000                1
   7.7887870807041173        6.7562433724907054        39.603400000738908        2.0000000000000000                1
   7.7441883165681480        3.3693515547142328        20.308317080617009        2.0000000000000000                1
   7.6050696954396475        9.6771739957141811        4.4813646185573406        2.0000000000000000                1
   5.1884307552386453        9.6825445722540024        19.510027768186895        2.0000000000000000                1
   6.9865590495594496        9.9340265287259566        27.788847194369460        2.0000000000000000                1
   7.4443910351577767        9.8285904077942465        34.085447814995561        2.0000000000000000                1
   4.9861059094147961        7.2696306520200951        8.8644683579164507        2.0000000000000000                1
   9.2346972952435866        4.4308266820668294        17.993848615245106        2.0000000000000000                1
   3.4188509578637856        8.0976166244874292        28.470166082005207        2.0000000000000000                1
   8.1111645026900359        6.8607477634347998        14.902467304898323        2.0000000000000000                1
   6.8289953667125811        3.1700593746185062        22.593304617712015        2.0000000000000000                1
   4.2135172916017636        9.0618144710969801        23.254582057364786        2.0000000000000000                1
   7.4105280213774085        3.2149078520060730        18.305026953204116        2.0000000000000000                1
   9.1450650286746651        8.7501123148710178        23.249129668055893        2.0000000000000000                1
   7.7047034347272749        7.6432051121424713        37.770029053041590        2.0000000000000000                1
   4.0625006153305518        8.8432707525049246        21.189483228227257        2.0000000000000000                1
   9.6027944860275127        7.8955150809892132        9.5404693483446028        2.0000000000000000                1
   8.7702367040764386        3.8399348943694611        15.805330670717723        2.0000000000000000                1
   5.7191211354515339        9.7767259525750436        3.6290156231683310        2.0000000000000000                1
   7.7560401308313143        9.7292455934203996        25.764571857847017        2.0000000000000000                1
   7.7115709021689591        7.4815870163075084        12.819307210179341        2.0000000000000000                1
   3.5330569271821264        8.1824759878950974        15.885672822890223        2.0000000000000000                1
   4.6449759830077619        4.9252254510567592        29.181619184554730        2.0000000000000000                1
   6.7811602916984279        4.7052665526109196        32.771879117884289        2.0000000000000000                1
   5.9820826105811573        3.0452409062648114        31.823773842018806        2.0000000000000000                1
   3.3727957770460870        5.0011107799804213        5.6123093668241077        2.0000000000000000                1
   3.1170002159033596        6.8879286406609994        9.9497667033397068        2.0000000000000000                1
   5.8592212694965644        9.8655614912076146        13.467178176937736        2.0000000000000000                1
   3.3597424243616687        7.8637157252618684        10.017190215671670        2.0000000000000000                1
   6.1064882935009601        9.9239174494554590        15.460306307424213        2.0000000000000000                1
   3.6014850126964992        8.2265670395969934        6.0544479324082916        2.0000000000000000                1
   6.6962875263743395        8.1685140700307262        35.084161632207390        2.0000000000000000                1
   6.7760298426693852        4.8618895716791242        13.082299572696929        2.0000000000000000                1
   5.4079799838126927        7.8931074902339713        5.2265036671659963        2.0000000000000000                1
   5.5841221098771205        3.2068564698916675        12.290320154964419        2.0000000000000000                1
   7.7936731650882178        7.5715265678064032        24.415686968647087        2.0000000000000000                1
   4.2375868231190008        9.0922197649518921        15.511813141136564        2.0000000000000000                1
   7.0154429834053884        3.0413504167590606        33.955153370738969        2.0000000000000000                1
   9.7970076132761736        5.3578919468848500        11.559478685870880        2.0000000000000000                1
   6.9316017063810875        3.0474330360733393        31.435718152921577        2.0000000000000000                1
   9.3293807897055245        7.6792069357059791        33.857965691469381        2.0000000000000000                1
   7.6896451435207691        9.7870758351543561        29.863268959682301        2.0000000000000000                1
   8.0134883088073057        6.8545137576288973        10.730057469499515        2.0000000000000000                1
   6.2740906181129192        9.9579845648419489        31.956875852539813        2.0000000000000000                1
   5.2906729456328083        3.2346248353165570        18.601703387331995        2.0000000000000000                1
   5.5672869937366505        3.1447873447012595        29.268063486300818        2.0000000000000000                1
   3.0836491878963823        5.8079383174771335        9.9953949411284562        2.0000000000000000                1
   3.1824852617989063        7.4274376174536449        24.017423874008273        2.0000000000000000                1
   4.0562106832058049        4.3253449027276893        20.592086578094086        2.0000000000000000                1
   5.6770154421330865        8.0908982019259970        35.178111632076288        2.0000000000000000                1
   9.6569330183049686        7.7806948608215416        20.455784439730504        2.0000000000000000                1
   6.1549999081905078        9.8888730470596720        23.422602108093479        2.0000000000000000                1
   3.0606772969664124        5.8986607295994355        15.938388846383653        2.0000000000000000                1
   3.4819580895644178        4.7301382807444137        35.916469223774747        2.0000000000000000                1
   7.1992674016103386        7.7108438934852135        10.676807325873648        2.0000000000000000                1
   5.0991719899982302        3.6207827304344460        3.6504794576881094        2.0000000000000000                1
   7.7961696999141337        5.6508576055744948        17.062137193139090        2.0000000000000000                1
   4.3563076427403553        3.7419542795638843        18.527499138284700        2.0000000000000000                1
   4.7707904632431068        3.5412384651638589        39.558133837614385        2.0000000000000000                1
   5.2515200480061193        5.6891699620353053       0.15991387050045724        2.0000000000000000                1
   9.8464438040635471        7.3980686491186622        11.477133750040121        2.0000000000000000                1
   3.6512023786623105        4.5799819388776077        1.1512976222441513        2.0000000000000000                1
   8.9075354091202854        9.0399902624539568        18.607020809882009        2.0000000000000000                1
   5.9534772445124160        9.9099710618647343        10.259234318033315        2.0000000000000000                1
   9.8981728834278275        6.3723651927719258        18.056483511320032        2.0000000000000000                1
   5.5712274001573965        5.1213470249183910        15.395459332978715        2.0000000000000000                1
   4.9324674736608101        3.5400067097219270        20.955854073931359        2.0000000000000000                1
   7.2997108314591168        3.1815426671464619        37.925931800480839        2.0000000000000000                1
   7.9845647418903836        6.7029835636860478        35.688290538923262        2.0000000000000000                1
   9.4136409237233476        4.6925906332571223        37.569525110508870        2.0000000000000000                1
   7.8626438956319999        9.6504343874955101        24.757896614786585        2.0000000000000000                1
   9.5089453250115827        7.5544449892051784        26.342713309473382        2.0000000000000000                1
   5.4188174586738693        5.3106999354391249        9.1554292720891990        2.0000000000000000                1
   8.1767076696771568        9.4961131928370364        19.162875091323095        2.0000000000000000                1
   4.8347178076916908        6.3397624171214533        20.899442306538596        2.0000000000000000                1
   3.8376072179692007        8.7639183620692922        18.309757666256310        2.0000000000000000                1
   3.7485610205048747        4.5435117460976135        18.588599867514848        2.0000000000000000                1
   7.2613757521198519        5.1058533927469609        23.900613624062995        2.0000000000000000                1
   9.8768111139256902        7.3536456244887338        35.809972787571205        2.0000000000000000                1
   6.7456319244526419        8.0898939368689238        37.091191684292070        2.0000000000000000                1
   3.9995026907103566        8.9032213645586697        4.1860371618035010        2.0000000000000000                1
   5.2452275755314313        9.7165098640663849        31.502528587643006        2.0000000000000000                1
   6.2517477298595692        8.1697153020037252        7.1451867588132556        2.0000000000000000                1
   6.9839970036851398        5.1740437047925720        26.089506090109673        2.0000000000000000                1
   9.8675638591111863        6.6852546686118295        20.036594424094911        2.0000000000000000                1
   7.8867596702968026        9.6427296228295525        21.953243601285795        2.0000000000000000                1
   5.5680940746578740        9.8477507522620691        38.318506418830871        2.0000000000000000                1
   9.3158739812963898        8.4872004775684537        29.566854484634575        2.0000000000000000                1
   3.7881979315715331        8.5960969202091242        33.526291882620690        2.0000000000000000                1
   5.7596283138454796        3.0997677391200114        5.8870010626098059        2.0000000000000000                1
   7.9960611384847189        9.4810471414360684        27.745062427495018        2.0000000000000000                1
   8.8109560599210095        5.9748203483419466        2.3718540343158252        2.0000000000000000                1
   5.7873657957554450        9.9047811153147993        25.451213136357364        2.0000000000000000                1
   3.0260416936209333        6.2472066758158213        19.737669992335132        2.0000000000000000                1
   5.5757821714918201        8.1414486973911160        24.488333853124718        2.0000000000000000                1
