     1000000
           0
  0.10000000149011612     
   10.813234493088435        5.9467008027911614        33.918165326373682        3.5000000000000000                1
   8.9302719593446085        9.6013430329463922        2.2815205839226267        3.5000000000000000                1
   9.3791239703249882        12.190319142355584        10.044609744828831        3.5000000000000000                1
   5.9720205947918208        10.877031723740624        10.922001010608476        3.5000000000000000                1
   5.3314555098302598        8.0167219713005657        18.432433920090716        3.5000000000000000                1
   5.5060128560537844        7.4529640984304821        7.6923702934646139        3.5000000000000000                1
   10.158289627036305        11.951101967186068        26.635896580523536        3.5000000000000000                1
   12.222036879134652        8.4887542884402230        9.5186232230621499        3.5000000000000000                1
   11.726428620557424        10.591208134294597        21.646031207089038        3.5000000000000000                1
   9.6212711708142198        12.114988342994328        16.087212121557926        3.5000000000000000                1
   8.7581351840143089        8.7547557310649164        28.217966487949784        3.5000000000000000                1
   5.3961771044981282        9.7374951347279541        22.431823472016433        3.5000000000000000                1
   12.162995614748754        9.4137413218229096        39.907310586125988        3.5000000000000000                1
   8.5857558786435568        12.237205648428080        9.3917838151168080        3.5000000000000000                1
   9.8124095717049595        12.082220920450217        38.792736727011238        3.5000000000000000                1
   6.5038711535640701        11.426214828533142        30.586083916135205        3.5000000000000000                1
   5.8111002039466788        6.8533089413184500        27.029081953024608        3.5000000000000000                1
   7.4509019943085670        11.988402435914340        12.982260518283224        3.5000000000000000                1
   9.1579918135392617        5.2789357510203763        5.0572204033248189        3.5000000000000000                1
   9.9270651830010852        5.4546771778237737       0.43469432528975493        3.5000000000000000                1
   11.906853731804404        10.252826662244054        36.293099467811167        3.5000000000000000                1
   5.5954191716661672        7.2618894728370567        34.000831613367680        3.5000000000000000                1
   9.3240004906761946        12.143333804432064        23.995775408469399        3.5000000000000000                1
   8.4189185987644244        12.233229069645196        25.522999480593239        3.5000000000000000                1
   8.4703581983682454        5.2971729462165484        13.645910728725655        3.5000000000000000                1
   9.4705002391942354        5.4172418673629048        16.210835104800132        3.5000000000000000                1
   11.285075898155718        6.3874382230638824        23.229954827988891        3.5000000000000000                1
   5.2792564742585508        8.7993671864236074        25.929831552994628        3.5000000000000000                1
   12.216434714420277        8.3480284922606245        33.336678575841596        3.5000000000000000                1
   5.4073256751281926        9.7817325471195513        20.451119525678887        3.5000000000000000                1
   7.2385127157413427        11.905369417365836        34.139132478910739        3.5000000000000000                1
   7.6638455734672197        5.4296976904711718        17.160502107796564        3.5000000000000000                1
   9.0034133535452074        5.2613910393695065        1.9593934922106746        3.5000000000000000                1
   6.7228963790621732        5.9353145550517805        15.916046070685674        3.5000000000000000                1
   5.2909616346664610        9.2695912447895736        8.8513349269532799        3.5000000000000000                1
   10.164179391284899        5.5980900783408076        9.5280201406216030        3.5000000000000000                1
   6.1681811384349210        6.3983635280431805        18.322212213569010        3.5000000000000000                1
   6.7993262491887245        5.8495082921390020        28.042746581237836        3.5000000000000000                1
   6.5606801801649315        11.466946082263057        28.525071001508348        3.5000000000000000                1
   11.182349354209851        11.252193514992097        19.160819389234309        3.5000000000000000                1
   12.014525541074079        7.4947581653351865        35.878662664034955        3.5000000000000000                1
   8.6097850649336163        7.8549447142282975        33.941746962866176        3.5000000000000000                1
   5.3669314051591277        7.8598451660277853        25.417253676514981        3.5000000000000000                1
   7.0539467238498084        5.7033611154276667        22.771798261458219        3.5000000000000000                1
   5.4652455591943045        9.9478531468000551        31.483896147678397        3.5000000000000000                1
   6.8885406441298072        5.7867996352637014        29.074312053106482        3.5000000000000000                1
   5.7907682337368005        10.616437015589975        19.965456553211261        3.5000000000000000                1
   11.906957795824731        10.145786488667508        32.293776618576707        3.5000000000000000                1
   5.4876918328589817        9.9644239677804691        14.374500896825468        3.5000000000000000                1
   5.6736728726871339        7.0879806664662661        19.862519025784156        3.5000000000000000                1
   9.2913403375145673        12.180089923387388        26.099953766408898        3.5000000000000000                1
   6.6304503013924734        5.9985697388568138        8.5969862143862450        3.5000000000000000                1
   12.025747574338459        9.9759124637151739        26.215800886265164        3.5000000000000000                1
   7.7580346502570006        12.065808175692446        4.8477789166031364        3.5000000000000000                1
   7.1033695762759503        11.834666880273474        38.184616499525639        3.5000000000000000                1
   5.8334802873988849        10.673905826001402        33.140125483968731        3.5000000000000000                1
   11.382956358329992        6.4741074513655290        26.376505647488379        3.5000000000000000                1
   7.5807439988181926        12.037001055537338        6.9065022817628812        3.5000000000000000                1
   11.642747863549312        10.720271600536790        23.643459527527632        3.5000000000000000                1
   8.4384346099226537        9.6517720821965547        22.477416712892097        3.5000000000000000                1
   7.3753843863618656        11.967914144179749        28.005762742839142        3.5000000000000000                1
   5.3638160137020767        9.6339773226876098       0.58291388540197753        3.5000000000000000                1
   5.6905139672813787        7.0679742002593269        32.164324454858409        3.5000000000000000                1
   7.3679027024424091        5.5438509682437944        7.1318521662413596        3.5000000000000000                1
   8.8457554706772932        5.2712739758947480        39.929253832416030        3.5000000000000000                1
   5.9491264909246926        10.848755507233438        27.866677885867063        3.5000000000000000                1
   8.9454703951117054        12.225223783747499        39.288234500178689        3.5000000000000000                1
   8.3465367006941076        12.221510112078100        26.555777613891628        3.5000000000000000                1
   6.1753041188595725        6.3885616610029237        31.569590088268647        3.5000000000000000                1
   5.3078023248966497        8.1257060829779988        30.429841611859622        3.5000000000000000                1
   11.044307172950855        11.381372832426624        14.579270741700968        3.5000000000000000                1
   6.9151098484365532        5.7848966759968210        19.837914723089661        3.5000000000000000                1
   12.060641558851891        7.7413724134676718        15.056055169427426        3.5000000000000000                1
   6.6797931295098500        11.539398090843235        11.399154034673311        3.5000000000000000                1
   12.222034837571039        8.4977112537657256       0.39013324869424776        3.5000000000000000                1
   6.7721314127442271        11.636244488797125        24.452357111072640        3.5000000000000000                1
   6.0933623114769215        10.889316881950363        8.8395124046365385        3.5000000000000000                1
   8.3769849588022485        5.2911912502570120        9.6454229157728353        3.5000000000000000                1
   6.5825389260294180        6.0077262351240792        7.5929126907301105        3.5000000000000000                1
   9.5189302567362901        8.1636982078630869        37.860892946732697        3.5000000000000000                1
   10.087607248060998        11.959673244540669        27.740250805134799        3.5000000000000000                1
   8.2124389464389900        5.2991755307442281        6.5492207512450751        3.5000000000000000                1
   10.705159555882245        11.644948218662931        37.299207060372403        3.5000000000000000                1
   8.1184578844076842        12.173783300511483        30.672185222382566        3.5000000000000000                1
   11.603472695161861        6.7257078819256080        10.501158696821680        3.5000000000000000                1
   12.234065266058716        8.9832196489773057        25.725163358229047        3.5000000000000000                1
   5.4365551156941159        9.8683255066806552        19.403394079329299        3.5000000000000000                1
   8.7840142572356985        5.2637890218745653        36.973819378290102        3.5000000000000000                1
   12.213243317506693        8.2680550033929130        29.334835713505125        3.5000000000000000                1
   6.3514029834517993        11.293719561260808        38.678473213508973        3.5000000000000000                1
   10.615020524751220        11.699379705912273        39.393263257588949        3.5000000000000000                1
   6.2362764053631343        11.159190223215621        1.7678773554688978        3.5000000000000000                1
   11.321686217359591        11.105755355048334        2.9780469321448986        3.5000000000000000                1
   7.3481087101593197        11.956399090946491        29.032509096794126        3.5000000000000000                1
   10.664714510222055        11.673581977980717        5.2680041807269058        3.5000000000000000                1
   11.213782868141518        6.2862059777987813        20.259520880394014        3.5000000000000000                1
   8.5339368738887078        12.239804065198157        6.4666675212051778        3.5000000000000000                1
   7.6618627735675382        12.060033156584467        7.9174620753291878        3.5000000000000000                1
   12.193127652309061        9.3745726448442266        9.0257947916462999        3.5000000000000000                1
   5.5931329681172111        7.2964645498983574        13.768991373874586        3.5000000000000000                1
   11.574503625536799        6.7046357905460763        7.5127381569154048        3.5000000000000000                1
   12.064931142107330        7.6415476605276274        37.952214868490138        3.5000000000000000                1
   5.2724787889938565        8.7783688370517474        24.095449823608263        3.5000000000000000                1
   6.1706197756912902        11.109144257674462        4.8241375951485308        3.5000000000000000                1
   8.7661744476146914        8.7517766827759385        18.161810771508218        3.5000000000000000                1
   7.6312981045015409        12.052779714243927        21.932346019221299        3.5000000000000000                1
   12.117348735358410        9.6511568673478525        19.082279059121582        3.5000000000000000                1
   9.3675502357185518        5.3369680855461192        32.951015828171386        3.5000000000000000                1
   10.494670675621926        11.769021329387996        3.5122741929268217        3.5000000000000000                1
   12.151923550083270        9.5409524998105990       0.89936505268175049        3.5000000000000000                1
   11.885055442117018        10.278019251361007        6.4925794926401990        3.5000000000000000                1
   12.179650606345609        9.4046901367581288        36.867300419363907        3.5000000000000000                1
   9.5985432085146023        8.9996935639568303        27.546526710972081        3.5000000000000000                1
   6.0357436406761025        10.959213639961673        24.792584700147454        3.5000000000000000                1
   5.3182449619819598        8.0792505633544440        17.381475500770343        3.5000000000000000                1
   6.5539975538215032        11.459102770825904        31.611625143656529        3.5000000000000000                1
   6.5015572564858708        6.0843413427890347        4.5482554489813500        3.5000000000000000                1
   11.016208617814446        6.1082679017344192        11.087353035482424        3.5000000000000000                1
   5.8662877822942869        10.724777244911495        35.039131484209861        3.5000000000000000                1
   5.7001120862921697        7.0615147392591116        24.901664880942977        3.5000000000000000                1
   8.5294402410536350        8.2498143791393463        19.131516535830070        3.5000000000000000                1
   11.749198375796896        6.9669002719241861        17.636213196824368        3.5000000000000000                1
   6.2395553754329782        6.3277786672377410        25.487796121549206        3.5000000000000000                1
   9.9113950303935052        12.050438144322637        33.805938343137640        3.5000000000000000                1
   12.193100519325547        8.3723673341805274        34.360819758291896        3.5000000000000000                1
   6.9231802470139048        11.724816684087582        2.3538922758468344        3.5000000000000000                1
   7.2367667878001090        11.905435043134601        14.405042476958327        3.5000000000000000                1
   6.3117212313392743        11.254117773228433        39.827812169159472        3.5000000000000000                1
   10.973626551102940        6.0610546748000651        9.0744619366001373        3.5000000000000000                1
   11.869964011247335        10.303936697626845        39.393431366900053        3.5000000000000000                1
   6.2393760521996011        6.3144014822515535        21.492519199156472        3.5000000000000000                1
   5.7691600769970250        10.581404926471492        38.209941977348521        3.5000000000000000                1
   8.3558542146450954        12.221855017887609        10.450131021433126        3.5000000000000000                1
   9.3745816427516466        12.185711747954576        24.999189859231699        3.5000000000000000                1
   11.392462402604117        6.5659241275208391        28.281114264583831        3.5000000000000000                1
   7.8305019493028007        12.126707478447148       0.80799957373409914        3.5000000000000000                1
   11.941079307194906        10.099557900441310        31.279186018870757        3.5000000000000000                1
   5.2684625784762931        9.0365484472188040        13.895281867644286        3.5000000000000000                1
   5.4540123333850339        7.6399502673061006        2.6287397233448111        3.5000000000000000                1
   9.4536270512408969        8.1831164480272705        28.781908647328329        3.5000000000000000                1
   5.3315051139418665        8.0370887493389063        34.591971078574787        3.5000000000000000                1
   8.2102509620198614        12.201850762773130        14.564493275934710        3.5000000000000000                1
   11.248625135146639        6.3036453707675548        21.299132289006433        3.5000000000000000                1
   5.7654134893848941        10.542890115053059        39.247054699395449        3.5000000000000000                1
   7.5818242589207960        5.4511610747686188        13.192804668147007        3.5000000000000000                1
   12.211864855395183        9.2098815251702817        28.742000165023132        3.5000000000000000                1
   12.028348028669571        9.7124713789422046        17.975905672397158        3.5000000000000000                1
   5.2649437825597394        8.9127023446723754        35.111881187204254        3.5000000000000000                1
   10.492791879625404        5.7153511496077556        17.690756969350424        3.5000000000000000                1
   8.7909988369402701        5.2516078179477068        33.876112694376495        3.5000000000000000                1
   8.3951630825634762        12.206192219058266        23.497553067537122        3.5000000000000000                1
   12.069358581866377        9.8394478017961546        23.055790446094388        3.5000000000000000                1
   8.7106881768310451        8.7220338198726761        16.064894009620442        3.5000000000000000                1
   10.189617786803808        5.5669005503396178        10.571501947567734        3.5000000000000000                1
   8.7450736054520739        8.7537633213025750        29.252277812689442        3.5000000000000000                1
   7.9934627907042826        5.3338291177884969       0.47538026144443957        3.5000000000000000                1
   11.155830680692009        11.291548185658117        7.1431030526139452        3.5000000000000000                1
   8.9833437849267401        12.237034697644820        33.111309986270406        3.5000000000000000                1
   5.3140533308105047        8.0907058114943684        28.503969858746167        3.5000000000000000                1
   7.1050604879580455        5.6763582665769148        39.019905233974200        3.5000000000000000                1
   8.7695246251358814        8.7674841239151373        7.8957116700787235        3.5000000000000000                1
   11.301674623658228        6.3704551915572143        36.310343975358521        3.5000000000000000                1
   8.7369486406912227        8.7344751723815914        35.517593136777137        3.5000000000000000                1
   8.7457224144424242        8.7286109776757002        20.941260086229430        3.5000000000000000                1
   11.222392906374376        11.196571657413145        18.133306826957945        3.5000000000000000                1
   5.4661166449195600        9.9001038913261130        15.448052234973250        3.5000000000000000                1
   5.9636594386043527        10.866941023797654        14.856508515565142        3.5000000000000000                1
   7.0109000507653612        5.7294601165396859        21.033597437920665        3.5000000000000000                1
   6.2725573235493091        6.2861990917484221        24.425390832798822        3.5000000000000000                1
   10.286488109454803        11.888395515237157        23.590974331489434        3.5000000000000000                1
   8.7552027383386761        8.7776179140835087        17.065676506789224        3.5000000000000000                1
   5.4069045247414982        9.7739345136350249        26.436217105315041        3.5000000000000000                1
   6.1555523607258005        6.4015263592535439        34.559462664057079        3.5000000000000000                1
   7.2694938560244928        5.5957429689079863        5.0285093427180216        3.5000000000000000                1
   7.4081326247451731        5.5530648573665875        9.1961551965475401        3.5000000000000000                1
   5.2732338045199096        8.9936030631095214        32.016025777249560        3.5000000000000000                1
   9.6556319530485997        5.4001693454374431        22.324353700626361        3.5000000000000000                1
   7.3276114791051770        11.938413148860333        17.976672570376884        3.5000000000000000                1
   7.6210372736976923        5.4398886133918980        14.198776766854708        3.5000000000000000                1
   5.5477092641847436        7.3609408887582788        11.840697788744286        3.5000000000000000                1
   8.8133108752712044        8.7238899902274731        38.700469987293303        3.5000000000000000                1
   7.3490432093053082        5.5480003587467639        6.0665642961105650        3.5000000000000000                1
   10.622062128890905        11.701713012008828       0.47022607070451261        3.5000000000000000                1
   10.192108461424189        11.934277994055570        11.482782868341960        3.5000000000000000                1
   6.7505291982873246        11.615662035688027        8.4324581412117645        3.5000000000000000                1
   5.2705915984342333        8.4252081521011331        6.2429013796704789        3.5000000000000000                1
   6.1206267527615994        11.052991253228074        3.8190189081066346        3.5000000000000000                1
   11.321064380891871        11.087578574258774        9.9952157761753515        3.5000000000000000                1
   7.5373091415588966        12.031563290316017        11.885698481956325        3.5000000000000000                1
   11.086577381284918        6.1455468572822634        16.150860865921256        3.5000000000000000                1
   8.7246263019673886        8.7552263275700710        24.019500492856370        3.5000000000000000                1
   6.8815769483262264        5.7981567868279793        36.924763727142356        3.5000000000000000                1
   5.3070729752352541        9.3682095326455102        5.7390843834677163        3.5000000000000000                1
   5.6458856987553734        7.1707333145064318        17.927454605156079        3.5000000000000000                1
   12.209350552119396        9.2626012603460648        32.845250692382550        3.5000000000000000                1
   11.829823483718299        10.399087476154623        14.503032782182142        3.5000000000000000                1
   6.6736140966497901        5.9483348109871299        10.642749963921172        3.5000000000000000                1
   8.0712611136558863        5.3483979185445039        1.4985346494689495        3.5000000000000000                1
   7.2322881038304327        11.902251802984630        26.883589502772264        3.5000000000000000                1
   8.7475602087777684        8.7674639507156229        4.8371076110505165        3.5000000000000000                1
   9.3441807837966007        12.198257899456877        12.811795326120134        3.5000000000000000                1
   10.559901451724066        11.745001205401044        12.479863909000146        3.5000000000000000                1
   8.7406197020393925        5.2556623626585139        35.922590690305420        3.5000000000000000                1
   11.210555107510011        11.237700389244354        4.0496188589642479        3.5000000000000000                1
   5.3718702722885947        7.8820322890039183        26.453821446217326        3.5000000000000000                1
   5.6388007587384887        7.1728143016547614        15.814617320063316        3.5000000000000000                1
   10.501294553232103        5.7455596355103600        20.735693145082280        3.5000000000000000                1
   5.8993842235409284        6.7538890153652824        5.1948675787296628        3.5000000000000000                1
   10.091199698849218        5.5658906982269727        35.511609318426117        3.5000000000000000                1
   5.8434778769623374        6.8206546143091193        3.1401904132947482        3.5000000000000000                1
   6.7262082413821958        5.9033210015267725        11.726268070847803        3.5000000000000000                1
   8.3495992789436890        12.223327128062362        12.507088332560006        3.5000000000000000                1
   7.7999430617726224        8.9283102515985497        14.682236344376282        3.5000000000000000                1
   5.8371919028889110        6.8109954873655125        1.0506136464125722        3.5000000000000000                1
   12.109954121907654        7.7797288805032405        17.142502241491950        3.5000000000000000                1
   10.888254623835838        11.509261058831097        28.137887209894327        3.5000000000000000                1
   5.7203322570165103        7.0294213038236775        20.873495047782544        3.5000000000000000                1
   8.7576695760804526        8.7485802673842681        31.392367480680424        3.5000000000000000                1
   11.182168736655678        6.2763856573720469        19.206909618147780        3.5000000000000000                1
   8.7585088694305657        8.7392501259700097        34.450860659172982        3.5000000000000000                1
   5.6922686070987192        7.0931894019846498        36.103734761730870        3.5000000000000000                1
   12.119450354392189        9.6815441206680877        20.134998834466259        3.5000000000000000                1
   9.1308746685606685        12.226447188442554        30.153532176687602        3.5000000000000000                1
   5.9159146258535902        6.7458149006681030        6.2625259863943628        3.5000000000000000                1
   11.149736635957318        11.292573364453382        20.978684152217763        3.5000000000000000                1
   10.850216577170009        5.9544664448641562        31.919753716233476        3.5000000000000000                1
   11.198243058894763        6.2608329247120302        17.170337103215289        3.5000000000000000                1
   6.1183135763623593        11.049123913955039        5.8936590486938458        3.5000000000000000                1
   12.123363184214345        7.9058095957968906        22.167158807497170        3.5000000000000000                1
   8.7432210097506236        8.7305670559163460        13.009450288950047        3.5000000000000000                1
   12.239512600125289        8.8294835172667181        20.649000368561001        3.5000000000000000                1
   8.5906972373071877        5.2836664698357323        16.713290586398809        3.5000000000000000                1
   11.419060739226500        6.4892573349921525        3.4668616400314072        3.5000000000000000                1
   5.2528995796791138        8.6244956217437245        3.3513236091310992        3.5000000000000000                1
   5.4294954640733932        9.8361579033303741        34.619571395757752        3.5000000000000000                1
   5.5639561837148745        10.162543462291515        9.3380065001488770        3.5000000000000000                1
   10.299975327296774        11.886452436529318        7.4342665453331733        3.5000000000000000                1
   6.2189906027399733        11.162496143259734        2.8215118547635685        3.5000000000000000                1
   11.563558839677663        10.819034009861880        26.687710578787478        3.5000000000000000                1
   5.2549956908645408        8.6491120897524958       0.17031711809997141        3.5000000000000000                1
   12.081103799923259        7.6836389155101079        13.130980373856614        3.5000000000000000                1
   8.0575719892725832        12.178326844417448        34.704832183522129        3.5000000000000000                1
   9.4812925042597644        5.3274147020297518        15.170650582912376        3.5000000000000000                1
   6.3542260453137223        11.299775478778402        37.665505858969532        3.5000000000000000                1
   5.6928706684375276        10.440951117189748        2.2575419822868787        3.5000000000000000                1
   5.7853898920761582        10.565196688282940        22.860646729367488        3.5000000000000000                1
   11.762490908869419        6.9820678277229815        18.692318511175881        3.5000000000000000                1
   12.198197580109799        9.2850748500811751        35.843063664624154        3.5000000000000000                1
   10.501963779877483        11.774430098387338        2.4143898380307323        3.5000000000000000                1
   9.5556053981873390        12.125651960278931        18.955513294881086        3.5000000000000000                1
   5.2812184247467302        9.1462946284509474        28.028243857647954        3.5000000000000000                1
   11.878806593282942        7.2920050737461990        26.792358718567648        3.5000000000000000                1
   12.227876137845337        8.3676216416413496        36.319803950276274        3.5000000000000000                1
   10.206846476029961        5.5687275616357965        1.3943003218315930        3.5000000000000000                1
   11.973765831417944        7.4179472244020435        29.842390060602312        3.5000000000000000                1
   8.1300882239798931        12.194608611911308        33.694661273062550        3.5000000000000000                1
   12.026616999115840        9.9121954222419859        24.113818735241910        3.5000000000000000                1
   10.685830416964464        5.8445103759844432        36.909831609959205        3.5000000000000000                1
   8.5400529633633386        12.233535266690689        8.3876155107521058        3.5000000000000000                1
   7.7134685209245299        5.4078175660517713        33.516028856839810        3.5000000000000000                1
   11.633411472815961        6.7825105994241870        12.583586197613624        3.5000000000000000                1
   12.182656847035291        9.4136712809517693        37.908176390511599        3.5000000000000000                1
   10.589128385904688        11.722732404714259        15.442059267572402        3.5000000000000000                1
   12.008919589699802        7.5021004464523493        34.848975996067267        3.5000000000000000                1
   10.761991967833652        5.8926499954022766        28.676710828863438        3.5000000000000000                1
   5.3069296700918827        8.1259392894080609        31.482173297537912        3.5000000000000000                1
   5.5173244893586553        10.084527927435305        10.376446380898223        3.5000000000000000                1
   11.652174958641998        6.8043610674093848        38.448275103947232        3.5000000000000000                1
   12.164218931075764        9.4967606142458276        13.058827209864548        3.5000000000000000                1
   11.333059448006603        10.992600072939583        38.876049316453802        3.5000000000000000                1
   7.8250545120010715        5.3748766171136237        36.380821198678966        3.5000000000000000                1
   8.7488457062907745        8.7606047769052360        36.575446334411474        3.5000000000000000                1
   10.211281548683553        11.921567219761700        25.600158719949203        3.5000000000000000                1
   10.398471485651331        11.818125324655737        6.4033044512192268        3.5000000000000000                1
   8.7105554895220791        8.7344018171551561        27.162962332843350        3.5000000000000000                1
   7.0149331822544738        5.7182489922611932        37.922410940326486        3.5000000000000000                1
   11.059044480838121        6.1247843790047654        14.085790373174698        3.5000000000000000                1
   10.500343295954613        11.755619287399242        16.485684397595254        3.5000000000000000                1
   6.0665463064606513        6.5097410269130416        12.300860055050418        3.5000000000000000                1
   11.982391144317162        7.5418004217535035        7.9338286100151718        3.5000000000000000                1
   6.4454460210257665        11.377009248195261        34.530191236568911        3.5000000000000000                1
   9.2202499873167110        12.211349645579180        11.165767891533033        3.5000000000000000                1
   5.2629493969442507        8.9715827715645133        16.873966086603335        3.5000000000000000                1
   9.4748951346577304        5.3605374442819169        30.355228639883624        3.5000000000000000                1
   5.7906257715288705        6.9053296603749308        39.055283378967495        3.5000000000000000                1
   5.2705161570297419        8.5945521449997742        2.2019742313131405        3.5000000000000000                1
   5.4103331846413134        9.6763198401131838        38.648705413852333        3.5000000000000000                1
   6.8985769423922756        5.7912986991944839        17.793870843995386        3.5000000000000000                1
   9.1930818853048617        12.217321267736692        27.122517639488649        3.5000000000000000                1
   5.2646415248026885        8.8575792006488321        21.873997416336582        3.5000000000000000                1
   5.3445392862006802        9.4831910223441973        2.7385011267782136        3.5000000000000000                1
   12.166883863595732        8.1721363351971323        27.234166066113033        3.5000000000000000                1
   5.7551083312733811        10.544548067585950        23.882089647731615        3.5000000000000000                1
   6.8145442151906144        5.8683680698511180        13.721481832632870        3.5000000000000000                1
   5.2775417424516009        8.4390210100460354        7.2739958515591994        3.5000000000000000                1
   11.534345627681672        6.6489447366105328        34.291222939879191        3.5000000000000000                1
   10.731286977853504        5.8770596796898156        26.902691566710700        3.5000000000000000                1
   9.5887167919611667        5.3534708180746833        17.272185069748886        3.5000000000000000                1
   7.9081564413886030        5.3630152101338879        24.507944030733317        3.5000000000000000                1
   6.4513353211129338        6.2403974191230400        39.558609292905523        3.5000000000000000                1
   9.6876628245091307        12.118215166709913        1.8989075342274553        3.5000000000000000                1
   6.6919854461566111        11.576794975558158        22.446707003849504        3.5000000000000000                1
   9.4752268394580614        12.161777003536303        8.9360971220527841        3.5000000000000000                1
   6.8182930799111308        5.8396690225037267        32.991811621831189        3.5000000000000000                1
   6.7726259858147362        11.634425459482157        7.3699634427423550        3.5000000000000000                1
   6.0805646494309711        10.864938386285480        9.8543811261745677        3.5000000000000000                1
   10.677922923045541        5.8702495107556700        2.9545617884058188        3.5000000000000000                1
   6.2091946332901644        6.3580388440398394        29.557757808080520        3.5000000000000000                1
   11.769405548853170        10.502363035609374        1.6114769779416815        3.5000000000000000                1
   11.771884986832442        10.482127558002555        16.560979745315308        3.5000000000000000                1
   6.5165155690195373        11.425949488975736        16.432548346981616        3.5000000000000000                1
   6.9010211848448932        11.717290760418807        4.3329356889998669        3.5000000000000000                1
   8.7626939516653621        8.7460619090608294        10.958002755761498        3.5000000000000000                1
   11.809118927199730        10.425190161513621        5.4445819889037450        3.5000000000000000                1
   11.537889344610779        10.839751093117481        28.696190783077434        3.5000000000000000                1
   12.239225370192367        8.6512308057567715        1.4090951651137249        3.5000000000000000                1
   5.4410613089134641        9.8301825188415908        18.388826187583728        3.5000000000000000                1
   10.478039775514446        11.792624935726536        18.575181034774008        3.5000000000000000                1
   9.0578669279205464        5.2900689005887207        27.820920416469125        3.5000000000000000                1
   9.9694950921118188        5.4706999161401448        4.4850763156147666        3.5000000000000000                1
   8.6539314401003988        5.2542076513605505        31.026141882178145        3.5000000000000000                1
   11.456059702063746        6.6180630912721163        31.418744277289822        3.5000000000000000                1
   11.040367377806419        6.1204845870371916        12.092680250109193        3.5000000000000000                1
   5.2981034643118212        9.3273512908233407        6.7844189836485373        3.5000000000000000                1
   12.047925304920355        7.5857796923780008       0.95126300046201295        3.5000000000000000                1
   6.4052416868299424        11.345243498031218        35.620726358718457        3.5000000000000000                1
   9.9005700721864081        5.4626931041076450        2.3624475004954664        3.5000000000000000                1
   12.091744113749009        7.8268266253483159        1.9598726596573950        3.5000000000000000                1
   12.121026953213965        9.5424541687661115        15.082504065681118        3.5000000000000000                1
   12.227749340591767        8.9415786682654570        23.708063054056904        3.5000000000000000                1
   11.223405727607568        11.172414586580754        16.020426963972067        3.5000000000000000                1
   7.4896216598111893        5.4867499175436079        11.131208384963280        3.5000000000000000                1
   8.7296339931583411        8.7518126487502244        3.7995434356467226        3.5000000000000000                1
   5.3578326687193352        8.8976363212740690        26.947423876201597        3.5000000000000000                1
   9.4394460694593967        12.180100781930859        5.9830525564315815        3.5000000000000000                1
   11.941498825368106        10.179872293987852        34.209024422330820        3.5000000000000000                1
   9.6281819976111525        5.4078264662656403        20.194026388678761        3.5000000000000000                1
   6.2576406238191193        6.3894996455215791        19.378507556088369        3.5000000000000000                1
   10.328801118275612        5.6646271675029736        16.669865019321058        3.5000000000000000                1
   9.9153069075683291        12.043541746529081        35.820555319338098        3.5000000000000000                1
   5.4842436069701197        10.006595656042585        13.343040429258338        3.5000000000000000                1
   5.3919684244753627        9.6244089770715728        1.6682632284868477        3.5000000000000000                1
   7.7878232590485910        12.113417224759083        2.8902260674853451        3.5000000000000000                1
   8.7284744906760281        8.7210423033436886        39.718510607276862        3.5000000000000000                1
   11.502767403335849        10.886812355516364        29.803410150346547        3.5000000000000000                1
   11.582559913044765        6.7453795441272817        8.5159584723082560        3.5000000000000000                1
   10.399175975556480        11.833221639998516        22.564906909122055        3.5000000000000000                1
   11.638296799435802        6.8108873754173720        11.526591104592953        3.5000000000000000                1
   7.0965824171727157        11.807641399640803        39.185062621971433        3.5000000000000000                1
   11.743940664949774        7.1126968476391728        22.684523391289769        3.5000000000000000                1
   9.4441870095355576        12.169519727873331        22.982182154008804        3.5000000000000000                1
   8.4321613857369702        5.2688172192267775        12.570191388076124        3.5000000000000000                1
   7.2232231570998957        11.896152342743415        16.967237047656962        3.5000000000000000                1
   10.987197033251144        6.0775938973184855        37.894117810645476        3.5000000000000000                1
   10.035401423699186        12.002993360091898        29.699082851398757        3.5000000000000000                1
   12.120573133927600        9.5900977750663188        16.112412636662562        3.5000000000000000                1
   7.1232662630826322        5.6556358192575420        35.084516104373648        3.5000000000000000                1
   7.2528264649139462        11.890096364830221        30.087849961433569        3.5000000000000000                1
   11.147026625031906        11.298828700096745        9.0272765154395938        3.5000000000000000                1
   9.8496013595493590        12.067359399496580        37.746259162403675        3.5000000000000000                1
   9.2503541982833344        5.2972084566079447        8.0614385539104472        3.5000000000000000                1
   5.2838997435025625        9.1751940292400214        10.753156440138415        3.5000000000000000                1
   6.4964703757216240        11.426161816043168        18.498844387608642        3.5000000000000000                1
   9.3167476588522184        5.3106587678033579        10.096652582950531        3.5000000000000000                1
   11.877676925325925        10.260904422322795        3.4046715531473883        3.5000000000000000                1
   5.6326660785222513        7.1700108679128407        16.842043425936655        3.5000000000000000                1
   10.089581482338755        11.972912116197778        13.526024405692453        3.5000000000000000                1
   12.212141028695608        8.2847307016370859        6.3860202723379684        3.5000000000000000                1
   5.9358568672939072        10.830814349741493        13.825309294473325        3.5000000000000000                1
   10.650906640787262        5.8396701089313892        25.878391630278273        3.5000000000000000                1
   9.6514399516203948        8.9875868489824438        7.4637374360151210        3.5000000000000000                1
   5.2858971652779747        9.0944801157972872        30.972874820596282        3.5000000000000000                1
   5.3307789087250663        8.1321791177998346        14.326244597866742        3.5000000000000000                1
   9.9612217865795216        12.030410560598170        32.783753812836181        3.5000000000000000                1
   10.213229632709545        5.5712476904752313        38.489712897571508        3.5000000000000000                1
   7.7289887729100029        12.082214356045204        20.877759669246355        3.5000000000000000                1
   12.137456178220747        9.5283019996219878        14.077228344767210        3.5000000000000000                1
   7.4471900419591099        5.5155732839831222        8.1625171704077175        3.5000000000000000                1
   12.186432221261576        9.0789376927963996        26.728692391376306        3.5000000000000000                1
   11.821402938103612        10.417234388338169        15.540616553066513        3.5000000000000000                1
   8.6845703318153298        12.229528397551983        15.538775068466895        3.5000000000000000                1
   10.534382447898032        5.7530805442678323        21.813294393658399        3.5000000000000000                1
   5.2564559146983072        8.9494940753457985        29.041200946260027        3.5000000000000000                1
   12.146492537844676        7.9125678832033737        21.156187466400105        3.5000000000000000                1
   6.8700824567874781        5.8107829755927849        18.819343222821722        3.5000000000000000                1
   9.8585003274895477        5.4391350235723435        26.342224254296493        3.5000000000000000                1
   11.703948352260992        6.8788966933047142        5.4372434111752996        3.5000000000000000                1
   11.332484814538628        6.4225714937194525        24.235397943682710        3.5000000000000000                1
   5.2702154545524635        8.7394175156571254        1.1669151553091373        3.5000000000000000                1
   10.365929181539899        11.825604628018825        21.560171695603287        3.5000000000000000                1
   12.245753022571202        8.6910746482099341        18.576740457988272        3.5000000000000000                1
   11.847812947730194        7.1239311986862086        24.776283626451765        3.5000000000000000                1
   9.0307816799635745        12.237052815274987        35.271971631601367        3.5000000000000000                1
   6.8488591088177122        11.678271036459421        5.3507897931926980        3.5000000000000000                1
   5.4788905745516479        7.6645178657714705        27.545588405689461        3.5000000000000000                1
   5.7100230262491340        7.0288394489604711        38.053697571191321        3.5000000000000000                1
   10.184178859509577        5.5954314982882805        8.5019358304277812        3.5000000000000000                1
   5.5415816716636890        9.9331378775974102        27.431893272086405        3.5000000000000000                1
   8.9664077784671203        9.6807842417440213        6.4880203301476804        3.5000000000000000                1
   8.7467456624318345        8.7473147311513184       0.72810004499015946        3.5000000000000000                1
   7.7987622837740860        5.4172372340830295        20.316856416255341        3.5000000000000000                1
   5.5485764613024200        7.3491578883237825        10.806324110136938        3.5000000000000000                1
   11.685128771521878        6.8838438946560370        15.629858782152764        3.5000000000000000                1
   7.1651827775130483        5.6386704625391051        3.1369477647058481        3.5000000000000000                1
   12.113257191207776        9.7064449646586475        8.0401654934171489        3.5000000000000000                1
   5.4138886857456008        7.7101228428556841        39.636122107302910        3.5000000000000000                1
   8.8224482883872195        8.7648033202107545        1.7410621411949005        3.5000000000000000                1
   9.7824115312178197        12.082812588177687        39.823794716663791        3.5000000000000000                1
   5.9117577384771058        10.776383420657702        32.088905183181502        3.5000000000000000                1
   7.4487349303003221        11.922833339917815        25.892632850813339        3.5000000000000000                1
   5.2847705219296675        8.8252517798315573        22.931769434919751        3.5000000000000000                1
   5.3407825004286078        9.4158726444693386        4.6946348662440966        3.5000000000000000                1
   6.5980135586587814        11.500935391504926        25.448163924113011        3.5000000000000000                1
   12.230309963161346        8.6120997248385258        4.5232921941271274        3.5000000000000000                1
   12.245506750160164        8.7888121652134039        7.4798769385294204        3.5000000000000000                1
   11.670024200554801        6.8610166334703875        13.588453277865691        3.5000000000000000                1
   12.178896908730316        9.4374965831088709        3.9310985224747705        3.5000000000000000                1
   12.240360584853265        8.4946226011180457        39.390128203310233        3.5000000000000000                1
   10.744653568298691        5.8908056972725422        3.9548544015101044        3.5000000000000000                1
   7.1426601585176765        11.794061382542127        19.864579709123511        3.5000000000000000                1
   12.181401181831562        8.1934939167738108        28.266351579439462        3.5000000000000000                1
   7.0565973408109404        11.807133962009651       0.25865511591668400        3.5000000000000000                1
   11.605270786395993        6.7309858376428817        35.364054177905778        3.5000000000000000                1
   5.9682472358276160        6.6303736163655271        8.1188807180557934        3.5000000000000000                1
   12.215919101958125        8.8335784532857282        21.691155472694952        3.5000000000000000                1
   11.612846709405309        10.741966164606511        24.723207202333040        3.5000000000000000                1
   8.7550046065687699        8.7492707931354001        33.437380041288925        3.5000000000000000                1
   11.286307141097044        11.157466941484532       0.99380848754964457        3.5000000000000000                1
   10.081274278387143        5.5614095362530280        34.484017593903204        3.5000000000000000                1
   5.4692255904569427        7.5563631307012242        5.6713846756584054        3.5000000000000000                1
   11.123857164718427        6.1806647373314307        15.144729396715745        3.5000000000000000                1
   6.3697258375952854        11.282529895384036        36.654102537619920        3.5000000000000000                1
   10.992098883749462        11.423054114004080        26.033605255126943        3.5000000000000000                1
   5.2517469547576976        8.7825014489314057        20.844477538623725        3.5000000000000000                1
   7.8691040190331636        12.136848343046077        1.8580926866881702        3.5000000000000000                1
   11.599075029620838        6.7325194021180295        37.415077578211928        3.5000000000000000                1
   11.847199364005041        10.369293420428379        9.5261703348563653        3.5000000000000000                1
   5.5708160474913937        10.177207799357667        8.2684962095887666        3.5000000000000000                1
   7.9515972872149661        12.133393490828313        37.714723735915889        3.5000000000000000                1
   12.008138172851757        7.4789112724515325        33.843450919963843        3.5000000000000000                1
   5.3478787951175892        7.9350531540485409        36.699222598493741        3.5000000000000000                1
   6.9169002048031141        5.8006395916544813        31.994878959340209        3.5000000000000000                1
   10.360660844401462        5.6474712209120677        14.624413575308148        3.5000000000000000                1
   5.3048607944167614        8.1534494059639453        13.325856543457018        3.5000000000000000                1
   10.067249962066390        5.5123704708098611        7.5048311963772951        3.5000000000000000                1
   9.7282815956551119        12.086581463550088        4.9336882548381329        3.5000000000000000                1
   9.4703920208218797        5.3330448208866148        14.140660988577498        3.5000000000000000                1
   5.4450520136117726        9.8863721838227399        17.367563724015330        3.5000000000000000                1
   5.5148602610635971        7.4386224196219040        8.7363005807829328        3.5000000000000000                1
   11.435841530035177        10.980182170783516        34.785947960012415        3.5000000000000000                1
   12.099829250532196        7.7517569199628857        5.0852633096731630        3.5000000000000000                1
   7.2640735542209400        5.5833511444020907        29.985338920637535        3.5000000000000000                1
   11.970011930733982        10.121414631410362        30.255193706779227        3.5000000000000000                1
   6.4131574414720598        6.1505436257250761        26.602889958266026        3.5000000000000000                1
   10.908661023130486        6.0051721230776129        6.9485230142738823        3.5000000000000000                1
   12.072983370314679        7.6997444013051926        3.9669610408940814        3.5000000000000000                1
   12.113343845890780        9.7094020795074680        21.178206156908825        3.5000000000000000                1
   10.941572896330646        6.0295046989500021        10.092708167050597        3.5000000000000000                1
   11.649819820112782        6.7916642190651855        1.5483529642934832        3.5000000000000000                1
   11.999159357779369        7.4699077291953211        39.785681855233761        3.5000000000000000                1
   6.0650286244595240        6.5120519768158989        14.191294076209454        3.5000000000000000                1
   10.730726980234321        11.631133758809181        38.320391108649773        3.5000000000000000                1
   6.1376397771653286        6.4333439607754865        17.294818376438862        3.5000000000000000                1
   8.7015030708938443        12.247515860456502        3.3657928380101043        3.5000000000000000                1
   10.740112198803116        5.8845597617099168        39.870163337257033        3.5000000000000000                1
   12.208802870654626        9.2655918795227237        31.779651392625997        3.5000000000000000                1
   12.246776872144501        8.6386853977268938        15.590991851145631        3.5000000000000000                1
   12.232540015012507        8.7028532766590221        16.594307570023528        3.5000000000000000                1
   9.8896239489311313        5.4581337581214049        3.4777471967558835        3.5000000000000000                1
   5.4018730641956614        9.6961209030704261        23.437386992997979        3.5000000000000000                1
   11.460821187788568        6.5411593611443308        29.294403084728422        3.5000000000000000                1
   5.5964166677072269        7.2557887300306110        31.057671733951921        3.5000000000000000                1
   5.9353984481094955        10.828638419756778        28.987117393202510        3.5000000000000000                1
   9.6605899423753101        8.2342919026268966        34.299377431164679        3.5000000000000000                1
   6.2376856719996958        6.3212678588966336        37.515031316395863        3.5000000000000000                1
   11.813237906095873        7.0639357669288358        20.661090481606990        3.5000000000000000                1
   6.4245417441355448        11.335459382659355        23.456368868652515        3.5000000000000000                1
   8.9441929159488343        12.236345840648205        38.241196456195595        3.5000000000000000                1
   9.1403603721911839        5.2725406178036938        6.0852984677225122        3.5000000000000000                1
   8.1170359457489685        5.3152973487542496        28.393679016680675        3.5000000000000000                1
   9.3242712149393796        5.3745449511211643        13.129700241417273        3.5000000000000000                1
   8.9370337752706526        5.2824098468911078        25.751817139590102        3.5000000000000000                1
   10.600224195199646        5.7994155522439348        23.709762177854945        3.5000000000000000                1
   9.9508465904106291        5.4670168332933953        27.393815489125910        3.5000000000000000                1
   6.8311173142839126        5.8375008675675115        14.770308239692136        3.5000000000000000                1
   7.0872761679956877        5.6729503125996814       0.98251398381957977        3.5000000000000000                1
   6.4583937660350417        11.393070010101967        17.493269217377531        3.5000000000000000                1
   12.216031208415885        8.3067597330845757        32.284345783220772        3.5000000000000000                1
   8.6853929128060976        5.2594503668238062        17.770566287503136        3.5000000000000000                1
   12.009482159729982        10.010202571513350        27.234181729164117        3.5000000000000000                1
   8.3096177508185498        12.208841077397615        13.506820263613495        3.5000000000000000                1
   5.6317592571344566        7.1950261167253267        14.797677897617032        3.5000000000000000                1
   6.0469299995334742        6.5271000587652548        11.226425733372315        3.5000000000000000                1
   11.804932902605467        7.0666161772106157        21.666287872980416        3.5000000000000000                1
   11.781798719915837        10.498695344215021        18.595470909358550        3.5000000000000000                1
   6.0095597234417983        10.845351807894069        12.018990371712036        3.5000000000000000                1
   11.200280494233141        11.190287411274232        17.044950300461341        3.5000000000000000                1
   9.6810862287581294        5.3816637591573828        23.361220555439683        3.5000000000000000                1
   8.3069797904166762        5.2900221204268103        7.5767389601273729        3.5000000000000000                1
   7.7263675157613187        5.4051673409840815        31.538248639519963        3.5000000000000000                1
   9.5173299944318792        5.3372229665231705        18.334899682412946        3.5000000000000000                1
   5.5303540265333346        7.3802857857705888        9.7829854231874513        3.5000000000000000                1
   5.3856294044853357        7.7997410427723333        23.543862666219553        3.5000000000000000                1
   9.4917604779547240        12.166431371346043        21.097459270779339        3.5000000000000000                1
   6.4680139269764041        11.402231036726741        32.641363670342535        3.5000000000000000                1
   12.022482930484315        7.5393336531289377        36.923055591422411        3.5000000000000000                1
   10.965599283115600        11.410204751340128        11.052068982624544        3.5000000000000000                1
   5.8284059129927099        6.8252709321249689        4.1510534972972088        3.5000000000000000                1
   5.2963585060593887        8.2532770910913431        11.206391314065124        3.5000000000000000                1
   11.988251928833758        7.7122615867632289        10.996714594992934        3.5000000000000000                1
   5.4618576484364558        7.5537972661302684        6.6962418070993088        3.5000000000000000                1
   8.1577066135825103        5.3085406673508135        29.522944859520557        3.5000000000000000                1
   10.847936497660484        11.546590885876297        30.173399291138256        3.5000000000000000                1
   5.3505518709765107        8.0885615453306912        16.289113050350547        3.5000000000000000                1
   12.080761304266796        7.7758359661302148        18.169032823171296        3.5000000000000000                1
   5.8414354454178019        10.694090574510682        17.971266374871913        3.5000000000000000                1
   11.324850449123367        6.3899773130355939        25.241816129389896        3.5000000000000000                1
   8.7284219347343601        12.238917946672322        2.3634091274928983        3.5000000000000000                1
   5.4414706381414302        9.8620976271238217        29.628542008532122        3.5000000000000000                1
   9.7157270098928485        8.6168624726857956        23.767263241847623        3.5000000000000000                1
   8.0864338926566504        9.3294672088964425        8.3784022587950648        3.5000000000000000                1
   8.2234317275149778        5.2944258192925124        5.5392426329783477        3.5000000000000000                1
   9.9247122723996100        5.4719698733032001        31.413765124233144        3.5000000000000000                1
   10.691310913095464        5.8684005997514461        30.907643392338510        3.5000000000000000                1
   8.7566900582989113        8.7374226516303697        30.353185837007921        3.5000000000000000                1
   5.3134232882859438        8.3139292253193684        8.2764461260422575        3.5000000000000000                1
   9.0774032758899015        5.2756596522163806        31.990699570357016        3.5000000000000000                1
   6.4550157189159947        6.1127151794615227        2.6041993836847230        3.5000000000000000                1
   10.772539026506475        11.603123256269381        31.183322393604762        3.5000000000000000                1
   9.2148153171548355        12.181549530220147        13.992927379274892        3.5000000000000000                1
   9.9192219653876368        5.4649270979550701        37.508202084162917        3.5000000000000000                1
   7.6766652936183108        5.4298444880875225        15.277743972283817        3.5000000000000000                1
   7.0031522229916003        11.782045435653748        1.2907162519550344        3.5000000000000000                1
   5.2749732398627520        9.1580158687700965        12.803812603104999        3.5000000000000000                1
   5.4317020186889335        9.8486329813759017        32.559749207212789        3.5000000000000000                1
   10.932372498786275        11.465725626347057        27.117754632734652        3.5000000000000000                1
   5.2513339045252438        8.7939896683417000        38.117992022567378        3.5000000000000000                1
   7.6930160616084304        12.051719412920272        19.018818438523578        3.5000000000000000                1
   11.123135135405759        11.313234715818369        22.024515908782977        3.5000000000000000                1
   12.134138924306061        7.8712628360436003        20.153468191489853        3.5000000000000000                1
   8.7569955567771274        8.7714088844363278        8.9251911845470850        3.5000000000000000                1
   11.860205041541187        10.310149284532150        37.373889873467505        3.5000000000000000                1
   12.225399332199791        9.0529265629328766        27.742329265327783        3.5000000000000000                1
   7.2746266539015734        5.6113026328735671        2.0692547965838202        3.5000000000000000                1
   12.055705645607082        9.8988835201281411        25.118259837421814        3.5000000000000000                1
   6.5093929570021380        11.432214693813529        29.570072047460020        3.5000000000000000                1
   5.2622167907942190        8.9954920586932534        33.074555949694592        3.5000000000000000                1
   6.6154168344783750        11.484256094635445        13.467638421283020        3.5000000000000000                1
   5.7742687339088805        10.548210188135689       0.30759629592675009        3.5000000000000000                1
   8.6442638532365947        12.243588126170888        5.3571813239988337        3.5000000000000000                1
   6.1499205339279506        6.4392662662339122        28.524369063701730        3.5000000000000000                1
   10.973277137747170        6.0472902158144777       0.93117436559566946        3.5000000000000000                1
   10.380317944713566        11.846797958051756        17.548806363483553        3.5000000000000000                1
   11.258077230234219        11.184793237306030        13.010979524204453        3.5000000000000000                1
   5.8751799789131036        10.724543508130122        15.927820980140526        3.5000000000000000                1
   5.4926818979254675        10.009301869670104        28.514044952435267        3.5000000000000000                1
   11.713680172761531        10.601631283040213        8.4992201644891026        3.5000000000000000                1
   11.665397902973046        6.8460584735351233        4.3957287011113921        3.5000000000000000                1
   11.854874636320311        10.358196410301513       0.39658609637964815        3.5000000000000000                1
   5.8440757277417408        6.8586542897255951        2.0787762404683949        3.5000000000000000                1
   5.3552192741010316        7.9198653149905178        21.395614308790787        3.5000000000000000                1
   11.316399222757669        11.029409435810688        11.993127824712154        3.5000000000000000                1
   6.7661706038167786        11.613489021056814        21.421275138725974        3.5000000000000000                1
   9.8531822120706085        5.4326547225903248        25.313817854474102        3.5000000000000000                1
   10.462661700956186        5.7242849287679878        19.681419850944788        3.5000000000000000                1
   8.7324580461191950        8.7716147539889544        37.701881619639003        3.5000000000000000                1
   6.2930374672111533        6.2907604239549650        23.389361772675347        3.5000000000000000                1
   7.9021365474642806        5.3641465055077164        22.338540936429560        3.5000000000000000                1
   8.7547304267744366        8.7785474037544731        12.006073226359966        3.5000000000000000                1
   11.377403486733549        11.032836003891758        35.841801982418808        3.5000000000000000                1
   6.3965737270205141        6.3323588847969541        35.558602941692769        3.5000000000000000                1
   5.4685361099851475        7.7431612502947553        1.5723097725201090        3.5000000000000000                1
   8.7624328729246308        8.7601116794858562        32.433436092802438        3.5000000000000000                1
   9.0734790200512361        5.2674170028872522       0.93562681794253710        3.5000000000000000                1
   5.2547388965547048        8.9247222881686579        18.926538350309936        3.5000000000000000                1
   7.0860139511387450        5.6753829943295644        26.029378094321991        3.5000000000000000                1
   12.185559336093954        9.4115509715042620        10.063690483902569        3.5000000000000000                1
   6.7020937691852014        11.587532264222032        12.412755177289615        3.5000000000000000                1
   6.8260275872523959        11.657377162609270        6.3618438003660716        3.5000000000000000                1
   7.7390956169681901        5.5036009292776855        19.308443114367204        3.5000000000000000                1
   12.102862702092040        7.7650033837556514        16.125157498675350        3.5000000000000000                1
   12.194909753906073        9.2753643655829769        30.742235322476180        3.5000000000000000                1
   5.9237592082772785        10.726717943523115        25.827415817833810        3.5000000000000000                1
   6.0466006972845037        10.968141164565480        7.7893732324548468        3.5000000000000000                1
   12.230771113067057        8.6632330654861107        14.581904628126841        3.5000000000000000                1
   11.984350029863583        7.4189395502095810        6.9239667356174426        3.5000000000000000                1
   8.7422718568608300        8.7699031702827845        26.055300832812001        3.5000000000000000                1
   10.251165484431205        11.910988455412479        10.476970809678200        3.5000000000000000                1
   12.222279292612820        8.5011267521881617        12.560953590654051        3.5000000000000000                1
   5.4078528385686848        9.7813710968638503        35.637231604444487        3.5000000000000000                1
   8.5362405709160143        12.237807923557375        21.478911314515688        3.5000000000000000                1
   12.161349339968078        9.5315095942975141        5.0395738454343215        3.5000000000000000                1
   9.2666684830623378        5.3017503518228120        9.0784603450076133        3.5000000000000000                1
   5.6203745839761021        7.1832267275151853        29.025795849437845        3.5000000000000000                1
   5.6294854339871767        10.334821563112431        4.3215270735493894        3.5000000000000000                1
   5.3632007336607881        7.8968452426898033        35.600947839783203        3.5000000000000000                1
   11.830259797544970        7.2507692841921347        2.9465270589402031        3.5000000000000000                1
   9.6701976897284574        8.9544336220247729       0.38806098765155850        3.5000000000000000                1
   10.405024781429860        11.829879677640307        20.541400097011476        3.5000000000000000                1
   8.3340405846134029        5.2981823945312598        8.6114822825334194        3.5000000000000000                1
   12.150994327138728        9.4047348574888652        2.8238242876194466        3.5000000000000000                1
   10.224577014442492        5.5774464188918254        12.670406136526982        3.5000000000000000                1
   8.3080951747142180        9.2105023956311687        18.952773915869674        3.5000000000000000                1
   7.8951462497567029        12.124267180713879        39.767527205394089        3.5000000000000000                1
   9.3331134351300857        8.0366823339907185        11.600920623057059        3.5000000000000000                1
   7.5174057254706561        12.014097213788743        22.928082571107979        3.5000000000000000                1
   5.2801333726335331        9.2017564661131779        11.800688012071669        3.5000000000000000                1
   10.326566030015336        11.868540799629315        9.4526698533435027        3.5000000000000000                1
   8.0294643340829488        5.3890844222854781        34.539614393385115        3.5000000000000000                1
   8.1721816681225761        5.3123264753042694        2.5327910705388321        3.5000000000000000                1
   5.6226903754602722        10.320253116471068        3.2629283546239618        3.5000000000000000                1
   9.3652308063334928        5.3110113116328552        12.101803635717172        3.5000000000000000                1
   10.027609643703780        5.5013416042532990        29.461797860654034        3.5000000000000000                1
   6.9891689448184993        5.7858801079697280        24.987443363488985        3.5000000000000000                1
   11.929037283136113        7.3493065033594647        28.834908282363358        3.5000000000000000                1
   8.7360225213347835        8.7802158163067272        9.9339656848764442        3.5000000000000000                1
   9.0198556022451584        5.2811642665864289        38.076145267411498        3.5000000000000000                1
   5.9575721345948223        6.6631991837223445        9.2010161621649456        3.5000000000000000                1
   5.8743797365408064        10.743573042151722        30.033184564776985        3.5000000000000000                1
   7.7491183061903453        5.4039176218756042        18.255406866106693        3.5000000000000000                1
   12.154494247664745        8.0094319089793782        24.302986387004946        3.5000000000000000                1
   8.1713462469080209        12.193135174896303        29.625784023191677        3.5000000000000000                1
   12.225502582971325        8.5493240666843970        3.4233267700137220        3.5000000000000000                1
   5.2529145334407072        8.7620384872058228        39.168913498953508        3.5000000000000000                1
   7.0762999809781437        5.7464687960432235        23.862244273321188        3.5000000000000000                1
   11.303461115600538        11.121724968405937        39.873057468687591        3.5000000000000000                1
   5.6715496102938161        7.0979804483081974        21.903910735714469        3.5000000000000000                1
   11.506042012537693        6.6510561988045769        30.351706897981188        3.5000000000000000                1
   9.0388498951478056        12.236587190819852        17.561313982733417        3.5000000000000000                1
   9.9087968764336711        12.047870420006552        34.810557859255930        3.5000000000000000                1
   5.9221492551411536        10.712152546569346        18.975773908076192        3.5000000000000000                1
   8.7571240974481785        8.7580066283858908        15.061111297787249        3.5000000000000000                1
   5.4436288023396102        9.6647642964347842        36.717463285610854        3.5000000000000000                1
   8.7517624380734134        8.7607707424201138        6.8786358560351495        3.5000000000000000                1
   5.4072012022043072        7.8445040053307427        38.615665850928401        3.5000000000000000                1
   6.6890776287868210        11.575278541417502        9.4318669364827823        3.5000000000000000                1
   5.9071974580643616        10.756826701974010        31.082349651553823        3.5000000000000000                1
   5.7879993122553355        10.608824619972273        36.166864262457153        3.5000000000000000                1
   7.2194683715844157        11.870037187824016        35.168672033507136        3.5000000000000000                1
   8.7907604889659989        5.2504378158956833        24.022924221239084        3.5000000000000000                1
   11.848255562273533        10.368660007029719        10.582817664317677        3.5000000000000000                1
   5.3363733795160133        7.9826844898607883        32.616317024466809        3.5000000000000000                1
   7.3781725494024064        11.964371233383996        32.026460047590518        3.5000000000000000                1
   11.391677529549943        11.039017164874624        36.860313121145815        3.5000000000000000                1
   8.0510138573618431        5.3566273389983081        38.534143014390182        3.5000000000000000                1
   7.9080255792755239        5.3577021681178749        25.517818171358194        3.5000000000000000                1
   8.9760259724856120        7.8683076978375466        32.028692234478719        3.5000000000000000                1
   11.499112257818361        6.6189769308622983        6.3937432763708477        3.5000000000000000                1
   11.607804394666188        6.7301665431938424       0.40721932711640191        3.5000000000000000                1
   5.7101546649703794        7.0225060462858737        25.979862565582991        3.5000000000000000                1
   5.3593630778616328        7.8898285885192223        22.475730992759054        3.5000000000000000                1
   11.926453612799014        7.3148450744036904        27.797938465683611        3.5000000000000000                1
   12.219442793561575        8.4410241775181305        37.364403748231503        3.5000000000000000                1
   8.7340897268660473        8.7408514373396962        25.021621631679622        3.5000000000000000                1
   11.794448441072561        10.447156894431002        4.3880997025169224        3.5000000000000000                1
   7.9112565811525766        5.3548534139646833        23.376195646975180        3.5000000000000000                1
   8.7275778621417466        12.233986934837016        1.2802449178417201        3.5000000000000000                1
   11.291149455609457        11.156237207637176        6.1028096817471580        3.5000000000000000                1
   12.234389239054105        8.5835477328340328        13.573904643346401        3.5000000000000000                1
   6.8559812299168108        5.8141411264366161        34.020534466524346        3.5000000000000000                1
   10.235778522670305        5.6221577737058679        11.594945416363336        3.5000000000000000                1
   8.0791245026892113        8.0643659933842091        38.991068313234770        3.5000000000000000                1
   5.4355685806812897        7.6349025564279254        4.6669740502737174        3.5000000000000000                1
   8.6045892974929110        5.2928302767166295        18.801133113609506        3.5000000000000000                1
   5.6427341768639714        7.1440119362507284        35.002799494875667        3.5000000000000000                1
   6.2564403319573474        6.3257887212932111        20.395540843742914        3.5000000000000000                1
   12.218064953717930        8.9845763151066702        24.724093641271974        3.5000000000000000                1
   12.210093055805515        8.3176949707121590        31.247121681923616        3.5000000000000000                1
   7.9894042343023299        5.3442159461775915        26.539519526070606        3.5000000000000000                1
   8.7347144345751637        5.2574755159374229        21.763190558405146        3.5000000000000000                1
   5.2667829411460412        8.9801665858208413        34.099886925631942        3.5000000000000000                1
   9.5743374817263049        12.149590082627732        20.056748846159724        3.5000000000000000                1
   10.356939785447267        5.6597635352118143        15.659528226295066        3.5000000000000000                1
   12.241321398325187        8.5179608580407056        8.5093009651052487        3.5000000000000000                1
   11.871175569384503        10.304398159040188        12.500690221711620        3.5000000000000000                1
   11.924363058934610        10.219509324355528        35.279324920779388        3.5000000000000000                1
   5.2948631345238653        8.2113211646532616        12.327500262064502        3.5000000000000000                1
   9.9877299641994881        12.020522300154095        30.699890988491180        3.5000000000000000                1
   5.6424472792831599        10.314169384832327        5.3531551835149758        3.5000000000000000                1
   6.4504488231289763        11.388058641218604        26.514249329326649        3.5000000000000000                1
   7.6060610304006628        12.052135264326596        24.898356323050688        3.5000000000000000                1
   12.086341595394817        8.0671634969854367        23.243616227000047        3.5000000000000000                1
   7.2681502541965592        11.919813900629325        15.901041778741584        3.5000000000000000                1
   8.5158283853721368        12.235914129101136        22.487049893748939        3.5000000000000000                1
   9.6006176710500046        12.140627993604708        3.9368059419341273        3.5000000000000000                1
   6.0955278419732828        6.4708985915312454        33.484483520322108        3.5000000000000000                1
   7.9609363550300198        12.155946562989415        38.766407654153625        3.5000000000000000                1
   5.9977400404053078        6.5963343430603949        10.212097601971534        3.5000000000000000                1
   10.643806315256992        5.8086406811150448        24.731430613738272        3.5000000000000000                1
   8.9773191268501940        5.2649183710590473        28.947454816130314        3.5000000000000000                1
   5.2598619589020412        8.5226309907758431        5.1965367218767939        3.5000000000000000                1
   5.7301852091185381        7.0250348840962147        22.900215513489744        3.5000000000000000                1
   7.5209864266138853        12.007035980594880        8.9930221191300568        3.5000000000000000                1
   11.458256499091608        10.966112705071179        31.843383231465069        3.5000000000000000                1
   10.741641632048369        11.627291577978182        35.261955486018415        3.5000000000000000                1
   7.1299107795124135        11.850920782427961        36.245899277330864        3.5000000000000000                1
   8.9112779596350595        12.240373025196861        37.240406424096292        3.5000000000000000                1
   5.2732195349270761        8.9209171992295602        17.921817180180515        3.5000000000000000                1
   8.1582520286209821        5.3103362641139666        32.463220892990122        3.5000000000000000                1
   8.7333508340133434        8.8046469219349266        19.942506780945614        3.5000000000000000                1
   8.7594676743279720        8.7476084951728001        5.8523232309387661        3.5000000000000000                1
   8.6298913984238688        12.199531780017615        19.554670703980076        3.5000000000000000                1
   9.6053878394278929        12.120518254733582        2.9129100363789560        3.5000000000000000                1
   9.2600859211168967        12.207246120562532        28.991687899806696        3.5000000000000000                1
   6.5535913077866041        6.0293118199822979        5.6271754502449669        3.5000000000000000                1
   8.7705936794665860        8.7531430257949694        2.7907038247304525        3.5000000000000000                1
   6.4052211264386711        6.1726239992240961        1.5929546954829659        3.5000000000000000                1
   9.7080306966251317        12.099638880088477        15.031172146946304        3.5000000000000000                1
   8.9725937323660219        5.2618932538284229        3.9182309882481325        3.5000000000000000                1
   8.4442307633942555        5.2945474467078686        11.548086490524206        3.5000000000000000                1
   5.5324651474361639        10.095027246197390        11.390765535350067        3.5000000000000000                1
   5.2685056204813252        9.0267039419411539        14.935782044947150        3.5000000000000000                1
   7.6967931510368723        12.086861649150345        5.8672716966040026        3.5000000000000000                1
   11.475120955521149        10.902998938266055        30.808136437031500        3.5000000000000000                1
   8.2314411107307137        12.200019813374132        16.496859634042700        3.5000000000000000                1
   11.721150683349551        10.586557718536600        20.560088127512877        3.5000000000000000                1
   12.048719004192689        7.5938058001193145        9.9733791036654154        3.5000000000000000                1
   11.454092313340462        10.959640030888471        33.739285825533798        3.5000000000000000                1
   5.3126027090829107        9.3334370361916648        7.7967773753419012        3.5000000000000000                1
   8.7583288114028193        5.2733309983600849        20.754178667106832        3.5000000000000000                1
   9.3987528494660637        8.7555369563239740        19.147861785417948        3.5000000000000000                1
   11.784244469822365        10.465077448083047        13.494098921373359        3.5000000000000000                1
   8.7238369286555937        8.7531061647015491        21.945645172263632        3.5000000000000000                1
   11.047185395746828        6.1278804524223265        1.9919647781449836        3.5000000000000000                1
   7.2586663660125321        11.895842142909252        33.103081225050978        3.5000000000000000                1
   10.020283728100372        12.010910324065041        31.739563063827294        3.5000000000000000                1
   11.727567089440944        6.9167211884759947        16.629258876862334        3.5000000000000000                1
   8.7940132845898411        8.7510457076833994        23.020463671906796        3.5000000000000000                1
   10.715158937721867        11.641409289729186        36.280645008318196        3.5000000000000000                1
   5.7484784282072425        10.534166442832365        21.093594363584113        3.5000000000000000                1
   10.751549835811398        11.611267270037686        34.228978542450925        3.5000000000000000                1
   10.981455307621099        6.0672331890929927        34.950818025859363        3.5000000000000000                1
   11.455207167539440        6.5307273811090845        33.235175882147864        3.5000000000000000                1
   7.8780409007922616        5.3815639019401456        37.505223835228939        3.5000000000000000                1
   9.0000072222529095        12.233867863252824        34.215362744477147        3.5000000000000000                1
   11.997713777506934        7.4572442277414588        31.767695036101074        3.5000000000000000                1
   12.181049518622904        8.0972354241881241        26.231744869794312        3.5000000000000000                1
   8.5616262529665104        12.239357619124002        18.477834371799037        3.5000000000000000                1
   8.0432351217573110        12.175972634601115        35.712717031597215        3.5000000000000000                1
   10.073530781303459        5.5184896712237714        5.5079558323184736        3.5000000000000000                1
   8.5547281982709134        5.2564521987798623        14.691614419950394        3.5000000000000000                1
   12.249329029507875        8.7259762358691848        11.408811235285309        3.5000000000000000                1
   12.051403783986352        7.6009579104475851        12.080149320465308        3.5000000000000000                1
   7.5460848308500585        5.4869794790216435        12.144069957716644        3.5000000000000000                1
   9.7335080271434258        12.108139612837908       0.85102766662671570        3.5000000000000000                1
   12.233892557334496        8.8161629754360380        19.623325164539946        3.5000000000000000                1
   9.6960490941236710        5.3813597769135804        36.511694819209112        3.5000000000000000                1
   6.3644507274213709        6.1906336356435689        38.535082681066712        3.5000000000000000                1
   8.2810424115536971        12.212011907537876        28.541685926028432        3.5000000000000000                1
   5.5929572396146865        7.2487069193149711        30.028229377960809        3.5000000000000000                1
   6.0707034504501136        6.5010665981993139        30.547767748758897        3.5000000000000000                1
   9.1050334437973319        12.231765758034241        31.157845000989727        3.5000000000000000                1
   11.754000060029846        10.544943534791162        7.4615520780430833        3.5000000000000000                1
   8.9639019692501822        5.2566193884789625        26.802139081602316        3.5000000000000000                1
   11.063043044305957        11.373909905469437        24.144868064846264        3.5000000000000000                1
   8.1396155030302282        5.3126200636538758        4.5173949745429622        3.5000000000000000                1
   7.4478245635735707        11.993920076063361        10.887818310299821        3.5000000000000000                1
   8.7720247960167992        5.2545146591776932        22.820842611137536        3.5000000000000000                1
   6.1297067973111901        6.4500522557668871        15.252615536938931        3.5000000000000000                1
   5.2590840570783559        8.8238663045844437        36.129973975654153        3.5000000000000000                1
   6.6165130698220560        5.9916918788628379        9.6265939807887158        3.5000000000000000                1
   5.3885000061140937        9.7231807298999815        24.568796827717222        3.5000000000000000                1
   10.952502626333894        6.0492652929448170        4.9374676041971828        3.5000000000000000                1
   11.937341739953673        7.3256134304024370        32.844444754881785        3.5000000000000000                1
   9.6390146386040101        5.3655597383289582        21.318233148753134        3.5000000000000000                1
   10.783106301194247        11.598022543901298        33.210987034172341        3.5000000000000000                1
   9.1690687750241899        5.2824005357185992        34.921285835245961        3.5000000000000000                1
   11.840482516097730        7.1788329792672698        23.754240860610697        3.5000000000000000                1
   8.7661442238914358        8.7700864257143571        14.043121044271743        3.5000000000000000                1
