     1000000
           1
  0.10000000149011612     
   3.9605436465836767        4.9794453485643171        35.016254917203895        1.5000000000000000                1
   6.0721307941002953        2.9435781084115793        12.481410054035933        1.5000000000000000                1
   6.5016781345045818        5.2991676554466602        32.140183479142181        1.5000000000000000                1
   7.3316106423994762        7.2611977409053168        35.502893776360715        1.5000000000000000                1
   2.6038614222129821        4.4445631243628476        12.833020119082356        1.5000000000000000                1
   6.0855401128561057        7.9148248004156594        34.294913358430051        1.5000000000000000                1
   5.7251473313062808        2.4926342944475297        18.121993608279247        1.5000000000000000                1
   3.1751623665384323        3.0951266830994753        23.041712696073628        1.5000000000000000                1
   6.9688455380815260        3.0326910396987201        20.613557353321401        1.5000000000000000                1
   2.3300692426480545        5.4846222172588179        39.514410620440209        1.5000000000000000                1
   7.6772003654783161        5.9163298106649327        31.112815497626791        1.5000000000000000                1
   4.1250134547889914        5.0650538790160544        9.4808158024579825        1.5000000000000000                1
   6.5202562182159935        4.7199922900236198        27.002093888339793        1.5000000000000000                1
   6.9447373464163267        3.5702547829890907        29.061914676100983        1.5000000000000000                1
   3.5433433447946907        7.5881548407096302        27.730088413869918        1.5000000000000000                1
   3.3266317358210844        2.9587389617505755        25.914248780577836        1.5000000000000000                1
   3.7940284206751445        2.7486588636169462        3.8686221219805343        1.5000000000000000                1
   4.6457253930587941        3.2505238414869448        27.805774874307687        1.5000000000000000                1
   6.8926777757570612        7.4210910264429391        10.674735469575069        1.5000000000000000                1
   7.5293731715462124        7.1970386979306475        23.526678862907673        1.5000000000000000                1
   5.6416266692949746        2.3947114593318308        3.2077785645750683        1.5000000000000000                1
   4.3887581774033002        4.7941351811038047        32.316910018259357        1.5000000000000000                1
   3.4791125582863400        2.9421148583326637        21.467535726610855        1.5000000000000000                1
   6.1779712716828863        5.5846848821635158        12.558614495803697        1.5000000000000000                1
   7.3585088984884388        3.7289796354220650        37.829625436200281        1.5000000000000000                1
   4.6094446022441637        3.0063185966262194        35.531898089203409        1.5000000000000000                1
   7.0040206785694350        5.9532582081351348        24.482448489326522        1.5000000000000000                1
   5.4325098753066197        2.3113669512319652        21.549824351411992        1.5000000000000000                1
   8.1392265252341467        5.5243698345582084        38.474399606226896        1.5000000000000000                1
   2.3331953702328025        5.5330046608486274        4.5815331884953361        1.5000000000000000                1
   3.1571517549069399        6.8785200900187426        22.112037444364141        1.5000000000000000                1
   3.3297090540242400        5.6039506761282860        18.963388875837154        1.5000000000000000                1
   6.6365520310800941        5.8145346082738429        9.9332657553772687        1.5000000000000000                1
   3.4796797996308642        4.9641871045095254        6.5545072903829560        1.5000000000000000                1
   5.1977665213649553        6.7809205622613176        23.324601116163063        1.5000000000000000                1
   2.3227600165660878        4.6264293995003820        17.088815845395676        1.5000000000000000                1
   7.4199753490161173        7.2680366027885412        8.9351897274931762        1.5000000000000000                1
   4.2596111274968633        5.5814627039596125        37.889603691056465        1.5000000000000000                1
   4.1031860690706523        2.8614671231962037        31.975348648723894        1.5000000000000000                1
   2.2858840377624348        5.3225608030847420        22.809567870856274        1.5000000000000000                1
   8.2050281761408783        5.6099578268880448        26.338487915411815        1.5000000000000000                1
   7.8103089024752510        6.4617378917637209        19.710026275938830        1.5000000000000000                1
   3.4103268673553950        3.0224159325979096        7.3139034286207325        1.5000000000000000                1
   5.2850152615557180        6.4021447902481521        9.6055507571054317        1.5000000000000000                1
   7.6128497768311760        6.5001688884067610        36.930876724992139        1.5000000000000000                1
   3.0875045430131740        7.0207929420707318        38.545301968323471        1.5000000000000000                1
   6.4391942516353815        2.7916566623470089        7.0565467876285570        1.5000000000000000                1
   6.9237532721326911        2.7631945952971795        4.0586866657117495        1.5000000000000000                1
   5.1509607096057985        2.6014928152582728        26.478286156820683        1.5000000000000000                1
   6.6728419345503065        2.6917443145524005        1.6172637604342859        1.5000000000000000                1
   6.2485173294828540        5.1423279978108258        37.219243604060686        1.5000000000000000                1
   4.2786060357074476        2.4122910199546648        5.2654702963097444        1.5000000000000000                1
   7.0942363238905406        7.3556568190661960        39.164093107353224        1.5000000000000000                1
   3.1526601037261228        7.2926935192409257        16.041311333684995        1.5000000000000000                1
   6.0007958016085183        4.6133113678952151        18.002442377232516        1.5000000000000000                1
   5.4139328930054083        7.5480518819679494        35.689867801702597        1.5000000000000000                1
   3.2522790295354516        6.8798833333007048        9.6315622362117814        1.5000000000000000                1
   2.8841273621381576        4.4337348253595446        27.893705423946876        1.5000000000000000                1
   3.6813127472506633        6.7252028968053859        12.132278144418983        1.5000000000000000                1
   3.0326447701486918        6.6716760355987423        1.2069438943109874        1.5000000000000000                1
   6.5548595271119519        5.0408596394585228        23.053842743245905        1.5000000000000000                1
   5.4440441164009208        6.6139897510350618        7.0064120241036303        1.5000000000000000                1
   3.4441205367155048        7.6322252577736025        13.374483446040283        1.5000000000000000                1
   3.3492643126907917        6.2870889847830895        20.601480366099580        1.5000000000000000                1
   5.2880019741673348        5.9868910945088114        17.856228279728139        1.5000000000000000                1
   5.5317282853231422        2.3087940811012673        24.807330247609656        1.5000000000000000                1
   3.9383077206983486        7.4982125317865593        17.784668566243258        1.5000000000000000                1
   7.5086826584867650        3.4939218914556314        9.9584389933389073        1.5000000000000000                1
   4.1124845612702394        7.6162161932358678        24.313506120197133        1.5000000000000000                1
   2.6685975730170970        6.2276775436424625        7.1766618435607770        1.5000000000000000                1
   7.0851352848808489        6.8787941808945332        5.8433266944215481        1.5000000000000000                1
   4.1684841568071667        6.2074859375223417        16.549128836867279        1.5000000000000000                1
   5.3636246044693685        7.6658402705776636        21.430825156034977        1.5000000000000000                1
   8.0686301237618014        5.6873619492463670        15.312703084435688        1.5000000000000000                1
   5.6471933862318267        3.6968513557641081        33.604397912180396        1.5000000000000000                1
   7.3530315428950317        6.7798770283292011        29.600925118047911        1.5000000000000000                1
   3.8780200201099433        5.8393306393201092        29.362584431579165        1.5000000000000000                1
   2.7793299627828461        4.2203849743903437        35.663934821581741        1.5000000000000000                1
   7.1805633542363747        7.0522436798653780        25.825061130016824        1.5000000000000000                1
   4.5252733733192043        4.8375097084657313        1.1820864883342810        1.5000000000000000                1
   5.6844747036359529        5.9960553966178018        2.7072740974512168        1.5000000000000000                1
   7.9108551958674633        3.9125223809361032        7.5780748262615072        1.5000000000000000                1
   3.0193774709668548        6.8214266685262874        33.435065257277500        1.5000000000000000                1
   5.2305780244472375        7.8658091656043654        5.6199178185089469        1.5000000000000000                1
   5.4191583844445770        3.4054838822324753       0.44332181149678107        1.5000000000000000                1
   6.9897936918969474        6.8971427998026860        1.5346815464608123        1.5000000000000000                1
   6.5451660896648569        7.7614357249491421        31.138734985075018        1.5000000000000000                1
   4.2443330410157554        2.4752704614268373        38.581697869975606        1.5000000000000000                1
   5.0211872369777382        3.6814583881542209        22.425487022242361        1.5000000000000000                1
   4.8466969076931044        8.1615926023033758        37.871878731470268        1.5000000000000000                1
   3.7823241160139607        4.6514795251629213        17.758208627910928        1.5000000000000000                1
   4.8998896577994788        7.8977732898193995        11.940680949031947        1.5000000000000000                1
   6.3999705849757822        5.2560643694162650        14.443869611895796        1.5000000000000000                1
   3.1495621720425695        4.5537566054926488        37.836064979730686        1.5000000000000000                1
   6.8002718330058771        5.9754788467145890        7.6614792928075026        1.5000000000000000                1
   3.3005429117509890        3.6480574930376317        24.572450830058052        1.5000000000000000                1
   7.6655895275917683        6.9328342204196538        14.462601440580867        1.5000000000000000                1
   2.7094158558748713        5.7483490402295141        36.987800487168748        1.5000000000000000                1
   4.1488963844842690        5.7546963176049024        8.1102524293885327        1.5000000000000000                1
   5.2969226711122790        8.1931273151016253        17.476225851432897        1.5000000000000000                1
   5.0740807547316038        6.9136788211530718        38.779128173712600        1.5000000000000000                1
   6.0806109134070008        3.8535373684152456        16.343118081103366        1.5000000000000000                1
   8.2181570730856990        5.3660460002061878        7.3237880010655374        1.5000000000000000                1
   5.1265950352314240        6.7796487672704773        36.950373973496234        1.5000000000000000                1
   7.0087906994348561        3.6051433805618465        25.197757086987142        1.5000000000000000                1
   2.4707662458460016        5.1528049631610244        30.278850386537265        1.5000000000000000                1
   2.2767984280255225        5.3685753852542888        9.9522494429577009        1.5000000000000000                1
   3.7420861912646486        7.7384519834396182        30.307999536416361        1.5000000000000000                1
   7.0274361181163814        6.8708662637328386        3.2751478181990987        1.5000000000000000                1
   4.1986263700608255        3.3643487155082163        8.9062051770241322        1.5000000000000000                1
   7.1778497775494889        4.0815321872105583        21.739297237563822        1.5000000000000000                1
   6.8856666451708497        7.1391090872930159        21.926262645651740        1.5000000000000000                1
   4.5212427183486055        5.4723846423355011        13.313261928763257        1.5000000000000000                1
   7.5568088049474138        6.5570912453826660        27.500153642835471        1.5000000000000000                1
   4.1493720769614431        4.5800068553226660        25.484014925779718        1.5000000000000000                1
   7.6205213021792684        6.4101524574884960        12.274822731929168        1.5000000000000000                1
   5.6089965192201561        7.7585476166452834        3.6028098469697381        1.5000000000000000                1
   5.0943221435131276        5.1159892877202591        36.156579567388746        1.5000000000000000                1
   5.2488332729711473        8.1877856186777969        8.0159565495246383        1.5000000000000000                1
   7.8338454327133151        4.3899830551284031        39.527091040642013        1.5000000000000000                1
   7.3526893649111189        4.2682645235603749        33.189970212227813        1.5000000000000000                1
   6.8875337160732135        3.1560345594663488        32.178465102293337        1.5000000000000000                1
   5.7217096425729093        3.4002348730605449        19.832994789432647        1.5000000000000000                1
   5.3910456220572067        4.8754006120212434        6.6030943204870463        1.5000000000000000                1
   5.4320785266020808        6.2826037593186070        5.5036941243883089        1.5000000000000000                1
   6.1112818909320481        4.9450862463180973        5.2630493998252055        1.5000000000000000                1
   4.7639975948252955        8.1439107697506152        19.752920876601657        1.5000000000000000                1
   4.1280379750734726        5.3223647159430181        2.5644883955908857        1.5000000000000000                1
   5.3648563339656201        5.8148205120021963        34.753976784914713        1.5000000000000000                1
   4.5603558527560830        5.7490232480019605        27.610923547343596        1.5000000000000000                1
   6.7768976023744019        5.2365287230735147        30.099837144705457        1.5000000000000000                1
   7.2019205282716197        6.6025684678392587        33.875206922189442        1.5000000000000000                1
   6.2819564688270342        5.3654360167330362       0.45734722632220193        1.5000000000000000                1
   6.8829054404071837        3.8516070545211551        6.0210090616915650        1.5000000000000000                1
   5.8649033723009243        2.4947105230955970        37.815052805174240        1.5000000000000000                1
   6.1423547244585084        2.4636817482846807        15.600664485743513        1.5000000000000000                1
   7.8417986762002529        5.8606832350712219        2.3587885973935103        1.5000000000000000                1
   8.0197020519858615        5.9076763578333198        35.282005678502884        1.5000000000000000                1
   5.4468774356656544        2.7901912156829041        8.2125218061108178        1.5000000000000000                1
   5.0515515118617591        6.7191632959299534        26.553693819376786        1.5000000000000000                1
   7.7822817822331416        4.3315689679969660        31.603028577049443        1.5000000000000000                1
   7.8901894590350343        4.5830062739140356        19.967080980561857        1.5000000000000000                1
   5.4331170653700056        5.7820816299049858        33.170056083675227        1.5000000000000000                1
   7.9254682949231983        5.0172765537074895        9.0206691639481917        1.5000000000000000                1
   3.5986571496756694        4.8746786630037544        21.679446419355596        1.5000000000000000                1
   6.4865516444865596        7.2125633893016827        28.338733191920159        1.5000000000000000                1
   3.5004529294510722        5.2149501233254227        33.472368678805609        1.5000000000000000                1
   5.6514087504811892        7.0335528783199495        14.264644041232687        1.5000000000000000                1
   7.7595926146410150        6.1769992071278947       0.42700947331360595        1.5000000000000000                1
   4.6413932022642665        7.1490592578932750       0.98449570941759168        1.5000000000000000                1
   5.6304751594134945        6.5794182818186799        11.354542074973761        1.5000000000000000                1
   3.4765093214657803        5.3398691965207874        24.034631480105705        1.5000000000000000                1
   7.8135151985988829        5.4620413193513331        17.947539707746103        1.5000000000000000                1
   7.7565331663784276        5.0859507166010554        28.792034121471115        1.5000000000000000                1
   6.6388014935316466        5.7672571312335306        39.053916918044486        1.5000000000000000                1
   3.1651676268896720        6.7467847538272165        35.189991756509407        1.5000000000000000                1
   2.7681508294027872        4.2502162366049365        3.5059015642398959        1.5000000000000000                1
   4.0539067621578715        7.3210278643556528        7.5571155904992118        1.5000000000000000                1
   5.3955127013822430        3.5617397793061838        29.929977099690699        1.5000000000000000                1
   6.1245755464918030        4.1681042033017821        13.415733061519719        1.5000000000000000                1
   7.1320142441182570        4.6563094492984893        11.852451321778842        1.5000000000000000                1
   5.5438483352675032        2.3092221639526875        31.863685706979041        1.5000000000000000                1
   4.9569254539941472        2.5997002189177181        6.6290540512302654        1.5000000000000000                1
   5.6243948775718806        3.8539151226041071        14.904540335041670        1.5000000000000000                1
   5.2552205011703910        8.1654249030929620        29.480307152392093        1.5000000000000000                1
   6.0329960977965467        7.1272296517761236        32.812340483368232        1.5000000000000000                1
   4.0694981743079790        6.0495806445903550        5.4200056121182144E-002   1.5000000000000000                1
   7.6355175594879707        5.8167080259865447        22.139167379860176        1.5000000000000000                1
   4.7534065836723443        2.4813776283714000        14.340384185496545        1.5000000000000000                1
   2.7035134524757911        6.3731013341000198        24.821698440743930        1.5000000000000000                1
   4.9529516367268611        8.0615998012003374        9.8534413001661836        1.5000000000000000                1
   6.5886504754274231        5.7133082178413597        16.653202447622427        1.5000000000000000                1
   5.2301765601704089        4.1994985588889335        38.890232401097308        1.5000000000000000                1
   8.0031014354641030        5.6007727875033071        4.1167712999871258        1.5000000000000000                1
   3.4461720959020559        4.3671666165570944        15.235601166072060        1.5000000000000000                1
   7.9213467509877322        4.8837433527275129        13.572350463354216        1.5000000000000000                1
   3.5500823991338026        3.0354333115034966        29.028399542308286        1.5000000000000000                1
   6.7910411051699446        7.5446198767686647        7.4996463446167070        1.5000000000000000                1
   4.5503454671621375        7.8501419583225518        16.212481704739297        1.5000000000000000                1
   5.8517331052992239        8.0379258981067512        26.536912199931674        1.5000000000000000                1
   7.9829713774620226        4.6488920648329666        24.693456071521460        1.5000000000000000                1
   3.6015706430448167        3.6475259996041900        30.774770927676752        1.5000000000000000                1
   6.9874730410582275        7.2655480647099902        18.318769778357613        1.5000000000000000                1
   6.3121680726795857        4.1606802159938807        3.1522359362574681        1.5000000000000000                1
   6.3239231578193804        7.6060552139470055        24.500620939565984        1.5000000000000000                1
   5.1234476347030835        6.7588936460661175        30.223129792142874        1.5000000000000000                1
   6.7579117547435903        3.0038428875390055        27.268985631011326        1.5000000000000000                1
   3.4994045390891664        6.0667186273963978        26.466022230155865        1.5000000000000000                1
   4.3366015358418322        3.2340798847369658        15.746986491757188        1.5000000000000000                1
   5.6775762663863842        4.2692457439753708        8.0269958610672330        1.5000000000000000                1
   4.3367018328975240        5.2751190767727500        4.9366793241163078        1.5000000000000000                1
   5.5623516361174383        3.3872405482584669        4.4062809161223315        1.5000000000000000                1
   4.1161706214194718        2.7354980000425018        20.125269344908581        1.5000000000000000                1
   7.4615918397298406        3.5948925488726760        16.967948326459862        1.5000000000000000                1
   4.7491506247982507        6.0091565077078526        24.852839760697346        1.5000000000000000                1
   5.0105148817493417        6.1873030633082982        21.362307231058043        1.5000000000000000                1
   6.7795750522371376        4.6231165813958484        34.880758632411869        1.5000000000000000                1
   2.9795029509760491        4.1383284518183938        32.404081458232916        1.5000000000000000                1
   2.5554475630926068        6.1537981126049095        17.532050696387351        1.5000000000000000                1
   6.9132976567971705        2.7597467316503375        39.125531211875646        1.5000000000000000                1
   6.6660843717895233        2.7290106443595863        30.352692450765936        1.5000000000000000                1
   4.7462919992058268        4.9418589491020573        11.520929683669756        1.5000000000000000                1
   3.9051079922365979        3.0381536112204062        1.7311849097690215        1.5000000000000000                1
   5.6445925451073418        7.7689787118823039        2.1030063809354305        1.5000000000000000                1
   6.4503827907213269        6.3684590991222896        20.417977650788998        1.5000000000000000                1
   6.0240167001006988        5.2354397567228022        25.554532412384173        1.5000000000000000                1
   2.8827266654182342        3.9424784636593726        10.528862821294057        1.5000000000000000                1
   4.2279835488461774        7.0662317465402236        14.873673538104944        1.5000000000000000                1
   4.1571129407628815        4.5907401093840479        19.965723330627533        1.5000000000000000                1
   3.4650506356205075        6.1198688319593488        31.279130262132700        1.5000000000000000                1
   4.0315712615973096        2.6272636648876673        17.616935478487672        1.5000000000000000                1
   5.6838292761445279        2.3226717746408472        11.128382475989541        1.5000000000000000                1
   2.9287939756380346        5.3638327648658333        11.434000129127202        1.5000000000000000                1
   8.2176639133123910        5.4003347552358818        32.585071329321359        1.5000000000000000                1
   4.6800581541959003        2.3717411472298040        34.089642737267425        1.5000000000000000                1
   5.9994395324206149        2.3940400069637517        23.067480675757519        1.5000000000000000                1
   2.4748398253087744        6.2078573087379993        28.074172774714071        1.5000000000000000                1
   4.3911696671181684        7.5469118837515978        34.591964132712327        1.5000000000000000                1
   3.0965920586785751        4.3327392454661684       0.42891343028574819        1.5000000000000000                1
   7.7723676925139698        5.3652047936287639        5.7895699115973125        1.5000000000000000                1
   3.8528900160461723        3.7902508344870083        13.508803776637043        1.5000000000000000                1
   2.4720214645220508        4.1974509565936788        8.4516987546179063        1.5000000000000000                1
   6.5067246261171769        7.7320386783479131        13.067486809424388        1.5000000000000000                1
   5.0602387968875115        4.3231034856049231        23.899901379734057        1.5000000000000000                1
   7.5836327443817995        3.7913896036544208        1.0718418241202123        1.5000000000000000                1
   4.6340980688092008        7.8908971804129981        32.929395666017925        1.5000000000000000                1
