     1000000
           1
  0.10000000149011612     
   5.3527363896432432        3.2884996190891509        4.7816715346547252        2.0000000000000000                1
   3.0667800931073863        4.7744327977364094        6.1188571386515385        2.0000000000000000                1
   3.1110340809857107        3.9969389704253864        6.8308087225662844        2.0000000000000000                1
   5.9849715172554347        4.3209573843097990        36.742167634896866        2.0000000000000000                1
   4.4531227961847080        5.9798859263077802        23.066811338294844        2.0000000000000000                1
   5.2109405084944758        3.2274914455779289        25.416758341741343        2.0000000000000000                1
   5.8539617985778092        5.1238118522476288        39.838316108354512        2.0000000000000000                1
   3.9428317456621622        5.8913234375524617        14.078471497214256        2.0000000000000000                1
   3.3506938187502731        3.6357986546628873        36.971272306733312        2.0000000000000000                1
   5.9485025902101327        4.1925275809103271        18.398836055958853        2.0000000000000000                1
   4.0145872256920345        5.8950321264016194        27.090039559976404        2.0000000000000000                1
   4.1853971230121108        5.8921168529934587        1.2342121328217235        2.0000000000000000                1
   5.0086404906709916        5.8519122157779035        26.364341572365465        2.0000000000000000                1
   3.5198064148057506        5.5886422429385183        5.6078598104520445        2.0000000000000000                1
   5.5065976118233149        3.4842853489069769        30.792673772641418        2.0000000000000000                1
   5.8759084088938218        4.5923598623157202        3.3182508775250659        2.0000000000000000                1
   5.6428747818551548        3.5432646879470617        10.049242809068716        2.0000000000000000                1
   5.7066382694920597        3.6147134182277485        15.472449954077485        2.0000000000000000                1
   3.6372744476393293        5.7033682407693824        37.810681458438147        2.0000000000000000                1
   5.2724031520399315        3.2190790649199696        18.904548877990489        2.0000000000000000                1
   5.1610490383821670        5.7001430447181676        27.581532013568630        2.0000000000000000                1
   5.1427561141872884        5.8037220000683041       0.54266770228183059        2.0000000000000000                1
   5.6203527444308783        3.5675634800088014        7.6225680349623053        2.0000000000000000                1
   3.0841925420826461        4.0848094735010161        27.370433699886963        2.0000000000000000                1
   4.3258903751681528        3.0573457666001573        31.109702785082082        2.0000000000000000                1
   3.7834341849683697        5.8115816676486727        19.375711618534464        2.0000000000000000                1
   4.8475656344589737        5.9217079092542191        12.266268678883833        2.0000000000000000                1
   5.9175816966976171        4.7295283207156773        2.0828908375909911        2.0000000000000000                1
   4.3973140583105801        3.0046758306171308        11.697880006902929        2.0000000000000000                1
   3.8083998703191768        3.1879821149413541        13.985661072828089        2.0000000000000000                1
   4.3582972061731589        5.9680485453148586        2.3755327665886807        2.0000000000000000                1
   3.0039589484944584        4.5384265431521307        36.298045678963149        2.0000000000000000                1
   4.3396850827630882        5.9493170542921243        29.421557855220769        2.0000000000000000                1
   5.0134436944608707        3.1369028855072201        19.997488553072749        2.0000000000000000                1
   4.5028407915222806        3.0972873991030188        29.958797055910196        2.0000000000000000                1
   3.4992538037549070        5.5395875107616597        3.1577873563522005        2.0000000000000000                1
   3.1457785481071268        5.0160617949616402        33.151091322041168        2.0000000000000000                1
   5.8099635647062442        5.0078239527535198        13.796460478152367        2.0000000000000000                1
   4.2224633820049862        5.9366867222234285        21.723169284117091        2.0000000000000000                1
   3.0014428177589165        4.4916526566497250        10.247254036107194        2.0000000000000000                1
   3.2878823500117318        5.3487789897511488        2.0400314382621301        2.0000000000000000                1
   5.9033819895953128        4.0431491368095269        32.677361521364190        2.0000000000000000                1
   5.8697478157585614        3.9520559594337632        5.4262165702855238        2.0000000000000000                1
   3.0144691316463481        4.4633133068960564        25.724980943863532        2.0000000000000000                1
   5.8130293187533635        5.1008407178356139        12.624608473810836        2.0000000000000000                1
   5.8124776753648533        3.8164309937395862        27.265344616822858        2.0000000000000000                1
   5.9796030114402958        4.6423488593746001        16.142653679637981        2.0000000000000000                1
   5.3710373457975082        3.3378748951687220        37.232864016711481        2.0000000000000000                1
   3.5062598326179288        5.6142607166158456        36.683861531026210        2.0000000000000000                1
   3.3586463949748637        5.4674731286322285        22.425997090190897        2.0000000000000000                1
   3.3914090022205445        3.5039374129113301        17.417670385762154        2.0000000000000000                1
   3.6262569175796329        3.3026833719812361        8.7285588899612172        2.0000000000000000                1
   3.1173781336249649        5.0747927269624737        39.671089294814344        2.0000000000000000                1
   4.2852986441972627        3.0229067933859652        37.717113149823199        2.0000000000000000                1
   5.1332548951331081        3.2215949894558111        39.541823118987125        2.0000000000000000                1
   3.4620044785762487        5.5793694320939267        23.559231995096660        2.0000000000000000                1
   5.6228562950668755        3.5403588071096008        34.926215317060112        2.0000000000000000                1
   3.1704718602160811        4.0637694020801645        20.925620996631014        2.0000000000000000                1
   4.6175156697560462        5.9376619170727212        37.110170240837142        2.0000000000000000                1
   5.8797129849860337        3.9276400824166093        26.134701654717823        2.0000000000000000                1
   3.1103937596799511        4.2081508334166360        1.4863273021812362        2.0000000000000000                1
   4.5722430769137707        3.0384785374899250        17.017473717267208        2.0000000000000000                1
   5.3655952196118610        3.3348380798948045        24.225290854040701        2.0000000000000000                1
   5.9113772841489238        4.8642996423662712       0.95164709809406178        2.0000000000000000                1
   5.9702392232283046        4.5076017633968073        17.269135122734035        2.0000000000000000                1
   5.9352088116333572        4.6167220642074644        35.705794112089343        2.0000000000000000                1
   3.8106422685716494        5.7459535583986954        25.922547998185152        2.0000000000000000                1
   3.9444740428678871        5.8786831351289743        6.5742424035542397        2.0000000000000000                1
   4.5543690190852955        3.0011068184605221        2.9354042275458432        2.0000000000000000                1
   5.8704592525231645        4.0528964815300288        19.516416073768383        2.0000000000000000                1
   5.9916440117769936        4.6360090538269567        22.676362584107686        2.0000000000000000                1
   5.3766162793845531        5.6907969158631895        22.122846439369667        2.0000000000000000                1
   3.5750013342265436        5.6397286656815613        4.2364505546220732        2.0000000000000000                1
   5.4946940971626983        5.6124691818869588        2.7889447497343260        2.0000000000000000                1
   5.5364241212475829        3.4911391500616857        36.092249053573283        2.0000000000000000                1
   5.6054308566738102        5.4818626079436186        29.821102548022488        2.0000000000000000                1
   5.9896493448007142        4.5214167684641868        30.295141745037288        2.0000000000000000                1
   3.0108838117072434        4.6407921278170337        17.814908342353565        2.0000000000000000                1
   5.8101456647686334        5.1407283805894650        25.631138299501892        2.0000000000000000                1
   5.4076298984993736        3.3897545223649028        11.056498901039319        2.0000000000000000                1
   5.5399667481902730        5.5706228003942675        10.404008686213471        2.0000000000000000                1
   5.8632721825055389        3.9273554073755719        6.7140220539071649        2.0000000000000000                1
   5.9673335109832184        4.7358687626672396        34.554662762984549        2.0000000000000000                1
   5.6207455652151745        3.5630509512561868        23.092089775264455        2.0000000000000000                1
   4.8202840014402062        5.9440586248412961        24.031486094109557        2.0000000000000000                1
   3.6042983605230399        3.3172606351137799        9.8494459064004758        2.0000000000000000                1
   5.5483321286258089        5.4638248942543948        5.4176043289805262        2.0000000000000000                1
   4.8387561129346768        3.0903231167196110        14.628255628382327        2.0000000000000000                1
   3.3885993133735886        3.5569452950457530        23.877898194796529        2.0000000000000000                1
   4.8001118938700875        3.0426660296788057        27.723793991545438        2.0000000000000000                1
   3.0857924523479738        4.0970752739122638        14.389840263363441        2.0000000000000000                1
   5.0711361866284310        5.8555949795318316        19.909990768218751        2.0000000000000000                1
   5.9026532142038839        4.7800429355633201        14.932245288120567        2.0000000000000000                1
   3.3184718271733167        3.5829176427658411        5.8827374990942989        2.0000000000000000                1
   3.1722011314654255        3.8096748638048461        39.214977604554143        2.0000000000000000                1
   4.9714020087947528        5.9027292758864425        39.380339402127319        2.0000000000000000                1
   4.3202815942293471        5.9386148860984633        34.792075781102696        2.0000000000000000                1
   5.9808435986356745        4.3279692926475626        31.478745104810930        2.0000000000000000                1
   5.7706827773027838        3.7520521696054541        14.351056673436036        2.0000000000000000                1
   3.8064933614895571        5.7891580246015275        12.884405862928205        2.0000000000000000                1
   4.3338299922514523        5.9793240152711000        28.243546169104924        2.0000000000000000                1
   5.4173851438607592        3.3438866835254539        17.659874640393141        2.0000000000000000                1
   3.4731787500545397        3.4395742241496139        30.337036427107098        2.0000000000000000                1
   5.7869976633215430        5.2656676341203568        38.715386350834152        2.0000000000000000                1
   3.0070694863883158        4.4362224706118596        11.432392938734692        2.0000000000000000                1
   3.9852830603193659        3.1037414836937280        38.857091092186913        2.0000000000000000                1
   5.8716224235568424        3.9929248714397882        39.075098910899058        2.0000000000000000                1
   5.9450108557153456        4.4518475978854593        9.4343831502387356        2.0000000000000000                1
   4.7847671333226547        3.0580093499325223        1.8859561067691151        2.0000000000000000                1
   3.0280701292225265        4.4215451169687032        23.178441830924697        2.0000000000000000                1
   3.0726929970113601        4.7006255656732732        24.303366608686165        2.0000000000000000                1
   4.7936610140792464        5.9200990298393315        4.6550646879072399        2.0000000000000000                1
   3.1565433930908369        3.9131993018391955        13.358215046995880        2.0000000000000000                1
   4.4063341921355033        5.9515515183844876        35.968953587142707        2.0000000000000000                1
   5.8311628434796683        3.8352994360221384        33.789378017732091        2.0000000000000000                1
   4.5284682935325691        5.9752062624752904        30.509164622386983        2.0000000000000000                1
   4.7437843633423338        5.9720873947831858        25.148137062361265        2.0000000000000000                1
   5.7687624759647029        3.8805802274470111        20.820229007661425        2.0000000000000000                1
   3.2515539352035572        5.2797497342652520        21.344306825637080        2.0000000000000000                1
   4.0031626615927927        5.8562633375912485        33.557895160846641        2.0000000000000000                1
   4.5731311784765314        3.0085227100150420        22.361405606499613        2.0000000000000000                1
   5.1863355421922597        5.8139459946897682        21.117027874590239        2.0000000000000000                1
   4.7634113517890189        5.9665713764785684        5.9030364081282674        2.0000000000000000                1
   3.4699711270800786        5.5563060975536365        17.013107473416898        2.0000000000000000                1
   5.9354711678306016        4.8226384258045050        4.7319981011034820        2.0000000000000000                1
   3.0662865316831494        4.3482187321444883        35.099967730994422        2.0000000000000000                1
   3.2418430496471684        3.7264893559512364        25.059598999755284        2.0000000000000000                1
   5.2370478195124139        5.6803823315024600        14.454730445222790        2.0000000000000000                1
   3.0734659674705598        4.8945681459623565        5.0286975907669369        2.0000000000000000                1
   5.8644894178939104        5.0205190313327615        33.427445777062260        2.0000000000000000                1
   5.2602276584147418        5.7527553085832501        1.7098121418840588        2.0000000000000000                1
   5.0974233461579903        5.8505136459941669        13.271204030740185        2.0000000000000000                1
   4.6739386922375212        5.9801864112930465        9.6957339180261304        2.0000000000000000                1
   5.7717445097610192        5.2608197572491795        24.586459592690900        2.0000000000000000                1
   4.7409301641685886        5.9234469926214741        11.052641860609548        2.0000000000000000                1
   4.9295217250051140        3.1008524450610864        21.171758785943599        2.0000000000000000                1
   4.5644448608132278        3.0152268752727487        35.317769425252798        2.0000000000000000                1
   4.4826889044416642        5.9711718354068886        16.366180610948174        2.0000000000000000                1
   4.2966066735044857        3.0290801326523700        18.059459923441207        2.0000000000000000                1
   3.7522085873484392        3.2466622833640479        15.200770595744372        2.0000000000000000                1
   4.4264784582199583        3.0339059246713118        10.547752144333803        2.0000000000000000                1
   5.7530401694750051        5.3144359852971776        32.231442013294789        2.0000000000000000                1
   4.5426554148285847        3.0290560509657678        15.848021929349665        2.0000000000000000                1
   3.9544825898904103        5.8680732004937379        20.488835455457231        2.0000000000000000                1
   3.9780342519576188        5.9022491455166781        9.7397590633296546E-002   2.0000000000000000                1
   5.9315176367660962        4.8321371417256938        21.445620543441667        2.0000000000000000                1
   3.6786612961442944        5.7448472051909398        38.962587492530396        2.0000000000000000                1
   5.2755354732437265        3.3260384042942501        31.800366545803719        2.0000000000000000                1
   5.8253680601985378        5.0807502535750810        20.217816959592774        2.0000000000000000                1
   3.8073045519524022        3.2473928101113518        1.0741595308705274        2.0000000000000000                1
   3.0192760348268579        4.3653621476175601        2.7009988902580111        2.0000000000000000                1
   5.5918617547221148        3.4835036484997781        29.552221798371960        2.0000000000000000                1
   3.8823199067086054        5.8564738020199938        10.314711572351561        2.0000000000000000                1
   5.7714816650768830        3.7547160973167495        1.4054639265623989        2.0000000000000000                1
   5.2024400009018317        3.1834799880928273        12.433192183162548        2.0000000000000000                1
   5.8989128644372215        4.2367625777243578        37.958071587563118        2.0000000000000000                1
   5.6101939230109030        5.4998615249823226        30.999637998548042        2.0000000000000000                1
   3.1406904763344783        5.0748908781899056        26.642626961567636        2.0000000000000000                1
   5.5201884983167018        5.5933105712442970        7.7831981526107086        2.0000000000000000                1
   3.9942020762872903        3.1105068455537457        5.2557355092216698        2.0000000000000000                1
   3.2442126142795651        5.3080182289487157        34.346240965424499        2.0000000000000000                1
   5.4674051873929352        5.6174269734476754        35.301932668917310        2.0000000000000000                1
   4.4899231302487834        3.0314537517127049        4.2726476267937770        2.0000000000000000                1
   4.0767012956677036        3.0623214094923159        6.4002924066427598        2.0000000000000000                1
   3.2776857557000048        5.2571306627901535        7.0887345085158042        2.0000000000000000                1
   3.0927484998383270        4.9485181773725158        12.472294245996606        2.0000000000000000                1
   5.6172855732901938        5.4464368361124649        3.9604356562392260        2.0000000000000000                1
   4.5246906942550238        3.0427019221438933        9.2148499522825968        2.0000000000000000                1
   5.6332314536096249        3.5339410615940796        8.8800192769346022        2.0000000000000000                1
   4.8845823384844653        3.0590579170664314        34.096823523645938        2.0000000000000000                1
   3.8885083367347049        3.1591044311369618        27.029210304319857        2.0000000000000000                1
   5.1407059579909147        3.1652892837727320        26.549247840483904        2.0000000000000000                1
   4.3818930554356390        3.0708969062214666        36.602597312373334        2.0000000000000000                1
   3.0697183292671513        4.6307508509918778        30.837943598813922        2.0000000000000000                1
   3.9204329068945976        3.1398714422829452        12.816231212609027        2.0000000000000000                1
   5.3805504784355112        3.2910518987823902        3.5098759480168198        2.0000000000000000                1
   3.3245998537181838        3.6413412559849849        18.535220400727752        2.0000000000000000                1
   4.8217691916830452        3.0575570669221830       0.72991007536498498        2.0000000000000000                1
   5.5270904241554879        3.6105777875039289        2.5457252811174271        2.0000000000000000                1
   5.8330055492453576        5.0855978009545817        26.790360728749377        2.0000000000000000                1
   5.7116780005351719        5.3465985105315159        11.419502079810941        2.0000000000000000                1
   5.3410876460026708        3.2791801451655518        6.1439319262827423        2.0000000000000000                1
   3.1664020772366657        5.0265462329677124        20.111210148341510        2.0000000000000000                1
   5.6226874577489010        5.4035271589696388        37.534856418806839        2.0000000000000000                1
   5.8743149874134604        3.8991313118662836        4.1413390472563014        2.0000000000000000                1
   5.5233201620755450        3.5624545563063141        16.504450252163711        2.0000000000000000                1
   5.9358070299027919        4.7268901525671048        29.169595395043753        2.0000000000000000                1
   5.3778879330654501        5.6969965301029477        28.702271823105320        2.0000000000000000                1
   5.4469457331952702        5.5585743155994871        23.269864906146836        2.0000000000000000                1
   4.4936343493947426        5.9995391922181751        17.502935858740610        2.0000000000000000                1
   3.7907254377181987        3.3471049582833907        28.077651773334146        2.0000000000000000                1
   4.8140287821531684        5.9645321566515408        31.718743927117544        2.0000000000000000                1
   3.5772978115730765        3.4527618690110238        29.255128456485103        2.0000000000000000                1
   5.5024059232845808        5.5489858134794892        16.741452111526804        2.0000000000000000                1
   3.9885375657406361        3.1007004912954534        2.4171005522740235E-003   2.0000000000000000                1
   3.2997104985417192        3.6543309958884458        38.191104713136710        2.0000000000000000                1
   3.8364876252731483        5.8279778056368707        24.490236327664856        2.0000000000000000                1
   3.3794703992529076        5.4284170682074251        35.521738398981931        2.0000000000000000                1
   3.9224925663110901        5.8841951982555472        7.8355330367398182        2.0000000000000000                1
   3.2517520381323393        5.2888187514120073        8.4203246967204848        2.0000000000000000                1
   4.7714689909319636        3.1344633727425415        28.836600965824317        2.0000000000000000                1
   5.9529258338769218        4.3141090173656433        24.940336806576855        2.0000000000000000                1
   3.9383011752387422        3.1445128860088363        25.787349184061583        2.0000000000000000                1
   5.2150294042631495        5.8127335994979381        34.136063795640823        2.0000000000000000                1
   3.3797940212072062        3.5024890695518347        3.3659502764119051        2.0000000000000000                1
   3.1580075965262635        5.0941669496467563        13.641578398209228        2.0000000000000000                1
   3.0676224546779669        4.0762192176168783        8.0549031860914209        2.0000000000000000                1
   3.6571582671623948        3.2767908544992697        7.3311861847934798        2.0000000000000000                1
   5.6378969418662894        3.5601827904604257        21.893397508489560        2.0000000000000000                1
   3.0448906126531106        4.3077012254388185        15.497677296642973        2.0000000000000000                1
   5.8523027581628781        4.8735896657888631        8.4894814713520343        2.0000000000000000                1
   3.7262995645227428        5.6837099271403906        18.210147792524054        2.0000000000000000                1
   3.1217045676162343        4.0017325668489727        33.806738204294760        2.0000000000000000                1
   3.5817121190423542        5.6669135944142894        31.289763114167101        2.0000000000000000                1
   5.5473766414547203        5.5057863684762554        36.389095177198840        2.0000000000000000                1
   3.0757987153024420        4.8956560381082888        18.891328917902413        2.0000000000000000                1
   5.7986216514346012        3.7569657894468196        28.370162800546499        2.0000000000000000                1
   3.2791521149183378        3.6717338185202970        12.097693645006547        2.0000000000000000                1
   5.8861226450870650        4.0115973037333728        12.934983369949823        2.0000000000000000                1
   4.2331381979438882        5.9564611159075831        15.136946249673841        2.0000000000000000                1
   5.6945860326626914        5.3488300718633397        17.994828159366953        2.0000000000000000                1
   4.3745910052546693        5.9511329409884208        3.7154741322362117        2.0000000000000000                1
   3.7256498915724858        5.6864946765763840        11.681022540768526        2.0000000000000000                1
   4.8283868692077769        5.9570296350610903        18.663525567204861        2.0000000000000000                1
   5.3836556314254098        5.7040698148814242        15.730181163856532        2.0000000000000000                1
   3.0605507958513090        4.4196058398708296        4.0407404256062582        2.0000000000000000                1
   5.4874681557777407        5.5801473776845851        6.5758154388309391        2.0000000000000000                1
   5.9664771825129765        4.7921716019650260        7.2932114947955640        2.0000000000000000                1
   4.0509719740069272        3.1255078775909619        19.272343977155803        2.0000000000000000                1
   3.7959651746526122        5.7873140450972294        32.385765597055325        2.0000000000000000                1
   3.1328037594281941        4.3791924703560934        28.532342232989198        2.0000000000000000                1
   3.2114211524522864        5.2460499537152199        27.804575924163260        2.0000000000000000                1
   3.8906727578294911        5.8318343110532425        9.0037276665019590        2.0000000000000000                1
   5.9676451304833966        4.3165041806128110        23.715725025294290        2.0000000000000000                1
   3.1440416523383465        4.9085507581419252        38.523331492207284        2.0000000000000000                1
   3.3187648566440799        5.4218740311816376        29.007715613779745        2.0000000000000000                1
   3.4124118334296281        3.5720736340106884        10.901402457104384        2.0000000000000000                1
   3.6009039135797858        3.3655944412022190        34.703012129816976        2.0000000000000000                1
   3.2469867292957395        5.2867012064323005        14.813187046342145        2.0000000000000000                1
   3.3343517326368315        5.4347792298126398        15.934633508274006        2.0000000000000000                1
   3.1310478581134271        3.9128318356369696        32.771624997030038        2.0000000000000000                1
   3.0616220029495751        4.5834648508073954        37.364823917673647        2.0000000000000000                1
   5.2677856001043448        3.3203471568304077        38.380370017727159        2.0000000000000000                1
   5.8517607002055501        3.8606581186700821       0.24715595449932259        2.0000000000000000                1
   3.1066718834354563        4.8537573364417073        31.995074888025876        2.0000000000000000                1
   4.9489780216199373        3.1141785921096954        33.011870174282528        2.0000000000000000                1
   4.4421985596859610        3.0148063031515879        23.434938215671732        2.0000000000000000                1
   3.3658422459244628        3.5186804801124216        4.5051384922232831        2.0000000000000000                1
   3.0794284909868233        4.4752778530085120        9.0178453079032614        2.0000000000000000                1
   5.9617783724725770        4.3419100744001797        10.771187056073598        2.0000000000000000                1
   3.2095300512232643        5.2602278133871279        10.866349364054946        2.0000000000000000                1
   5.9601131715212619        4.7036059700758788        27.993201545412820        2.0000000000000000                1
   4.8798139986397784        3.0900675855542921        7.0634881708916382        2.0000000000000000                1
   3.1476369053852942        3.9111088506562854        19.701585900065201        2.0000000000000000                1
   3.0890486007363629        4.1081282885771131       0.47463653220911722        2.0000000000000000                1
   5.7041781293519369        5.2837806271948127        19.172170491610743        2.0000000000000000                1
   4.7615526036438691        5.9748703392806393        8.4405831754453242        2.0000000000000000                1
   3.6254266314133465        5.5879946236038913        30.092613054998502        2.0000000000000000                1
   3.0347300826763659        4.4384390884928990        29.666307141232124        2.0000000000000000                1
   5.0473862854906528        5.8536193650090134        32.892167100293292        2.0000000000000000                1
   3.5361029566402693        3.3542898965515455        2.2866129275011327        2.0000000000000000                1
   4.1295763146821169        3.0784195863754227        32.221931493586546        2.0000000000000000                1
   3.4953067894182754        3.4229899175344900        35.698853323763039        2.0000000000000000                1
   3.5310022443038993        3.3836359296397234        16.244973576278376        2.0000000000000000                1
   4.9981006250097062        3.1190223976673095        13.616482796508496        2.0000000000000000                1
   5.9748620251048372        4.2515699064888199        11.938853121820760        2.0000000000000000                1
   3.2526379794976186        5.3316350278267635        25.143772779117693        2.0000000000000000                1
   3.6011445079372542        3.3494754024120277        22.763239344759089        2.0000000000000000                1
   5.4694830920728830        5.6266123981333855        9.1141885599031216        2.0000000000000000                1
   4.7780984905335933        5.9665849615897839        7.2010041739879300        2.0000000000000000                1
   4.3117608970958772        3.1325589586698928        24.666002802240175        2.0000000000000000                1
   3.6657256678637360        3.2682361273614551        21.571721891247250        2.0000000000000000                1
   3.1837937323966097        5.2030351358926916       0.88557451132687037        2.0000000000000000                1
   3.3090984592927142        3.6282070444900820        31.555134090640156        2.0000000000000000                1
   3.0377115049180814        4.3374410912619714        22.038845374328826        2.0000000000000000                1
   3.9652460619065613        3.1251559366832766        33.409709992601059        2.0000000000000000                1
   3.9055793970047405        3.1634325492460222        20.477873124205331        2.0000000000000000                1
   3.2138990116878077        3.7364614417926725        26.398907893837105        2.0000000000000000                1
   3.2794931818130100        5.3551559269322331        9.6548875022138354        2.0000000000000000                1
   4.8292779172947373        3.0948597288509636        8.2621947446391513        2.0000000000000000                1
   3.0046630115776898        4.5359951230357050        16.732290459764997        2.0000000000000000                1
   4.8537365627997842        5.9464995833841865        38.222433234587385        2.0000000000000000                1
