     1000000
           1
  0.10000000149011612     
   9.8955678901341138        5.8004460996361331       0.57287966269699153        2.0000000000000000                1
   4.9478588623474007        6.5321240998193737        7.2412688913502965        2.0000000000000000                1
   6.9781190750143978        9.8673673880976338        34.550676186954213        2.0000000000000000                1
   7.4975695392697519        7.8004904481303994        23.288420684410305        2.0000000000000000                1
   5.1770817143103240        5.7931376960000076        32.434797673779052        2.0000000000000000                1
   9.4333546148540801        4.6096051947899381        6.8260641482611284        2.0000000000000000                1
   3.8654950482873258        8.3420302428230659        10.475967272524889        2.0000000000000000                1
   8.6995383099263819        9.2004400699958637        11.354881679664310        2.0000000000000000                1
   3.1294348528976452        6.4841028150561195        10.621091975727525        2.0000000000000000                1
   9.6214408275500940        7.4991251892077333        7.4784765999181699        2.0000000000000000                1
   7.1120965557617621        7.6617101003728711        20.371079987246308        2.0000000000000000                1
   8.1604509981845421        9.5707417811469746        24.208496575745741        2.0000000000000000                1
   9.2872176536220401        4.4670169441247554        4.7657328748043186        2.0000000000000000                1
   6.1328378458796875        6.8229075473233953        11.653591948068492        2.0000000000000000                1
   5.1620083222861446        7.4661082441915463        15.702730717026128        2.0000000000000000                1
   3.1429063761087597        5.5984719013074722        12.849698420740113        2.0000000000000000                1
   3.1850256672344539        7.5843939781615628        36.502948278086194        2.0000000000000000                1
   4.6125136091028835        3.6014305075931645        28.996923900685783        2.0000000000000000                1
   9.8714048389676936        6.9092525875839339        19.368077769990759        2.0000000000000000                1
   9.5833951350100737        7.9148490050384179        19.157317613566274        2.0000000000000000                1
   4.2602499286240159        4.0567894636262603        37.248428114541930        2.0000000000000000                1
   4.9876669724519411        3.4902443282751814        11.886618331112739        2.0000000000000000                1
   3.4088689029458830        7.5229944157218167        25.143491104040873        2.0000000000000000                1
   3.0685046672138974        6.0349536679786082        27.439559732486668        2.0000000000000000                1
   4.0171499802871038        4.5069626921150778        29.024589648391611        2.0000000000000000                1
   8.1456653072701091        9.5800722473614535        28.282931656463447        2.0000000000000000                1
   3.5668165453366489        5.8471232714170087        18.956241906222537        2.0000000000000000                1
   8.0313797465667491        7.3843860560208361        29.439697263719466        2.0000000000000000                1
   3.9812031838367399        4.0763401325611142        31.039748913233577        2.0000000000000000                1
   6.0281022775890438        3.0488667997121612        3.1440404110358089        2.0000000000000000                1
   8.9217872754162304        4.0062367485682904        19.916711575081898        2.0000000000000000                1
   5.8847141038452397        6.1121688149687889        6.7856944694074377        2.0000000000000000                1
   5.6677697913681513        5.1444699029163532        34.483276856192212        2.0000000000000000                1
   3.5986490041565071        8.3475703791573217        6.0842664910139996        2.0000000000000000                1
   9.3526324118975168        6.0069375631587523        30.158827562945671        2.0000000000000000                1
   4.4118136540147139        9.0159770262158876        31.291193218681578        2.0000000000000000                1
   4.5997104117999505        3.5741174015026309        1.6424885973630732        2.0000000000000000                1
   9.8982437190385610        7.2904168819145596        21.530560285460144        2.0000000000000000                1
   6.8743814123728226        9.9606929710271519        11.718568264014765        2.0000000000000000                1
   4.1445112328771820        9.0151772776379264        33.313401802354292        2.0000000000000000                1
   5.0036764489078536        7.0482757935911300        18.133692589912474        2.0000000000000000                1
   9.7085803973176361        7.8928143655533489        9.7279306329250215        2.0000000000000000                1
   7.1967595668284661        9.8491819430521712        7.7321275935987384        2.0000000000000000                1
   4.9785789335420274        6.9493962953942443        30.335804643508865        2.0000000000000000                1
   3.8731920353076070        8.8025801106493518        18.936502668426243        2.0000000000000000                1
   3.9267420142099390        4.2645410288031007        14.230335724438376        2.0000000000000000                1
   7.1972144425283604        9.9034388446467396        5.6471054837264543        2.0000000000000000                1
   3.6122580546049066        4.7234210803553340        37.917088785276583        2.0000000000000000                1
   9.8788897347181823        5.9356189996383737        8.7421944259711282        2.0000000000000000                1
   9.9529663154546704        6.7498027985764013        15.117547181236327        2.0000000000000000                1
   6.5661618862035080        8.9353903579009746        11.906307640803735        2.0000000000000000                1
   6.9515608712600603        4.8970730390061146        32.018527671500991        2.0000000000000000                1
   9.5836480873601566        8.0126349101243282        30.565934506129839        2.0000000000000000                1
   7.5123412571198065        3.2340577370110175        22.003553942457078        2.0000000000000000                1
   3.5538306511684858        4.8454679480341509        18.795286640350241        2.0000000000000000                1
   3.0280212705887144        6.7535245040625016        4.1233703575808223        2.0000000000000000                1
   9.0348537744364492        8.4824269586518515        17.160529113565712        2.0000000000000000                1
   9.8657885247719559        6.6624041035682593        6.8738506843218223        2.0000000000000000                1
   5.6700049918802780        3.1614211811015163        15.852384840047582        2.0000000000000000                1
   5.8841209660865665        4.1199992976024360        5.0579597794244826        2.0000000000000000                1
   8.1171853608643012        9.4784560378412515        19.812610699384191        2.0000000000000000                1
   3.3001555272125023        7.5924505993877087        2.3061715043341962        2.0000000000000000                1
   4.3896544385180283        3.7196423382433785        35.075233199315832        2.0000000000000000                1
   9.9228944267203545        7.2087951295096433        23.695296821445666        2.0000000000000000                1
   8.2133416765030844        9.5446830235034987        30.330708754091290        2.0000000000000000                1
   9.3552169076602283        8.0932109540951167        5.3407535127060859        2.0000000000000000                1
   3.5057470061597980        6.0378336252218423        33.977421678220296        2.0000000000000000                1
   6.9253155809742557        3.1201193515583787        11.406178556912032        2.0000000000000000                1
   6.6862242459754393        3.3357752091053010        27.014354045036601        2.0000000000000000                1
   4.2322620759616907        5.6155940252037002        35.994256067109951        2.0000000000000000                1
   5.2893779647262296        3.2264976829777843        37.528630170182275        2.0000000000000000                1
   7.9203198257384546        3.4504675920626613        19.880280085994873        2.0000000000000000                1
   9.7867013403232530        5.3442393413162055        4.5223365262112969        2.0000000000000000                1
   9.1691934989425086        8.4996339633371001        7.3366586093144939        2.0000000000000000                1
   7.4658177210438268        6.7019793868534876        18.429211022485141        2.0000000000000000                1
   9.4998361534917173        4.8093411256319420        11.174653933237247        2.0000000000000000                1
   3.5643674692812843        8.2820530971102890        14.623739649096706        2.0000000000000000                1
   5.7740237503516090        4.9908663086830902        32.350349856015178        2.0000000000000000                1
   9.0683926087040501        8.8009517733298477        28.231396303066443        2.0000000000000000                1
   3.3392990290734783        6.4512687131432171        2.1615294683818429        2.0000000000000000                1
   5.0087048039942044        9.6351723914216798        14.124927283782929        2.0000000000000000                1
   6.1939934602037638        9.9309099238312957        35.199142639143851        2.0000000000000000                1
   3.2126849178045154        5.7727414542515545        37.930950264995012        2.0000000000000000                1
   3.7304168171251382        8.3634052705619997        21.119537628326579        2.0000000000000000                1
   9.0465842628483752        8.8273191803751292        32.693558561829349        2.0000000000000000                1
   6.2657597994943401        4.7512543677937504        21.323353072231267        2.0000000000000000                1
   8.4582385816853751        3.6257029327358348        24.777032023415291        2.0000000000000000                1
   6.4289263767748990        4.9693757629835851        19.225342394440819        2.0000000000000000                1
   4.3587208817924887        9.1034963758938101        35.368052082878677        2.0000000000000000                1
   5.0258188231587617        7.0267002527243889        20.158262801368373        2.0000000000000000                1
   6.2738845552921836        7.9071422387108390        26.175797293901148        2.0000000000000000                1
   9.2031352760804559        4.8663489927280690        15.628145652155126        2.0000000000000000                1
   5.8507565797228995        7.6929047105310904        30.227304076715281        2.0000000000000000                1
   6.2389868244857558        4.9932616232025673        14.852156030178920        2.0000000000000000                1
   5.1544333501559692        7.3062128816790164        26.251199786085795        2.0000000000000000                1
   5.4421105534279892        6.3884353815505781        4.7068373838366027        2.0000000000000000                1
   8.3100028085181243        3.5253424961003250        3.0057148980918815        2.0000000000000000                1
   4.2416712898222189        9.1435659434857985        22.985474134023871        2.0000000000000000                1
   6.1294331173119039        5.6217201829632710        17.241785081045656        2.0000000000000000                1
   6.4561472465105272        9.7768529634870429        29.350879493525110        2.0000000000000000                1
   6.0784475400907576        3.0377752934701250        9.3195419807704738        2.0000000000000000                1
   9.1942691184920164        5.0304220520677418        13.591727776528518        2.0000000000000000                1
   7.4110192422634595        7.5816656865968426        13.240768220838168        2.0000000000000000                1
   3.5734869775555067        8.1486839918768919        8.3376981834356716        2.0000000000000000                1
   4.2267285530859926        9.1403853632591758        39.739996875199267        2.0000000000000000                1
   7.0833113039501638        3.1570050822714752        31.012553217644069        2.0000000000000000                1
   9.2224992571984732        4.4106003594722898        22.075046953257999        2.0000000000000000                1
   7.0823770706575138        3.1177507232487369        1.3329159205592580        2.0000000000000000                1
   7.5105608106274886        5.2860827092465232        10.073560531079870        2.0000000000000000                1
   5.1122790287467010        9.6807835352638403        22.909657625033145        2.0000000000000000                1
   6.9897106190579832        6.5279390126488739        35.415391362255285        2.0000000000000000                1
   3.2734028767195538        5.2334140377878864        20.870471823372899        2.0000000000000000                1
   3.1756308379498219        7.2975502115226263        6.1468001907196230        2.0000000000000000                1
   8.1056324851832056        3.4290142891052668        30.811207329908569        2.0000000000000000                1
   7.6603228038299518        7.5780404865217834        8.3845549321708130        2.0000000000000000                1
   8.0439394439301655        9.5630057373481332        3.3616748666654090        2.0000000000000000                1
   5.5311889796694018        7.5074484629739135        28.253191922836365        2.0000000000000000                1
   5.0882176499150473        9.5531832717676597        37.949504114726345        2.0000000000000000                1
   7.5149641262962819        9.7741178906826764        17.571152306551397        2.0000000000000000                1
   5.6179179617216022        3.3451055856916256        39.642079746870351        2.0000000000000000                1
   9.9456861048318999        6.8428707991084385        12.828876588146278        2.0000000000000000                1
   5.1819955998716756        6.4676386553244765        13.544475368544839        2.0000000000000000                1
   5.5090457446522061        5.1083146950206775        4.7363078222417565        2.0000000000000000                1
   8.6045187568382584        9.2374381386797122        38.199382626852305        2.0000000000000000                1
   8.0431323197747631        7.0045564157727531        15.786341956240552        2.0000000000000000                1
   9.5892909318465147        4.9891800909156494        30.281998247564758        2.0000000000000000                1
   5.6610613065988415        9.8802994234999986        27.387382071328918        2.0000000000000000                1
   9.1910733961809026        4.2924700266334810        24.220569480834328        2.0000000000000000                1
   3.8935238853630376        8.7041820731992665        16.656487886566179        2.0000000000000000                1
   4.1307812711050165        4.2493505069915605        20.757328934630152        2.0000000000000000                1
   6.6386156426003939        7.9663258639170964        17.000253244460019        2.0000000000000000                1
   3.3002523535491939        6.6015119289291597        12.799638488575331        2.0000000000000000                1
   6.1177826554931078        7.9179457454498046        34.219869183538940        2.0000000000000000                1
   3.8274316573151292        4.4034030604519145        22.805470826496336        2.0000000000000000                1
   6.6084538311832794        4.7782738372577942        34.238984279444978        2.0000000000000000                1
   8.0012043996826687        3.4959060263726069        11.379459027905270        2.0000000000000000                1
   8.1049099359867078        5.9480467203453014        18.616508914466998        2.0000000000000000                1
   5.0553081240644593        7.2924834785386716        5.0740880109864541        2.0000000000000000                1
   5.0713060062872142        9.5973942234075622        33.524855421637248        2.0000000000000000                1
   3.1082834975703011        6.4531994388578369        25.000401607784152        2.0000000000000000                1
   9.6202733074590530        7.7877697741472796        32.717248099879200        2.0000000000000000                1
   6.0056107663897960        4.8869905476358033        8.3860059642790379        2.0000000000000000                1
   8.4011699245501692        9.4035184687043092        9.3425981023172966        2.0000000000000000                1
   3.1680078234897509        7.5643564454463164        10.274289993288129        2.0000000000000000                1
   9.6166341342832471        7.7627319742463072        25.824250710587375        2.0000000000000000                1
   9.7476793398033426        7.7243810121769023        14.875108784223379        2.0000000000000000                1
   7.0591631422575354        5.3497479816828228       0.81726108656477336        2.0000000000000000                1
   3.4666306605273158        7.7126755655909953        16.999070322583492        2.0000000000000000                1
   6.1789510470111386        9.9746233358421588        5.6334494126316912        2.0000000000000000                1
   9.6796904515980309        7.1725687898131723        10.680646987378394        2.0000000000000000                1
   4.4201403907893386        9.2712921546058915        2.0528759873496676        2.0000000000000000                1
   9.8818591660188009        6.7638297883187519        32.244617149064645        2.0000000000000000                1
   6.6840080622154607        3.1030309336489443        6.9294972427099060        2.0000000000000000                1
