     1000000
           1
  0.10000000149011612     
   6.6227101948681284        10.348838184231317        21.399938197529842        3.0000000000000000                1
   4.8824503935063959        6.0712457155177795        16.208082743383333        3.0000000000000000                1
   7.2122794156638603        10.484518318357896        16.007914948736932        3.0000000000000000                1
   7.6887545320647703        4.5071661564705812        26.606668335754403        3.0000000000000000                1
   5.1822815296054667        9.3691736569019319        24.411326026882641        3.0000000000000000                1
   5.8872175551745398        10.014363800665800        38.662238103283151        3.0000000000000000                1
   5.4097697844163877        9.6439947549246305        35.572576534645847        3.0000000000000000                1
   7.2520555486397820        10.457094760364505        9.8599543923194641        3.0000000000000000                1
   7.2392815941444653        4.5369534021406137        10.846338058761795        3.0000000000000000                1
   6.7656296741344502        10.381220316404111        12.912232115501432        3.0000000000000000                1
   10.183846810513407        6.1648208240614544        3.8933646923389715        3.0000000000000000                1
   9.4292371890775257        9.7973106929023750        32.563865587345461        3.0000000000000000                1
   4.7796470959943456        6.2592575290434249        3.6665718810241632        3.0000000000000000                1
   4.6546767733227705        8.4022133207210850        18.233072051108454        3.0000000000000000                1
   5.1638844961304002        9.3356604641471712        22.396991806724994        3.0000000000000000                1
   7.4916514573289676        7.4887731796698143        8.3979186187651660        3.0000000000000000                1
   4.8758791228542755        8.9017221009647294        21.448482240078810        3.0000000000000000                1
   7.7822429776108928        10.474985022267065        23.393345026908978        3.0000000000000000                1
   9.0425623455545594        10.068405832762776        17.132977163051571        3.0000000000000000                1
   7.4813187721919281        7.5124564232559168        5.3712861010596722        3.0000000000000000                1
   4.5476187830583150        8.0229071076805187        2.7871591969058431        3.0000000000000000                1
   7.2459810646639422        10.478959119485644        20.245854160182631        3.0000000000000000                1
   4.9132051662592957        5.9816011190669371        22.323378387743784        3.0000000000000000                1
   7.7689946401855217        4.5543922752679515        14.006428031364514        3.0000000000000000                1
   9.2179219471027150        5.0442324104803502        31.478141665750922        3.0000000000000000                1
   6.6483851162685053        10.320289611744208        33.618416855117367        3.0000000000000000                1
   7.5024327756196971        7.5016665072365516        12.445410633590289        3.0000000000000000                1
   7.4963646856098984        7.4825335945439333        39.179117274029302        3.0000000000000000                1
   6.5008239465200832        10.301146729241974        35.645586985693427        3.0000000000000000                1
   7.5289263083308677        7.4965049284024357        1.2786281230466747        3.0000000000000000                1
   4.5667860246490877        6.9645826068409420        38.611572279263953        3.0000000000000000                1
   5.4770616543040287        5.2902996745378879        37.508459423417733        3.0000000000000000                1
   6.7474959556081551        10.401534355873924        14.952784685755663        3.0000000000000000                1
   5.9007884454665414        4.9702867001602034       0.73870623290611248        3.0000000000000000                1
   5.9461177354365349        9.9756523781936917        32.634944269213101        3.0000000000000000                1
   10.433606486571662        8.0610329887195000        10.915742550137111        3.0000000000000000                1
   10.054544020805192        5.9307846958201642        36.576016399046765        3.0000000000000000                1
   7.3921334267392291        4.5279663258840381        30.516588717867094        3.0000000000000000                1
   4.7145686335770574        6.3918390556699043        30.287887559223041        3.0000000000000000                1
   8.9831172138736726        4.9071686157714085        12.139520788876842        3.0000000000000000                1
   5.6316968645621808        5.1663660765508395        22.474046326329301        3.0000000000000000                1
   7.5378476810137887        7.4820948211481966        22.875026202446303        3.0000000000000000                1
   7.0763435572812483        10.427128409597707        36.652201990921235        3.0000000000000000                1
   5.0974731188102087        9.2512346555768676       0.77130924986866800        3.0000000000000000                1
   6.0586464850097714        4.8931303207831327        13.006980452507984        3.0000000000000000                1
   9.9801145320610836        5.8172918705459571        10.793453670499773        3.0000000000000000                1
   7.5058090010974841        7.4836429138241307        9.4226563062741917        3.0000000000000000                1
   6.1920556319093834        10.179146593573430        9.9278222128668752        3.0000000000000000                1
   4.7406988935056207        6.3403135786859979        35.589467247611147        3.0000000000000000                1
   8.1394406119490039        4.5755717770137139        27.530881927531713        3.0000000000000000                1
   7.5106649942765848        10.471028560204470        3.8667133086237979        3.0000000000000000                1
   6.2865928027659317        4.7728392812416605        23.470938615423453        3.0000000000000000                1
   4.5958595624782195        8.2510063635393891        22.283634915761031        3.0000000000000000                1
   10.498311678955835        7.4031261198996399        34.658730587958203        3.0000000000000000                1
   8.7974253771997866        4.8088254047643471        24.515274969729699        3.0000000000000000                1
   4.5895365620574466        6.8625404712282734        32.600028546202203        3.0000000000000000                1
   6.2202055495254500        10.168267101163034        18.209370791715930        3.0000000000000000                1
   8.3438631028070525        10.342381596839971        28.596612586010501        3.0000000000000000                1
   5.5225696536644380        5.2827775217494386        3.8058237721181460        3.0000000000000000                1
   9.6930635582204143        5.4840597018802582        5.2870536975797648        3.0000000000000000                1
   10.492723937097747        7.4767339035553331        1.8302505274475305        3.0000000000000000                1
   10.390388782216567        6.7752478923866688        35.748047400762992        3.0000000000000000                1
   5.6568530324250004        9.8483186651531902        10.863204423767522        3.0000000000000000                1
   5.1914941516814954        5.5950107983252479        17.122134420414316        3.0000000000000000                1
   5.1260630622897931        5.6734446305295929        6.8318507765458909        3.0000000000000000                1
   4.9006920419109727        8.9837732384148108        13.035863503075145        3.0000000000000000                1
   7.4924961699924362        7.5061710594795876        20.787761153084023        3.0000000000000000                1
   8.7635852800344640        4.7819276148332417        39.567174390247764        3.0000000000000000                1
   5.0542760574041132        5.7633913689877740        2.8028271196677190        3.0000000000000000                1
   9.9419433642033681        9.2147610454964486        8.9606364677759665        3.0000000000000000                1
   4.9782820751405854        9.1122011215952217        30.625133690384136        3.0000000000000000                1
   5.9796639695978211        10.059153992053586        28.538424878385968        3.0000000000000000                1
   7.5592091378895141        4.5026690385691444        1.5884494055579106        3.0000000000000000                1
   10.141103561991493        8.9210620348710119        18.205737915678750        3.0000000000000000                1
   10.468796968698449        7.7523107887879199        20.343258882037638        3.0000000000000000                1
   5.4896492390446632        9.6682116818680743        37.589595932142927        3.0000000000000000                1
   10.410033420967000        8.2280465429365002        31.569263531632338        3.0000000000000000                1
   8.8535258291827112        10.176249523172313        35.654980502185410        3.0000000000000000                1
   7.4989038726421082        7.5061838106927983        3.3566991780785895        3.0000000000000000                1
   6.4997914227223434        4.6791379580591128        28.441995320071822        3.0000000000000000                1
   10.474776489370393        7.1370360505175681        31.636274009100255        3.0000000000000000                1
   5.3000341049473709        9.5265355376476872        3.9133719612857525        3.0000000000000000                1
   4.7384635915967914        8.6506007151756155        31.483998573086698        3.0000000000000000                1
   10.410511652359896        6.7733394498069357        14.755756099634080        3.0000000000000000                1
   4.6704291357535439        7.3799757782841979        33.458305700386923        3.0000000000000000                1
   8.5704744475734280        10.289043851473178        9.9794291678824614        3.0000000000000000                1
   7.4933733148957078        7.4878437161850062        15.606492623774498        3.0000000000000000                1
   10.397179782875462        8.2207587923417424        21.285842597271053        3.0000000000000000                1
   7.1457102335430971        4.5285224734299474        36.539135174155916        3.0000000000000000                1
   7.2762001700193721        10.466674585984014        7.8793519560204928        3.0000000000000000                1
   10.476851830785121        7.1311807185250453        27.675973214367719        3.0000000000000000                1
   10.364988733732352        6.6482602939332587        18.240040201482575        3.0000000000000000                1
   10.136278192607685        6.0878281431587986        21.317049828846987        3.0000000000000000                1
   9.3542378673638282        5.1491754379107988        36.584091336296950        3.0000000000000000                1
   6.5819802270731431        4.6666334111317331        9.9847887357191389        3.0000000000000000                1
   7.7038560816051609        10.461869905888101        19.305700679124083        3.0000000000000000                1
   10.461619631404156        7.1109849348248702        19.281714132151624        3.0000000000000000                1
   4.5669132975591253        6.9084555536064158        34.574490796581557        3.0000000000000000                1
   10.373738740671673        8.3594108130969875        35.604562101987014        3.0000000000000000                1
   4.8874826017846322        6.0466094859633355        7.8757568882888860        3.0000000000000000                1
   7.6491826267646692        10.480236843740881        39.701438810312851        3.0000000000000000                1
   10.344802535544243        6.5718319283981126        39.519546991244567        3.0000000000000000                1
   6.5203090579608718        4.6805744974649004        22.460345470130044        3.0000000000000000                1
   9.5856223827449050        9.5996779649014190        5.8674022053409116        3.0000000000000000                1
   7.0407535067306757        10.405058203683781        32.615747801649604        3.0000000000000000                1
   5.4536150209015553        9.6617323469131442        39.653218235893824        3.0000000000000000                1
   4.5299492682979903        7.5314383189720981        39.659826336531310        3.0000000000000000                1
   8.8664250973221641        4.8356558632012590        14.135193209986918        3.0000000000000000                1
   7.5032033813403984        7.5028428857511509        7.3972317423688478        3.0000000000000000                1
   9.0858712909934791        10.014477986103010        15.054526764889038        3.0000000000000000                1
   4.6183612221378523        6.7180219155341456        15.003575441290474        3.0000000000000000                1
   4.6014757260059751        8.1818679546074513        26.590038620967526        3.0000000000000000                1
   10.424977030354649        8.0846323975449348        8.8691238345991241        3.0000000000000000                1
   7.1834256641778387        4.5207119339839617        4.5807926538694881        3.0000000000000000                1
   9.1688089690126446        5.0325239095901875        2.9734348636662387        3.0000000000000000                1
   7.8184690677338216        4.5230056440093573        7.6133758095003055        3.0000000000000000                1
   9.2932281338512794        5.1129844034630478        11.109270363858558        3.0000000000000000                1
   5.9640654437267022        10.062955032618046        34.609365996501829        3.0000000000000000                1
   8.3894794611555898        4.6467009989978116        21.315454613601077        3.0000000000000000                1
   4.9018721217151890        8.9555365641314335        23.478264577771931        3.0000000000000000                1
   10.227414158760739        6.2826826706266710        30.559081058110358        3.0000000000000000                1
   5.5236795915263777        9.7543798052673019        29.527901506047691        3.0000000000000000                1
   7.2792884307123380        10.472394401612771        22.404294229615221        3.0000000000000000                1
   10.474789154286691        7.8014479776612724        24.373973420398464        3.0000000000000000                1
   5.1440055213622546        5.6753845911342067        15.069121594808578        3.0000000000000000                1
   5.7097502866440646        5.1171156918080429        18.131260499664041        3.0000000000000000                1
   8.1227251588165821        10.431404381071554       0.81587771875266590        3.0000000000000000                1
   5.2113395217694967        9.4053230182427843        36.657334104222322        3.0000000000000000                1
   7.8215889365513869        4.5336080230118583        33.587872729151222        3.0000000000000000                1
   8.7602418273778735        4.7887809257681129        20.386213707952152        3.0000000000000000                1
   5.5599905202094995        9.7649994037448042        21.309241358406730        3.0000000000000000                1
   9.1302183984328735        10.009776308961932        13.038929177244869        3.0000000000000000                1
   9.8279752548288606        9.3375378759098417        15.048453051601202        3.0000000000000000                1
   9.8172431468667707        9.3877285366117267        27.527625816099015        3.0000000000000000                1
   10.263118324312602        6.3678392796389920        9.8517983512930929        3.0000000000000000                1
   7.4970645238412352        7.5067370921366781        31.040870079176432        3.0000000000000000                1
   9.9616560515027874        9.1842373109991655        37.767907172522904        3.0000000000000000                1
   4.6958508221509101        8.5536047761426151        5.9528347078601538        3.0000000000000000                1
   4.5240285912701905        7.2790876855301185        7.9007595805527204        3.0000000000000000                1
   8.3340770740518089        10.363823505780825        36.682987068558418        3.0000000000000000                1
   8.7959837595966466        4.8188721464410040        30.545595691178260        3.0000000000000000                1
   7.9069216456154949        10.455357026426306        8.9473235665640640        3.0000000000000000                1
   10.098447646809584        6.0381742194990906        27.547611529053150        3.0000000000000000                1
   8.5603958007316372        10.289662877907849        7.9417883920461465        3.0000000000000000                1
   5.7291004221097577        5.0980686279906067        31.509496905902047        3.0000000000000000                1
   4.5064792153938074        7.3196766573297571        16.068707470256943        3.0000000000000000                1
   7.5091533527836356        7.4945982480534541        16.607317686543205        3.0000000000000000                1
   4.5172523948687315        7.8198443400348010        17.167398384599409        3.0000000000000000                1
   9.3977892611360101        5.2102933766264750        8.8640468042418608        3.0000000000000000                1
   6.4285744234749709        10.297545996128063        29.626120478485948        3.0000000000000000                1
   8.5210696150890257        10.300883628051860        14.038653966217829        3.0000000000000000                1
   6.7044838704846228        10.376638696877336        19.214080619016165        3.0000000000000000                1
   8.3088646788962333        4.6161193055095504        2.5662219415199199        3.0000000000000000                1
   10.278266435473347        8.6205784119089301        3.8685814631784812        3.0000000000000000                1
   10.106942066389847        8.9642320697990154        20.319798940616291        3.0000000000000000                1
   5.5970633145854620        5.1871950188829965        20.315230437522999        3.0000000000000000                1
   10.104897350844313        8.9833371968482716        2.8046618546537836        3.0000000000000000                1
   9.4228895123293590        9.7970590347034783        20.415548871734472        3.0000000000000000                1
   9.9803218927152493        5.8236283867699479        31.585399429918542        3.0000000000000000                1
   5.2796883130681849        9.4727059468741501        16.044264954977365        3.0000000000000000                1
   5.3594614230611128        9.5686870280657939        1.7605799209376511        3.0000000000000000                1
   6.1803533113455282        10.149830558928420        16.152696839164815        3.0000000000000000                1
   9.5210709243534666        5.2971856010174836        10.050432627321614        3.0000000000000000                1
   9.9370712996341961        9.2127202463788560        6.8717561028486873        3.0000000000000000                1
   9.3020128369409214        5.1078990878872972        38.637603987218554        3.0000000000000000                1
   7.2648467823644269        10.485128510873800        18.375781608675716        3.0000000000000000                1
   5.2748856519512346        5.4986897052262282        23.368718290911403        3.0000000000000000                1
   9.9960444265091954        9.1200219726637002        4.8700489529806106        3.0000000000000000                1
   9.5374181300630827        5.3369959984860111        34.561755742055077        3.0000000000000000                1
   8.7571237234628878        10.196013936543187        37.746876639618513        3.0000000000000000                1
   8.4991229281243985        10.307314903341265        32.678000384147417        3.0000000000000000                1
   4.6734387840061062        8.3730695506447752        9.8798865861276166        3.0000000000000000                1
   10.350377728251310        8.3919820568466346        27.484649450245414        3.0000000000000000                1
   5.1320098578172413        9.3325105706175471        18.210719185224999        3.0000000000000000                1
   6.7249089242799114        4.6440781219066123        11.878134709921998        3.0000000000000000                1
   7.5979630614029121        4.5087509118946842        28.523090787196594        3.0000000000000000                1
   9.1748496355343505        9.9762636413302470        4.9265042072042231        3.0000000000000000                1
   10.282216791114436        6.4243234004341705        32.644358270305034        3.0000000000000000                1
   9.8004246976871396        9.4031978758924524        25.385415145937984        3.0000000000000000                1
   10.138666836782793        8.9074220038950536        30.583071823371846        3.0000000000000000                1
   8.8814555486222275        10.104856357087714        33.610432337751028        3.0000000000000000                1
   7.7584301902752868        4.5171664231332169        20.353017223207765        3.0000000000000000                1
   8.2427600242876888        10.402127422668235        30.654110700460237        3.0000000000000000                1
   6.0074812316797033        4.8998709754403826        15.096114834603032        3.0000000000000000                1
   7.0906453219909711        4.5285709097374047        34.578899873428398        3.0000000000000000                1
   10.130095161282172        6.0585653159599566        29.457063789777663        3.0000000000000000                1
   7.4820054372832923        7.5140060688939299       0.19705383942075391        3.0000000000000000                1
   7.9317684182502228        10.455657096331565        14.934941757242497        3.0000000000000000                1
   5.5139236827512130        5.2567582122115599        11.915357354457193        3.0000000000000000                1
   7.5204484111999141        7.4963148479411368        26.977103127612839        3.0000000000000000                1
   5.6229021443654545        9.8252408522649954        23.498765786230990        3.0000000000000000                1
   7.4892630242846829        7.4773946342663296        28.000492630661526        3.0000000000000000                1
   10.378019796603247        8.3288464340169881        17.350226695566452        3.0000000000000000                1
   9.8937605612064967        9.2895535318826958        35.629266317985554        3.0000000000000000                1
   8.5269088127623114        4.7204698478553571        3.8606010324725508        3.0000000000000000                1
   5.2052072251206134        5.6124990165392372        4.8286965576545287        3.0000000000000000                1
   4.7494118363841649        6.3207350128790090        27.232365430801199        3.0000000000000000                1
   5.9696682209784564        10.042020396437447        26.572702413787038        3.0000000000000000                1
   8.1541206878552810        10.418829572285301        2.7235292475030324        3.0000000000000000                1
   10.330504586660711        6.5535688036318946        28.558346749507024        3.0000000000000000                1
   4.7900794274363907        6.2525527761518171        33.573951198714795        3.0000000000000000                1
   8.7421547458582438        10.227950579913328        39.720234885299320        3.0000000000000000                1
   9.4585607365751621        5.2732848731585129        13.054392996133245        3.0000000000000000                1
   10.089656430104789        8.9666309663753303        36.769969330506875        3.0000000000000000                1
   9.3861794153971729        9.7677261110490061        36.654339153770174        3.0000000000000000                1
   7.5010655138611844        4.5274060178354629        8.6260745573782049        3.0000000000000000                1
   5.0488940883846825        9.1622109953331705        32.583422511791952        3.0000000000000000                1
   5.9671853481129160        4.9220754662293817        19.262152707979968        3.0000000000000000                1
   5.8515939693149859        9.9975546661898171       0.80025995025835239        3.0000000000000000                1
   10.275056921020747        8.5769057073370174        39.833299530334621        3.0000000000000000                1
   6.7898807856179415        4.7424409622006101        33.472798631575365        3.0000000000000000                1
   10.427998451161962        7.9903353535223136        6.8026842065324340        3.0000000000000000                1
   7.4871069472180176        7.4777035754276300        36.089918297781658        3.0000000000000000                1
   7.5222959760689143        7.4856968488285025        32.070814117885661        3.0000000000000000                1
   10.358517681560096        6.6027736657205836        20.155925398859523        3.0000000000000000                1
   4.7100993090420538        6.4144757724661705        39.553061556449279        3.0000000000000000                1
   6.6032453149347017        4.6440751410014789        14.036931920168374        3.0000000000000000                1
   4.9926580679333252        5.8716571047333499        38.692251840829194        3.0000000000000000                1
   5.0007503071426802        9.1533598308728710        2.7554825568864545        3.0000000000000000                1
   9.3277939733097330        9.8735040367978772        38.777736801090832        3.0000000000000000                1
   4.9341030315539278        5.9585166478366691        24.192792298682381        3.0000000000000000                1
   7.4830347640383277        7.4807220980814728        6.3875618197700632        3.0000000000000000                1
   6.1412118460837481        4.8324414216254663        10.871920254082319        3.0000000000000000                1
   8.2887359363329178        4.6222205868784130        13.140347914993779        3.0000000000000000                1
   9.9142945778111926        5.7464235945354574        3.0035435297471706        3.0000000000000000                1
   5.1657024750432505        9.3687574583647741        26.524378314911967        3.0000000000000000                1
   4.5353289412721880        7.1624261725718261        22.411090235615088        3.0000000000000000                1
   10.234299173596570        8.7297249782586164        9.9549145118987248        3.0000000000000000                1
   10.092428918642273        5.9994019353645314        15.312504682677115        3.0000000000000000                1
   10.313023646681954        8.5243545775683849        25.507149718826216        3.0000000000000000                1
   7.4978688332001271        7.4691180439026548        19.721498812855032        3.0000000000000000                1
   4.7812000067326865        8.7329899592292310        25.407605497693122        3.0000000000000000                1
   10.474405275936517        7.5610048548812001        11.852887874054957        3.0000000000000000                1
   9.6599316331105030        9.5662613686883375        39.710060172582061        3.0000000000000000                1
   8.9467504721640196        4.9174956985907459        33.613509329753050        3.0000000000000000                1
   7.1934133362647570        10.471149755546964        28.569348060495546        3.0000000000000000                1
   8.3115800426692612        4.6344628922097675        17.308106769459719        3.0000000000000000                1
   5.7522836245504099        9.9167263551461353        15.128906772870682        3.0000000000000000                1
   4.5740262657653821        7.9815757710505784       0.79307077767985568        3.0000000000000000                1
   4.8529259917479797        8.8866990513197415        8.9417331255421502        3.0000000000000000                1
   10.428050447726420        6.8888737250147685        6.8691377494089148        3.0000000000000000                1
   10.426119774051925        8.1152157223180961        12.990174946826569        3.0000000000000000                1
   4.5828680414213299        6.9111397836001043        26.424796219652407        3.0000000000000000                1
   5.1561669932595464        5.6371511862254344        34.542651942335510        3.0000000000000000                1
   7.4991721463133567        7.4790349229190989        25.937889478844731        3.0000000000000000                1
   5.7394747838780438        9.9207051637930235        6.9324206698023723        3.0000000000000000                1
   5.7151126679838731        9.9097069344693232        17.071609337241913        3.0000000000000000                1
   4.8860188082180063        8.9629784982280576        17.263051894190568        3.0000000000000000                1
   9.3097232117374471        5.1162797985730464        21.407693549567913        3.0000000000000000                1
   4.5873921556874011        6.8202601223410220       0.64467343064859350        3.0000000000000000                1
   6.8150946160073946        4.5926383329681544        31.524300068263383        3.0000000000000000                1
   9.9255905080593418        9.2414123154895034        12.953594366228797        3.0000000000000000                1
   7.7981881958273229        4.5266422043366363        18.165051182634343        3.0000000000000000                1
   6.5380990116224291        10.291684667530536        27.495321901456734        3.0000000000000000                1
   4.5979953426285682        8.2406830670166613        32.654947618147204        3.0000000000000000                1
   9.5309984507409826        9.6963233768060952        9.8359904211056826        3.0000000000000000                1
   7.1400561627542389        4.5310964583296442        27.520604437432077        3.0000000000000000                1
   9.3687936822509990        5.1637595285758184        23.424723838090955        3.0000000000000000                1
   10.164020707946984        8.7992903285151947        34.706938371726793        3.0000000000000000                1
   9.9951095338783063        5.8465479623541938        38.579470882615368        3.0000000000000000                1
   7.4945819170736305        7.4874038271008869        24.925946659280310        3.0000000000000000                1
   7.4870763961261959        7.4820236416583548        35.076992502704989        3.0000000000000000                1
   5.5726681876218684        5.2124286928526242        16.072529690884711        3.0000000000000000                1
   6.5491475381760695        4.6574351520723676        7.7401171186298301        3.0000000000000000                1
   7.4852434628531039        7.4825405829452594        18.669570422417998        3.0000000000000000                1
   6.3001062533813261        10.227344989573828        11.948085935501631        3.0000000000000000                1
   5.2433226645195230        5.5374110024266558        30.438895963607091        3.0000000000000000                1
   7.5046599017370932        7.4816834131651389        21.869844244113374        3.0000000000000000                1
   4.8119102666295408        8.7616039677261419        39.611578467619374        3.0000000000000000                1
   9.4478615304421378        9.7728336585302635        18.045149229489098        3.0000000000000000                1
   8.8651932354419092        10.129983869482425        25.386966768518764        3.0000000000000000                1
   6.4876857908138774        4.6820064136676827        35.640767109107685        3.0000000000000000                1
   4.7338121852196959        8.5927730964430200        3.8686551571385870        3.0000000000000000                1
   10.474740271468105        7.1295454634659885        21.358172338313604        3.0000000000000000                1
   7.4855626284383412        7.5004048486302253        14.583567229401899        3.0000000000000000                1
   5.5472968458806875        9.7315363893729110        25.546313239454921        3.0000000000000000                1
   4.8597019285393852        8.8887541706306319        19.242081498841308        3.0000000000000000                1
   4.5199352953417140        7.2705436351456427        14.011698083136555        3.0000000000000000                1
   5.2476260536224633        9.4545492585347048        9.9749317362783891        3.0000000000000000                1
   4.6112567613855369        6.6910081799910142        11.013315750061897        3.0000000000000000                1
   10.458153984286215        7.9013616887917735        38.840690855369004        3.0000000000000000                1
   8.8691902095565993        4.8307374237324119        26.573750189339016        3.0000000000000000                1
   10.135644011812165        6.0707767404278625        25.586247532432179        3.0000000000000000                1
   9.8775815265801974        5.7121760390312204        24.478660281648843        3.0000000000000000                1
   9.9049310434963829        9.2575243354304977        10.875150658583902        3.0000000000000000                1
   7.9479335767459300        10.462339513228383        11.053751577667388        3.0000000000000000                1
   7.2790676520555824        4.5104818735176453        25.477438134099188        3.0000000000000000                1
   8.9407987438513228        4.8756891466040786        7.0316145939799064        3.0000000000000000                1
   10.471590501112887        7.6700836667567103        18.300860038405855        3.0000000000000000                1
   7.4778171727797318        7.5077041946150738        2.2873321397713893        3.0000000000000000                1
   9.4275141265648923        9.7878807920601822        30.536552950110362        3.0000000000000000                1
   10.079945731748262        8.9622970405354963        38.737205226534890        3.0000000000000000                1
   9.8085983985352598        5.5988230166316511        28.571242849230224        3.0000000000000000                1
   9.6971743569520399        9.2562688704667284        33.651265324543786        3.0000000000000000                1
   6.6198291382637606        10.332818942219372        25.584159939592336        3.0000000000000000                1
   8.8101487749240555        4.8038614742679124        18.248669490449210        3.0000000000000000                1
   6.2718615398688398        4.7665422159692019        8.7476317515382096        3.0000000000000000                1
   7.8708151490389664        10.431959672467377        33.652745821932420        3.0000000000000000                1
   5.2803241119322903        5.5251413885223162        10.811963603592309        3.0000000000000000                1
   6.7106133390820748        4.6232962010962408        5.6344811706991207        3.0000000000000000                1
   7.9628581274521562        10.430951608549984        6.8929048937938626        3.0000000000000000                1
   7.9796148736360655        10.458387873477545        4.9124162509808436        3.0000000000000000                1
   7.5323985038517183        10.481021342419510        29.541982060343265        3.0000000000000000                1
   4.7425983698186629        8.6756657940967692        37.569193892106455        3.0000000000000000                1
   6.4717741953530750        4.6890544026722951        1.6045237743252450        3.0000000000000000                1
   10.132853895004919        6.0971634341242904        17.029032497387686        3.0000000000000000                1
   6.3440401206333297        4.7458874876089769        37.608399436041211        3.0000000000000000                1
   4.7715228142416031        8.6950227489016800        33.604423533455943        3.0000000000000000                1
   8.2225418614430268        4.6001214495631668        38.602301019673881        3.0000000000000000                1
   4.5086932053081812        7.4067276811397376        37.663938861150932        3.0000000000000000                1
   10.277140047820296        8.6008461305171799        5.8026021538012840        3.0000000000000000                1
   9.8281032590199207        9.3882963842280631        17.048066032783883        3.0000000000000000                1
   10.243723989722669        6.3272181604190916        11.753859650105310        3.0000000000000000                1
   7.7818179192793799        10.480054139973003        25.511299326905171        3.0000000000000000                1
   7.5098770452949131        7.4973274754354948        10.433077633736115        3.0000000000000000                1
   4.6476475261520331        8.4044711482829175        20.247559287581005        3.0000000000000000                1
   8.6385394082964524        4.8168953639944245        8.1324959641973500        3.0000000000000000                1
   5.9512532585212243        10.001649837550337        22.452479123568349        3.0000000000000000                1
   9.6157183942899245        9.5724343319442387        14.004285032907331        3.0000000000000000                1
   6.5518867992386536        10.341846216401578        37.626352973452768        3.0000000000000000                1
   7.3971415134331959        4.5030305351633126        32.570678888198728        3.0000000000000000                1
   4.5317838176594289        7.2683324719747473        11.946599058036849        3.0000000000000000                1
   7.4921850590461565        7.4888184093798866        38.163564265927889        3.0000000000000000                1
   5.6461667692435773        9.8567596494496676        12.984332393402495        3.0000000000000000                1
   4.7564231934018126        6.3620006080921758        37.620295032917426        3.0000000000000000                1
   7.9176679056181305        10.465494300280799        12.991729186044868        3.0000000000000000                1
   4.7394911125247843        6.4486091691967795        23.340912133719890        3.0000000000000000                1
   4.5700277820759965        6.9114914035635326        36.519912093429880        3.0000000000000000                1
   10.161590855476767        8.8794690624823911        24.428218805099768        3.0000000000000000                1
   8.4270358520745905        10.344681768585712        22.422753455280990        3.0000000000000000                1
   5.1727229687482392        5.6122597970170327        19.256775327416921        3.0000000000000000                1
   9.2755404245495203        5.0970991639023051        17.245852809567793        3.0000000000000000                1
   5.8190775677502460        9.9810185223026195        2.8630037043499641        3.0000000000000000                1
   4.5283384338028876        7.0927106700376630        20.238162286064256        3.0000000000000000                1
   6.0309348721083520        4.9032279017462850        30.555163392637162        3.0000000000000000                1
   9.4577908884614068        5.2510942145502035        3.9073690361766018        3.0000000000000000                1
   9.5554478135941796        9.6604313718822894        16.003060290725266        3.0000000000000000                1
   5.5457617674603066        9.6317185600504960        33.631392328005191        3.0000000000000000                1
   4.8568155756424627        8.8683049337900375        29.599452798464860        3.0000000000000000                1
   10.395520165934522        6.9168248898558744        2.6880903387606390        3.0000000000000000                1
   4.5491779146735487        6.9947853539561713        28.476907718471384        3.0000000000000000                1
   10.230613699598759        8.7211025471302399        12.084003732134960        3.0000000000000000                1
   7.0499792179095602        4.5814645152385722       0.69702403747829633        3.0000000000000000                1
   4.6673732646928130        8.4571841214231700        13.977377654486844        3.0000000000000000                1
   7.5050365011457556        7.5150387146216877        23.903393932776325        3.0000000000000000                1
   7.4954833111314692        7.4953521048918983        30.022264924994804        3.0000000000000000                1
   5.4830058482551625        5.2868554908369934        1.7958339037769528        3.0000000000000000                1
   8.7891163677493722        10.207421028564751        23.491942098607417        3.0000000000000000                1
   9.7758207449376879        5.5625184374744361        6.9325567390137826        3.0000000000000000                1
   4.6709497664176682        6.5153933434492615        19.278585295010220        3.0000000000000000                1
   8.3183966035987069        4.6578735588055658        34.454517637426378        3.0000000000000000                1
   10.049850068979458        9.0431849557159261        28.612253413678431        3.0000000000000000                1
   10.487293494900277        7.4378970690369490        5.8908371920757014        3.0000000000000000                1
   9.4376427895035988        9.7832791798139187        26.570054922021150        3.0000000000000000                1
   9.8546659524311941        6.0349948694483899        33.579625861563372        3.0000000000000000                1
   9.3240106570226651        9.8340148752604364        28.537328221876585        3.0000000000000000                1
   5.4876816992347068        5.2782301464087515        5.8229343247801841        3.0000000000000000                1
   4.5615545896621272        8.0091407774641219        30.395027983172202        3.0000000000000000                1
   9.4688042020458969        9.7370785049177080        34.638557814130955        3.0000000000000000                1
   10.486936485071393        7.3970563104059783        13.878109836380679        3.0000000000000000                1
   4.9099447434372063        5.9940879499775299        20.194534188317000        3.0000000000000000                1
   10.330383145180944        6.5585866261740406        16.123550098710631        3.0000000000000000                1
   4.9881927005394600        5.8650401726175279        29.290326293438245        3.0000000000000000                1
   5.2575554890111089        9.4907413777254224        11.999060302876368        3.0000000000000000                1
   6.4771443238912836        4.6812197927863588        16.185667614295735        3.0000000000000000                1
   4.5282441741109274        7.3820575192049080        3.7843223838266336        3.0000000000000000                1
   9.4269506133049870        5.2081833487802438        25.565377862313650        3.0000000000000000                1
   8.9310572408129687        10.129246347383310        29.584419979582155        3.0000000000000000                1
   10.054584354825273        5.9763876478676545        23.513869577306195        3.0000000000000000                1
   7.5240489310739438        4.5141212615684880        39.665201444977178        3.0000000000000000                1
   7.4912060607699251        7.5080869881451964        13.464243300758270        3.0000000000000000                1
   10.333083140395958        6.9770046009208642        33.533094645351504        3.0000000000000000                1
   7.4995226356496225        7.5185777624981993        11.442565674502672        3.0000000000000000                1
   4.5263335176436543        7.8061279052135966        19.212555332911279        3.0000000000000000                1
   9.0648199389828044        10.024469239327464        31.520969667951455        3.0000000000000000                1
   4.8640021424714623        6.1565130653083324        11.944934855599360        3.0000000000000000                1
   9.1271839662309819        10.012176523852604        8.9382997886427624        3.0000000000000000                1
   5.6395781362874509        5.1557551754691664        7.7898137644166274        3.0000000000000000                1
   5.9772363799186996        4.9183869139603953        4.7555347516022035        3.0000000000000000                1
   4.7638351160389050        6.3140722301937044        1.7698180573982876        3.0000000000000000                1
   4.8486653393034453        6.1369697227843378        31.578020579095053        3.0000000000000000                1
   8.5942762695164756        10.279551825856071        5.7638046452373413        3.0000000000000000                1
   10.458610920620551        7.1000860360878546        23.460059984477294        3.0000000000000000                1
   10.472957425057453        7.4195002519206916        7.9531137324954875        3.0000000000000000                1
   10.246618609244665        8.6898488305444150        13.852047913175818        3.0000000000000000                1
   7.4741439681310613        4.5009631555841167        37.564243083780617        3.0000000000000000                1
   9.1372682598986312        10.000681385683652        2.7515940833288779        3.0000000000000000                1
   10.251724343741582        6.3316446625569958        34.541085641548669        3.0000000000000000                1
   9.4116016749332054        9.7845368039722231        22.380358098179407        3.0000000000000000                1
   6.3106798412355838        10.235045900099836        39.707835025955077        3.0000000000000000                1
   9.8734913906968718        9.2992717103738745        21.391550678028185        3.0000000000000000                1
   7.1445235253485890        10.459243072997069        26.452461261902378        3.0000000000000000                1
   9.8014348896255683        5.6190023321669855        14.066078583812256        3.0000000000000000                1
   9.0177867253644379        4.9139310805580880        4.8110456875929044        3.0000000000000000                1
   9.7203138255939230        5.5134917891017974        39.685263503463176        3.0000000000000000                1
   4.5445573076497245        8.0130196429310381        4.8255580685689052        3.0000000000000000                1
   9.7706191035449859        5.5693759716125468        16.156564301708183        3.0000000000000000                1
   7.1219996591614851        4.5263362443895758        14.926004370876742        3.0000000000000000                1
   5.4451643304520854        9.6801993619246058        31.655348435462951        3.0000000000000000                1
   6.0160913738437332        4.8972545535243155        17.114670077534445        3.0000000000000000                1
   8.7825915680423901        4.8033689131964001        37.634547442515085        3.0000000000000000                1
   10.483707044208479        7.4778373841796961       0.22544157719938193        3.0000000000000000                1
   4.8788615646443345        8.9387817733565598        6.8803027297685100        3.0000000000000000                1
   4.5863811215904864        8.1109539049820469        36.585032802335107        3.0000000000000000                1
   7.2700107425960345        4.5344790104919310        23.566482223004659        3.0000000000000000                1
   4.6301867886124333        6.6418072144635678        4.8458377381582425        3.0000000000000000                1
   10.188600312029735        6.1951530888495450        5.9631749665875287        3.0000000000000000                1
   8.3811604740823444        10.347162782605359        20.411080695748517        3.0000000000000000                1
   8.6199498793911360        10.268327304113802        18.832982569977212        3.0000000000000000                1
   6.3208567042994872        10.240154189753252        5.8531493643677015        3.0000000000000000                1
   6.0383999658700498        4.8820526172795562        34.517914750609357        3.0000000000000000                1
   9.8381187394331988        9.3667962213020672        31.594378268618513        3.0000000000000000                1
   6.6132306905719354        4.6340978378782758        26.659255588431705        3.0000000000000000                1
   8.2421038292151998        4.6064976588875135       0.69004024739058323        3.0000000000000000                1
   10.356641033649337        6.6044098276071894        24.375684715427877        3.0000000000000000                1
   4.6002418938900123        6.7412396247917066        13.079761497932644        3.0000000000000000                1
   10.455162982174555        7.9167794223829375        2.7743286008497665        3.0000000000000000                1
   4.6288862052022113        6.7146844647486503        8.8849916142433472        3.0000000000000000                1
   4.5113302979707308        7.3489028418218156        29.621638951459335        3.0000000000000000                1
   6.8690899037683950        10.418492161753182        6.8588262815125640        3.0000000000000000                1
   5.9813253470000225        10.052877153811147        36.586204075709375        3.0000000000000000                1
   10.321924184450978        8.5110037552635713        1.8521409650026450        3.0000000000000000                1
   4.5058460202750066        7.3184826656604320        5.9209483325486616        3.0000000000000000                1
   9.6484023622389863        5.4594149312356475        30.588425913040993        3.0000000000000000                1
   9.3898748916741486        9.8167540704017018        24.469614001685674        3.0000000000000000                1
   10.473006718640409        7.6958242897417461        28.587417356661543        3.0000000000000000                1
   10.137288350933552        6.0766939824451578        37.594561988105909        3.0000000000000000                1
   6.3219693631718217        10.249174854601319        3.7878727354552892        3.0000000000000000                1
   5.2479398509183799        9.4539194744350130        5.8687054830800527        3.0000000000000000                1
   4.5404854315061982        7.8828419673223751        8.8748532436086052        3.0000000000000000                1
   7.6271709986934635        10.488008950737941        1.8418479780261299        3.0000000000000000                1
   4.6486047995737314        6.5732246470807176        25.442597964734091        3.0000000000000000                1
   5.7268640535150590        5.0815137026001800        24.295481441279378        3.0000000000000000                1
   7.5015351288039724        7.4841156385205947        29.015289007863416        3.0000000000000000                1
   8.6809912852491191        10.248307741582130        1.8403350785406523        3.0000000000000000                1
   8.6806690518337728        10.237112785068222        3.7831908184104850        3.0000000000000000                1
   7.5079205540060183        7.4995605202430902        4.3695957855217120        3.0000000000000000                1
   4.5358275274434741        7.3933746958510893        27.395346998062795        3.0000000000000000                1
   4.5385583053319296        7.1855947500608925        9.8149653365552325        3.0000000000000000                1
   9.6484431480794637        5.4582851533546020        20.382314702580878        3.0000000000000000                1
   10.476315804972513        7.1904275507125917        25.437956725446377        3.0000000000000000                1
   5.1915386197581137        5.5939893711021398        12.839820618801557        3.0000000000000000                1
   7.4996197534625697        7.4760657805697415        37.094385026582664        3.0000000000000000                1
   5.0304960087554935        5.8516932943654449       0.69539237001669918        3.0000000000000000                1
   9.2708213074176147        5.0823816528570953        29.602919354932155        3.0000000000000000                1
   5.9033609558177211        4.9659179469685526        36.571601800189583        3.0000000000000000                1
   7.4802061150297456        7.4999471246554874        17.629841677026992        3.0000000000000000                1
   6.2400785875521825        4.8174349471674143        21.253041462818988        3.0000000000000000                1
   4.6800492407796295        8.4369209526536899        16.268929240425624        3.0000000000000000                1
   7.3151124285018980        10.487790927261921        11.909148573768563        3.0000000000000000                1
   4.5403541148578475        7.9014732374156891        13.049625499024433        3.0000000000000000                1
   5.7199382176712090        9.8873924284419559        8.9691753883319674        3.0000000000000000                1
