     1000000
           1
  0.10000000149011612     
   5.9684824948368869        4.4717010623671909        22.207738837700425        2.0000000000000000                1
   3.5759896329958329        5.5172417779853093        5.7744455257677290        2.0000000000000000                1
   4.2824920718447457        3.1657687101777565        5.5467611110791859        2.0000000000000000                1
   3.1665358906575158        5.0742869341971595        38.293041308822318        2.0000000000000000                1
   4.7976395796504319        5.9330774210434578        30.394152650141592        2.0000000000000000                1
   3.1807319069789015        3.8586071497493815        39.931407461676358        2.0000000000000000                1
   5.2761436473707821        3.2445942850793559        3.4474819197209561        2.0000000000000000                1
   4.1489546853334280        3.0491633515804377        30.284205183505069        2.0000000000000000                1
   5.1221222150468941        3.2303494722811612        26.169563471815504        2.0000000000000000                1
   4.8561384527733553        5.9308303364863955        14.996031218304987        2.0000000000000000                1
   5.6144097803249133        5.4868314231993969        31.228219692674713        2.0000000000000000                1
   4.3196832434333281        3.0729384802508752        15.655279906464806        2.0000000000000000                1
   5.8510273248430105        5.0547853093172028        10.247272108289485        2.0000000000000000                1
   5.0589854659839437        5.8717129140852728        17.256847532310370        2.0000000000000000                1
   4.2854385916208813        5.9622676810986377        5.1910749791998843        2.0000000000000000                1
   5.9788515504120809        4.2587392037373606        7.1072141545960452        2.0000000000000000                1
   5.5954136740038969        5.3830508623379405        27.000270596076025        2.0000000000000000                1
   5.0996725990408214        3.1636391747268706        8.6457293238323309        2.0000000000000000                1
   4.2784240233658570        3.0240733320292597        24.287349217026144        2.0000000000000000                1
   3.4064945187824103        3.4798453337322193        22.519756391774390        2.0000000000000000                1
   4.5813462591491501        5.9521569588168362        27.056017136186330        2.0000000000000000                1
   5.1565216859758189        5.8160456358145582        18.414803589939169        2.0000000000000000                1
   4.2741865694840335        3.1079659656128693        6.6625022396115332        2.0000000000000000                1
   5.0494465191543831        5.8715161432254126        3.3205115859433327        2.0000000000000000                1
   3.7397546346512849        5.7852598625181999        24.501217078011933        2.0000000000000000                1
   3.0440737154478201        4.2301059333107425        4.2500716664910794        2.0000000000000000                1
   5.3187244182397908        5.6012841630749914        20.652383993518875        2.0000000000000000                1
   4.1802113060327812        5.9287912883197889        3.8792688866164511        2.0000000000000000                1
   4.7179347040982336        5.8738341630620177        31.637926458035359        2.0000000000000000                1
   3.1909121864815391        3.7862582639418405        1.0819686906685688        2.0000000000000000                1
   3.8115033930791840        5.7448966418481895        37.782129548973074        2.0000000000000000                1
   3.9028276735146417        3.1428593944069796        29.106981963333062        2.0000000000000000                1
   5.7471226200063974        3.6785556542229001        32.976427616789380        2.0000000000000000                1
   5.4077750080096729        5.6771519377044148        32.492451948836575        2.0000000000000000                1
   5.7089638997822325        5.2252397276161728        15.254807319879472        2.0000000000000000                1
   5.8717833974720266        3.9258962175850773       0.91279015024679955        2.0000000000000000                1
   5.8609483330801488        4.2922809682802487        35.093691711786761        2.0000000000000000                1
   3.4076325284299589        5.5026538802847806        6.9366816252476635        2.0000000000000000                1
   4.0555127636624917        3.0892556313503374        19.078396720715997        2.0000000000000000                1
   5.0361127304441711        3.1271349047431722        9.7250318096027364        2.0000000000000000                1
   3.7406202105581721        5.7746351862383358        34.907215952623758        2.0000000000000000                1
   3.6987589201412874        5.7532617746836134        1.8075915870079142        2.0000000000000000                1
   5.8119132250305352        4.4220257222861852        23.477229672959858        2.0000000000000000                1
   4.2179302521720308        5.9653142683139935        2.6724312741909633        2.0000000000000000                1
   4.4441285282840273        3.0117863631706232        31.579090814561951        2.0000000000000000                1
   5.9810537974149103        4.6042603039948125        27.635959768308936        2.0000000000000000                1
   3.4655825290948843        3.4447177854323034        13.692500244268111        2.0000000000000000                1
   3.6964132122270370        3.3750998710300477        4.7472069347723265        2.0000000000000000                1
   3.5002589177418661        5.6031403820281342        22.433728200837511        2.0000000000000000                1
   5.7763820975609805        5.2259036269598278        2.5520144973262116        2.0000000000000000                1
   4.1576485137092849        5.9095904545390932        17.967536683680276        2.0000000000000000                1
   5.9762784982254358        4.2710564353789122        38.594854902117063        2.0000000000000000                1
   3.1430525278069661        4.9559362461293643        29.760872564401812        2.0000000000000000                1
   3.1897995379390562        3.8052326309557856        8.2536713050989903        2.0000000000000000                1
   3.2704129359463714        3.7093735070718896        26.864943420060658        2.0000000000000000                1
   4.9957309087766006        3.1346320109526289        33.662023857960172        2.0000000000000000                1
   5.8510735497045321        5.0554107030618027        9.0236200959752910        2.0000000000000000                1
   4.8602480082935351        5.9319788353884668        16.051473828239352        2.0000000000000000                1
   5.2226278777489075        5.8002147329681737        29.053695591668454        2.0000000000000000                1
   3.7219917795978361        3.2268707657709670        10.221409769021351        2.0000000000000000                1
   4.7630287382481278        5.9354090375863677        34.638068220911194        2.0000000000000000                1
   5.9531568205765151        4.6981879269408378        4.8397416557692194        2.0000000000000000                1
   3.0625996118902270        4.6074550160820582        14.009602162080212        2.0000000000000000                1
   5.5743842019424257        3.4779328577356989        6.3831741665374784        2.0000000000000000                1
   3.7374248036462130        5.6558673820110039        15.617317825741328        2.0000000000000000                1
   3.0363528298301503        4.7531301884442838        22.842584409829559        2.0000000000000000                1
   4.0895951810289892        3.0674555226913047        7.9507857415899048        2.0000000000000000                1
   5.0738344982043406        3.1354321118772788        7.3939898411393914        2.0000000000000000                1
   5.9127079889005474        4.9243296143342468       0.50204581506366819        2.0000000000000000                1
   3.1728542136028635        4.7813967855978072        15.210083899555180        2.0000000000000000                1
   3.3179259244552011        3.6534150984942722        38.646693373979325        2.0000000000000000                1
   4.3597170393219793        3.0477191446957588        38.531047714196561        2.0000000000000000                1
   3.0686207425535672        4.0838239754540906        25.681947063303546        2.0000000000000000                1
   3.0422257643679882        4.7821942217453079        21.675513702554515        2.0000000000000000                1
   3.3175506784178155        3.9592395764356971        17.173314450083520        2.0000000000000000                1
   3.2116778495684972        5.1357641211595171        3.6949396807123134        2.0000000000000000                1
   5.5697012935678618        3.4715668750558306        31.678400018087984        2.0000000000000000                1
   4.2879254531013347        3.0815485032562662        14.504821158908532        2.0000000000000000                1
   5.8839400292559478        4.8969057621678687        30.097477389870988        2.0000000000000000                1
   5.7792368398237199        3.8019156084009120        18.304949656394484        2.0000000000000000                1
   3.5985275724782380        5.6401912109361474        13.433202853974729        2.0000000000000000                1
   3.4425534143226777        3.5382300454406455        6.1071480939626417        2.0000000000000000                1
   5.7752212885515055        3.8003622109910609        10.605795824526680        2.0000000000000000                1
   5.9452880593735111        4.8839874262827525        18.826399742270258        2.0000000000000000                1
   3.9525562645139662        3.1706292429051985       0.49942238748538409        2.0000000000000000                1
   5.7846957665498264        3.9071094297297080        4.0666715759509389        2.0000000000000000                1
   5.2361326481381489        5.7913951907121826       0.48005025304553628        2.0000000000000000                1
   4.2395838061162472        5.9537136426730202        20.289838661285259        2.0000000000000000                1
   3.4995817007249395        3.5135855433573044        20.080868681701062        2.0000000000000000                1
   4.0708914410089836        3.1237348899970434        1.5906497867202769        2.0000000000000000                1
   5.7423257310395872        5.2723710098847940        38.490823180351654        2.0000000000000000                1
   5.2788778404642578        5.7804648595764370        25.014412933219120        2.0000000000000000                1
   3.6443798982915840        5.6156464334908831        27.531293157935362        2.0000000000000000                1
   3.7250833064729605        3.2230100664535257        37.703942189142381        2.0000000000000000                1
   5.6011692444707553        5.5129160564593764        5.4958952589670398        2.0000000000000000                1
   3.8951908572826794        3.1359668129757545        33.612686132721031        2.0000000000000000                1
   3.1132707995329159        4.8133707581839298        7.6676413653524467        2.0000000000000000                1
   5.9424053696170356        4.3574591205226056        31.057424140320204        2.0000000000000000                1
   3.4747826424723529        5.5772679291352336        14.627747531180136        2.0000000000000000                1
   4.2015825559742233        3.1407629698884874        21.939707786807475        2.0000000000000000                1
   4.1985416022617743        5.9673258101534090        28.352635017135135        2.0000000000000000                1
   3.1292110760259768        3.9814855677292402        9.6385292716194630        2.0000000000000000                1
   4.8748356332103313        5.9217655259360988        38.917032474063070        2.0000000000000000                1
   4.4241974680438698        3.0023567291888451        35.763457389219511        2.0000000000000000                1
   5.0204995924098093        3.1364525159797476        29.597948673368318        2.0000000000000000                1
   5.3449654039631342        3.2758646397464712        35.040656006029771        2.0000000000000000                1
   5.3476792190486959        3.3181567313804887        39.066141789593949        2.0000000000000000                1
   5.3466876894809801        5.7283710726323207        33.695067929590827        2.0000000000000000                1
   3.4790688651442960        3.4134779985828536        12.415414070059114        2.0000000000000000                1
   4.0830821034466869        3.0766266903270498        26.282785597231264        2.0000000000000000                1
   3.2947203562627423        3.6469990235618663        15.134635761166987        2.0000000000000000                1
   3.9310805634921704        5.7266007628688378        7.8603022836456722        2.0000000000000000                1
   5.5608233463947281        3.4631579311078218        27.611916363688785        2.0000000000000000                1
   3.0424124763740892        4.4799430070635387        39.143459648298432        2.0000000000000000                1
   3.5006428129876954        3.4129431989668921        28.227784333705518        2.0000000000000000                1
   4.1969143520926764        5.9217500990022920        29.437583356295590        2.0000000000000000                1
   4.1747643437652604        5.9571060670661922        32.543478764611500        2.0000000000000000                1
   3.1293727528423259        4.2475120070301999        3.0511552788482730        2.0000000000000000                1
   5.0692740087041512        5.8711014264602053        11.965021840231481        2.0000000000000000                1
   5.8201419138635702        3.8027533373423470        25.567753834040868        2.0000000000000000                1
   4.8178064256233819        5.9142760073019334        7.3376295338698396        2.0000000000000000                1
   3.0464154566609918        4.4963253282458711        36.316122504247723        2.0000000000000000                1
   3.7578195283760376        3.2974280798982867        8.9743656791703454        2.0000000000000000                1
   3.2951664487070227        5.3882189954257926        20.868052754089980        2.0000000000000000                1
   4.2983258359395276        5.9714353935221860        11.327409096682588        2.0000000000000000                1
   4.3145574122733690        3.0283996133774993        23.166189856823650        2.0000000000000000                1
   5.2248458557244524        5.7252258221107164        10.949265700319977        2.0000000000000000                1
   3.8038086125948123        3.2810323235853276        36.623000622235082        2.0000000000000000                1
   5.9140758676065825        4.6230915414079483        36.548795466724705        2.0000000000000000                1
   5.7013172236815288        5.3549817349773052        1.4208126076779324        2.0000000000000000                1
   4.3374540320917818        3.0918858435191119        34.561499571872524        2.0000000000000000                1
   3.1573824008192841        3.8518381129797206        33.065770122965432        2.0000000000000000                1
   5.3192926089873769        3.2973942384666084        37.970047726891465        2.0000000000000000                1
   5.8510356968425192        4.6019432839700656        6.0821960686489893        2.0000000000000000                1
   3.5324333794228790        3.3756267293151967        32.252970580931425        2.0000000000000000                1
   3.1213524006904287        5.0604020790653976        18.842797495856747        2.0000000000000000                1
   3.9201576231597159        5.8382343770618954        16.783791511219338        2.0000000000000000                1
   5.5094667281278182        3.4069437770956839        13.930402415681206        2.0000000000000000                1
   3.2055233951261610        3.8411781852653681        24.650400510107410        2.0000000000000000                1
   5.7128704106999830        3.7331831161511380        35.910247117638747        2.0000000000000000                1
   4.3119946749187950        5.9719941059962229        39.798977970973233        2.0000000000000000                1
   5.0686624472654760        5.8362008145972881        26.095508183817302        2.0000000000000000                1
   4.9781062167860153        5.9082758602872651        37.849781670881534        2.0000000000000000                1
   4.3482427821863610        5.9350511171439848        12.813647164057015        2.0000000000000000                1
   3.7951422395516876        3.1999048822800926        18.083544466938463        2.0000000000000000                1
   3.0059602463696105        4.4471450058731925        27.710729713605982        2.0000000000000000                1
   5.0495702390280641        3.1437831600552135        25.052386589895722        2.0000000000000000                1
   3.0840413403488109        4.9096443234662530        30.912345858870296        2.0000000000000000                1
   3.2353510298694701        5.1639531706384760        9.8192251513995661        2.0000000000000000                1
   5.2875679620537062        3.3323353469449741        17.419625161835690        2.0000000000000000                1
   5.8095945265103959        5.1025653711627745        16.599279303326153        2.0000000000000000                1
   3.4254569200346205        5.5095861725039379        19.838665933515447        2.0000000000000000                1
   5.9161333802860900        4.6371173709560392        11.158291666242764        2.0000000000000000                1
   4.8200980789561063        3.0831427232001305        18.422172854903785        2.0000000000000000                1
   4.6629314529939556        5.9830827970450873        22.519642190193732        2.0000000000000000                1
   5.5348053800987929        5.4676877093268317        6.6788551571086732        2.0000000000000000                1
   3.0134205497156650        4.5214707889582719        35.194459684365611        2.0000000000000000                1
   5.7166907312284909        5.2972758407711860        22.811389227537877        2.0000000000000000                1
   5.8968593412136014        5.0126967993834075        33.154793363898790        2.0000000000000000                1
   5.9148150923707217        4.3323976077247384        8.3158717766399679        2.0000000000000000                1
   5.9410596845817327        4.8819467136555961        20.066006450861224        2.0000000000000000                1
   5.2471799620275004        3.2173161666265626        15.016063480157380        2.0000000000000000                1
   5.4291799926071134        5.6175174384320590        21.873880488923131        2.0000000000000000                1
   3.5178177474090422        3.3739538516430287        2.5032563539437764        2.0000000000000000                1
   5.7547073309331118        3.7281171525106114        37.078107181683976        2.0000000000000000                1
   3.1097966234599768        4.3282250576898429        13.032234169543202        2.0000000000000000                1
   5.8168686109499639        4.3482798558405849        13.448704766722637        2.0000000000000000                1
   4.6516852619943965        3.0372788016120533        10.811440687519918        2.0000000000000000                1
   3.1813317107911789        3.7984599606003080        23.602443254200448        2.0000000000000000                1
   5.1880231640943766        3.2001476469706347        16.351094892742772        2.0000000000000000                1
   5.8205442414557238        3.9981937395639626        2.9417081938032097        2.0000000000000000                1
   3.0305964731890036        4.2890755144320654        28.993613293815748        2.0000000000000000                1
   3.0400965280646846        4.7145870526390761        6.3265395468667220        2.0000000000000000                1
   3.7485080010293061        5.7962926613389634        30.492390429573959        2.0000000000000000                1
   3.2041972420569871        5.1885326093977850        37.183707276734673        2.0000000000000000                1
   5.7464850627468484        3.7989840483027035        9.2947236400534727        2.0000000000000000                1
   5.9722859427301520        4.4464484010890732        1.8350327024113875        2.0000000000000000                1
   3.5779941772176755        3.4338943540855325        31.147166018677510        2.0000000000000000                1
   4.6266782489084761        3.0372438505093551        4.5276742348892380        2.0000000000000000                1
   5.9870651740403060        4.3800398004418639        32.078312135758878        2.0000000000000000                1
   5.0561168336314655        3.1175427488882570       0.43300058804966934        2.0000000000000000                1
   4.6124369858580314        3.0154476993735462        12.035371323606883        2.0000000000000000                1
   3.0142708424029161        4.4354400448327844        10.727667841418992        2.0000000000000000                1
   3.4851255000537535        5.4680725611373475        31.878409647037152        2.0000000000000000                1
   4.4839159954699408        5.9443294125802639        35.694283210957039        2.0000000000000000                1
   5.2658366113680239        3.2189513515122794        23.691345718257384        2.0000000000000000                1
   5.6086005540069035        3.5569023205812655        11.595807180868880        2.0000000000000000                1
   4.7319209909610187        3.0982136544224153        20.965279827462815        2.0000000000000000                1
   4.4190754818609221        5.9527670295483430        36.907398781470619        2.0000000000000000                1
   3.0548445421253478        4.3208019995710183        20.723041356029672        2.0000000000000000                1
   5.6890013304567049        5.2377099337653572        24.092066061789840        2.0000000000000000                1
   3.1621891492976597        3.8811617750678327        30.180500047071714        2.0000000000000000                1
   3.2277236454302991        5.1053892068211182        17.764524970029100        2.0000000000000000                1
   3.0407615278234577        4.8250808083051018        26.431655067553613        2.0000000000000000                1
   5.8019512267933386        3.8066627995867894        39.911618745874812        2.0000000000000000                1
   4.6931601233043594        3.2469701108513509        19.907839721667912        2.0000000000000000                1
   5.8918916281903719        4.0410603601383839        16.951269763778807        2.0000000000000000                1
   3.2940971398742795        5.2856732911694806        32.964504163885657        2.0000000000000000                1
   3.2411361296678209        3.7105050193471745        16.170156119206833        2.0000000000000000                1
   3.8254180722336888        5.7166440581036078        23.435147599190710        2.0000000000000000                1
   4.6502669046341536        5.9923700083235731        8.5901638595659691        2.0000000000000000                1
   5.1618037696088326        5.8370915942550203        9.4949174415978792        2.0000000000000000                1
   3.0735578431429409        4.9220560159108491        34.072091080021579        2.0000000000000000                1
   5.9067830634153671        5.0120193368250510        25.465094378201751        2.0000000000000000                1
   5.8105232052858167        5.1141651107108341        34.401463783095672        2.0000000000000000                1
   5.6431959052713800        3.5630694952482327        21.658187705479737        2.0000000000000000                1
   5.6471062972650277        5.4370476057236141        14.264348896528819        2.0000000000000000                1
   5.4828638012133055        5.5573783479373109        19.479094776268393        2.0000000000000000                1
   5.9598888326277377        4.1676947317946222        14.768022086323953        2.0000000000000000                1
   5.1025724617218478        5.8353200799270102        4.4921452427354538        2.0000000000000000                1
   4.5348273382961954        3.0567096959902651        28.294479122347262        2.0000000000000000                1
   3.1524749656845836        4.1680539043621270        18.137731800149538        2.0000000000000000                1
   3.7195822072724245        5.7740669741306299       0.59991021168512548        2.0000000000000000                1
   3.1688366508176791        4.9371042084078107        1.0878233284979466        2.0000000000000000                1
   3.3116113812335968        5.2274454277952689        25.314053522947159        2.0000000000000000                1
   5.8423349721006970        3.9539609573118093        29.662156557789785        2.0000000000000000                1
   5.9114711458709310        4.9769842363477022        28.942350439722450        2.0000000000000000                1
   5.5842449376146845        5.5184772295393296        13.112637039300923        2.0000000000000000                1
   3.2578767672438231        5.3325737845696040        11.123570755823330        2.0000000000000000                1
   5.4743992692856223        3.5208874799790233        12.891449121155338        2.0000000000000000                1
   3.4646518587589639        3.6399131988584825        35.702808010885214        2.0000000000000000                1
   3.9579066729241723        5.8501054528114036        9.2981448917823357        2.0000000000000000                1
   3.0529774214941998        4.4835927105105942        11.894112970316638        2.0000000000000000                1
   4.6624603959001671        3.0727100784118502        2.4937582592379632        2.0000000000000000                1
   5.6727438400856283        3.5893178734511642        20.345951476586087        2.0000000000000000                1
   5.4492226212984463        5.6447060150464337        36.521850036877623        2.0000000000000000                1
