     1000000
           1
  0.10000000149011612     
   7.5692866903635734        10.812234496818512        13.342176400669677        4.0000000000000000                1
   10.171031913046013        10.300451505145354        4.8868689744792917        4.0000000000000000                1
   7.8257245992234026        6.1319114825939245        4.3910339705172454        4.0000000000000000                1
   6.0058100553073457        8.5172488165717350        10.271130991537923        4.0000000000000000                1
   9.5595268992874800        6.3116982114144378        30.397014409729945        4.0000000000000000                1
   7.9526067371837277        6.0626396871940793        23.696595768946477        4.0000000000000000                1
   6.0187992524579315        8.6081202296336858        34.796363235209959        4.0000000000000000                1
   7.1707568106582240        7.4995943275574595        21.796265211386071        4.0000000000000000                1
   7.6071486817328102        10.763990342408531        33.221393343127886        4.0000000000000000                1
   9.0833194282284797        6.1209369434047556        7.1678882417529399        4.0000000000000000                1
   6.1643287041921164        7.6438922307359389        20.440915473377519        4.0000000000000000                1
   8.6915010164844002        10.985474418969645        24.842896129114315        4.0000000000000000                1
   10.263127719579929        10.267559143471603        25.918477591134973        4.0000000000000000                1
   6.2386131963236693        7.5551145526465122       0.97052596164452798        4.0000000000000000                1
   6.3769521456652827        7.2062802197622595        27.427608166614618        4.0000000000000000                1
   10.985708964753949        8.7009428584232147        23.404662602450856        4.0000000000000000                1
   6.0808396390739015        8.0581722914264731        29.369420069122626        4.0000000000000000                1
   8.8249743248236250        10.973798902239011        29.411599473806003        4.0000000000000000                1
   8.9093549022331935        10.955422689166790        6.1306434060603587        4.0000000000000000                1
   7.8894974183726587        10.919392174375384        27.842936769113397        4.0000000000000000                1
   6.7271520434668588        10.257230235697989        11.187207132852354        4.0000000000000000                1
   6.0511548892760061        8.8928742943294008        8.1463550791701618        4.0000000000000000                1
   8.3630532859644280        6.0068698345945473        10.575261206553668        4.0000000000000000                1
   9.9162845317007058        10.542687392377811        3.9026278791584894        4.0000000000000000                1
   9.0396772376179459        10.913117831955635        2.9696501913698139        4.0000000000000000                1
   7.1330222954757767        6.4126222622951650        15.463273190970490        4.0000000000000000                1
   6.0799368636145168        7.8803695192091139        36.985783489503781        4.0000000000000000                1
   10.106081210771070        10.398458614454514        34.085646070817113        4.0000000000000000                1
   6.4754429576061945        7.2058468578055264        37.646461259686951        4.0000000000000000                1
   7.1288806791992529        10.584001342051147        35.597780100329352        4.0000000000000000                1
   6.2043040114053785        9.4792047841132696        33.136012046289267        4.0000000000000000                1
   6.2187096873235994        7.5967921382923613        3.9878787575433963        4.0000000000000000                1
   9.2892248958959556        10.870747062546172       0.23649704332951746        4.0000000000000000                1
   7.4789335888652895        10.759298056985093        4.7474619175964667        4.0000000000000000                1
   9.6613838369454790        6.2867291754881789        4.9149054854041614        4.0000000000000000                1
   8.1028127971497863        6.0457003984176101        7.5341516864426490        4.0000000000000000                1
   10.250899760839621        10.229705871256320        14.973526164175784        4.0000000000000000                1
   7.5556498132065784        10.811849518344646        18.076133654445890        4.0000000000000000                1
   9.7010584894655025        10.629938112299213        35.684889690961370        4.0000000000000000                1
   6.2999712188834653        9.6712100986101639        14.453206561433916        4.0000000000000000                1
   10.951219450963356        8.9763705236338893        7.5806329111107891        4.0000000000000000                1
   6.0363805145214116        8.0804621013791476        2.1444339728312531        4.0000000000000000                1
   10.633730056374503        9.7430425357178585        4.1622197741310121        4.0000000000000000                1
   10.324066413538690        10.159070996044488        10.325594140330088        4.0000000000000000                1
   6.0178866783033342        8.7361514350921361        17.118700186388121        4.0000000000000000                1
   6.0158813436775356        8.3123050044880422        23.317022418184443        4.0000000000000000                1
   10.262918066346460        10.270235357401516        24.624209896828681        4.0000000000000000                1
   10.854426781667646        7.6652495276024153        4.8257376191791188        4.0000000000000000                1
   10.128259737780855        10.375209978809968        13.504983529127472        4.0000000000000000                1
   10.761715504553914        9.5342627064314964        9.4527766527227293        4.0000000000000000                1
   10.405080453189537        10.109979000799246        35.017942119015729        4.0000000000000000                1
   9.7808275193664755        6.3751812953705711        13.352706574018756        4.0000000000000000                1
   6.3775182932570100        9.6967331415838611        7.5492508261410061        4.0000000000000000                1
   6.0441378919036683        8.9053006914367092        12.520224296302471        4.0000000000000000                1
   9.3778490631839926        6.1722982958671020        34.832824786654619        4.0000000000000000                1
   10.929338222465171        8.3626962573074444        30.721063031957172        4.0000000000000000                1
   6.5931922204582696        10.085506854438522        38.513672191316040        4.0000000000000000                1
   9.5129808221058916        6.2192211827603225        14.406342000700565        4.0000000000000000                1
   8.2157357800297515        6.0349514698714470        11.819610819908817        4.0000000000000000                1
   6.3521886075145026        7.2567051415718318        27.358905376658658        4.0000000000000000                1
   6.7842455300460980        10.309704284717391        17.405335199350858        4.0000000000000000                1
   6.5416946103447895        9.9933834812127813        8.5696781589703193        4.0000000000000000                1
   6.0244750488785250        8.2309602859502373        4.7947527452399230        4.0000000000000000                1
   10.137902498259649        10.365294050182598        18.975627088352578        4.0000000000000000                1
   6.3339301084774364        9.7287125614846435        3.3205642194742366        4.0000000000000000                1
   6.2307972096008895        7.4751301702538289        39.869498357451292        4.0000000000000000                1
   10.055889237033911        10.281940506536934        20.055142535390484        4.0000000000000000                1
   9.9174637044091600        9.6551935113462992        2.3564029941254665        4.0000000000000000                1
   7.0198495253508106        6.4963872470677888        38.343287350736951        4.0000000000000000                1
   10.335425720991440        6.8165633022994347        26.933457787167590        4.0000000000000000                1
   10.807297559431067        7.5393341452055349        27.497527967938652        4.0000000000000000                1
   10.743495688364822        9.5870921303732519        20.534246028272939        4.0000000000000000                1
   10.935321612578395        7.9385251474449179        12.320562772287106        4.0000000000000000                1
   10.907895791496390        9.1084690715002026        2.2489618621106398        4.0000000000000000                1
   9.7431286873780358        6.3317024863673765        25.217139826613604        4.0000000000000000                1
   6.3262399067580866        7.3088023962037374        23.828752198866848        4.0000000000000000                1
   6.3677304090856506        7.4562206563531088        22.732858854063437        4.0000000000000000                1
   10.167691953617908        6.6544302999183769        34.389075832514322        4.0000000000000000                1
   8.4518647680468586        6.0053129258071438        20.537866018503525        4.0000000000000000                1
   6.8005194275616141        10.330004835143237        37.116207135483720        4.0000000000000000                1
   8.4984764295870718        6.0361265941000175        21.748269221757813        4.0000000000000000                1
   10.757924802494458        9.4672980447557364        2.1628355382101231E-002   4.0000000000000000                1
   10.316831712600850        6.7885351968402468        28.070048329448859        4.0000000000000000                1
   9.1434540200821299        6.0886547808167926        11.419953701580562        4.0000000000000000                1
   10.385343849982082        6.9030868328926456        14.008586868880052        4.0000000000000000                1
   6.3617483855151802        9.7691320490868971        13.185210632825694        4.0000000000000000                1
   7.3236662742285672        10.699523409491949        7.6777113907080796        4.0000000000000000                1
   10.359899099466327        6.8490368301584708        30.725552796487552        4.0000000000000000                1
   10.104480879835254        6.5832650216959294        6.6700305357661991        4.0000000000000000                1
   6.2593794181985212        9.5705404732031241        18.069632881421121        4.0000000000000000                1
   6.5134497526254718        7.0104169056162657        16.096083268226000        4.0000000000000000                1
   10.546464556561540        9.9023405525887735        3.1499547148116460        4.0000000000000000                1
   9.5813177494048283        10.705051988704827        27.673863699507503        4.0000000000000000                1
   7.9881196259123461        6.0614238529779021        15.955342616756404        4.0000000000000000                1
   6.8863432497936987        6.7244191656234227        4.8319483065979112        4.0000000000000000                1
   10.147518835860131        6.8483164549225100        32.188503160967116        4.0000000000000000                1
   9.3075291138906771        10.861664892817123        33.414674695435309        4.0000000000000000                1
   10.970637803955867        8.8018199852383177        22.202088331793522        4.0000000000000000                1
   6.0445025398901047        8.1414205227273371        37.970599665340558        4.0000000000000000                1
   6.1497164418954480        9.3486336689826697        37.944388694037144        4.0000000000000000                1
   10.981369300067687        8.4482937931913629        31.839491438597726        4.0000000000000000                1
   10.087334634017354        10.423817734624770        32.898345382736125        4.0000000000000000                1
   7.6437498723567030        6.1832848699596710        21.219587818055441        4.0000000000000000                1
   8.2620216361623395        6.0118673735265586        2.1595089389969533        4.0000000000000000                1
   6.8042319388125598        6.6672885256528938        20.812170166864096        4.0000000000000000                1
   10.374764694586858        6.8669304076416067        25.863816461581706        4.0000000000000000                1
   10.296765700557438        10.145642752908648       0.62425489714857907        4.0000000000000000                1
   6.2917436923714103        9.6410627473336881        16.601933933109940        4.0000000000000000                1
   10.907243572440137        9.0870216180115229        11.886161136927093        4.0000000000000000                1
   10.213751364951991        10.314119626764745        22.356277037537595        4.0000000000000000                1
   10.707734797502193        9.2898790153583448        10.702850941227480        4.0000000000000000                1
   9.9570949517647431        6.4923185547033535        36.771329630644040        4.0000000000000000                1
   8.0062615675477673        6.0501990356811275        39.310171997512754        4.0000000000000000                1
   6.7558195579527274        10.237704344548902        32.767330678845646        4.0000000000000000                1
   8.7553136080110967        10.984754050319344        27.161587880015912        4.0000000000000000                1
   6.0309951379782554        8.8322384750879408        14.943443127387624        4.0000000000000000                1
   9.2040495205599271        10.892742485418568        23.041806228977595        4.0000000000000000                1
   6.0059435644136094        8.5338689438692388        32.451749103899793        4.0000000000000000                1
   6.2782443132614167        7.4103466927926194        38.699496735954185        4.0000000000000000                1
   8.8011693364656924        10.962208324409621        28.305843348227853        4.0000000000000000                1
   9.6548142406402349        6.2906539962834032        26.382673007265993        4.0000000000000000                1
   6.0523600381815079        8.9846179308553342        28.761692367515842        4.0000000000000000                1
   8.1616327192099316        6.0231467018158922        18.205692518376647        4.0000000000000000                1
   8.5894319853359615        6.0150797636165860        30.663371348677359        4.0000000000000000                1
   6.0322562486828266        8.2287955509559989        9.1760403513358977        4.0000000000000000                1
   6.2201822884237643        7.5209228352704844        10.945155200479093        4.0000000000000000                1
   7.8698055820533046        6.0982327402820031        24.944148903109372        4.0000000000000000                1
   9.6586677461093835        6.2959577601288528        28.698921733224410        4.0000000000000000                1
   10.832777236627827        7.6420578721111596        32.448364278072880        4.0000000000000000                1
   10.914175131793364        8.8221380042047244        3.3474840091587819        4.0000000000000000                1
   10.666828907643302        9.7136258598662621        8.2955542544674756        4.0000000000000000                1
   6.6304868744328278        6.9304522427324482        1.7567262441894285        4.0000000000000000                1
   9.6625878348844783        7.2697571719563161        31.361029178893766        4.0000000000000000                1
   8.4970876298770133        6.0251772719776158        9.5169386803756986        4.0000000000000000                1
   10.945321860290331        8.6996657317216641        8.8409034430869546        4.0000000000000000                1
   8.5230928268442820        6.0325364717001824        33.028387800501982        4.0000000000000000                1
   10.748207102291827        9.5814023796852315        22.859330558664933        4.0000000000000000                1
   6.3208095210716175        9.7129346009660402        24.162528613814704        4.0000000000000000                1
   7.0619066109002082        10.542268400833430        28.615791839276124        4.0000000000000000                1
   8.0106759509458954        6.0484638809649587        12.802533502026259        4.0000000000000000                1
   7.6369178416299546        10.845250407484221        19.288842363358963        4.0000000000000000                1
   10.741551079656265        9.5168098395428355        19.491494657507623        4.0000000000000000                1
   7.8604328917522128        6.1012274973351230        8.6790668670195075        4.0000000000000000                1
   10.977327997492871        8.8010005302162746        17.505001066736902        4.0000000000000000                1
   7.1696083410284848        6.3853407836088465        16.707973356160498        4.0000000000000000                1
   6.0719400420351919        8.8112099856701249        16.072756489897110        4.0000000000000000                1
   10.734366632980473        9.5713754850931370        37.075860001280503        4.0000000000000000                1
   10.231113498380449        10.281815332636132        23.409473740047567        4.0000000000000000                1
   7.4443034991721122        10.746408219086984        31.080021438425767        4.0000000000000000                1
   6.0576891463946234        7.9806361454158434        25.626990837382934        4.0000000000000000                1
   6.0088159156186647        8.3419572978674879        23.353122120555462        4.0000000000000000                1
   7.2523481051986298        6.3548693538995291        17.933748455611283        4.0000000000000000                1
   7.5714637633770527        10.806548945976989        16.874686395829983        4.0000000000000000                1
   6.5689380533773347        9.9198162109760180        36.186065226865317        4.0000000000000000                1
   10.884655086720413        9.2231541033140338        1.0898905986927585        4.0000000000000000                1
   6.1131572954468130        9.1977001781212042        5.0902506366375482        4.0000000000000000                1
   9.8430867955083308        10.607507198889811        37.054502763308420        4.0000000000000000                1
   10.922795095054342        9.0392296688510942        15.240201350534416        4.0000000000000000                1
   10.983074243741672        8.6197694914762319        24.441551321903315        4.0000000000000000                1
   6.7367134186505133        10.225797323660135        19.766305684201502        4.0000000000000000                1
   10.803067438151450        7.5345368594579156        28.896387498333446        4.0000000000000000                1
   6.3227580849801672        9.7158396141168346        15.532003397512016        4.0000000000000000                1
   10.996906089347320        8.5095482243453002        10.064614527873788        4.0000000000000000                1
   9.2864354356424368        10.862607690405312        20.497586166607267        4.0000000000000000                1
   9.3946740310591128        6.2564653466024209        33.830006074710290        4.0000000000000000                1
   10.216603152655441        10.317391424325908        17.564767638678070        4.0000000000000000                1
   9.1808725582147979        6.1418639551121421        36.111790339693101        4.0000000000000000                1
   10.226553329748636        10.291788438498193        38.194297087893148        4.0000000000000000                1
   9.7684044942147601        10.641949767917280        2.2118258688435435        4.0000000000000000                1
   9.3262527925608971        6.1487150071595726        6.0590507238382676        4.0000000000000000                1
   6.3432021162573164        7.3223221800538276        2.8330431567882770        4.0000000000000000                1
   9.9994076054156693        6.5050669671284354        7.7509852090222786        4.0000000000000000                1
   7.5722603595111364        10.819396228458185        19.268283624388125        4.0000000000000000                1
   10.721466011576679        9.5994682495020918        22.862153055278991        4.0000000000000000                1
   9.3895116794644409        10.729872536480842        24.128152239548172        4.0000000000000000                1
   6.0107644500326973        8.5852950467737053        33.543724892453447        4.0000000000000000                1
   10.986552404781438        8.5598636240927810        25.524704591968383        4.0000000000000000                1
   10.148643492178657        6.6490435713023448        10.987867700326262        4.0000000000000000                1
   6.1982466936793550        9.3741547012376714        39.308672699548616        4.0000000000000000                1
   6.9975266490361703        10.443531316478250        12.539737596458352        4.0000000000000000                1
   8.5238654821342159        6.0151922551851431        34.293754055254858        4.0000000000000000                1
   10.895529434221178        7.7898836006753802        15.859495111916672        4.0000000000000000                1
   7.7886128502158138        6.1264944459566397        27.740251730445451        4.0000000000000000                1
   8.4154055667045551        10.993722332461305        35.014156931773471        4.0000000000000000                1
   10.959026257244050        8.0617902307197973        36.045807684290565        4.0000000000000000                1
   6.0484505576209164        8.0526878280786605        26.688316167106841        4.0000000000000000                1
   9.6199883900296328        6.2688976135381980        27.458095309866081        4.0000000000000000                1
   8.5220379727841244        10.995832726412885       0.89240741850119509        4.0000000000000000                1
   10.412961814245692        6.9026920896550736        33.341663706995767        4.0000000000000000                1
   6.0440466207933872        8.0603424736934475        27.974207603831779        4.0000000000000000                1
   6.8338630634986197        10.340422336303620        5.4130837608121967        4.0000000000000000                1
   10.661592247744883        9.6825786146032566        8.3018580652005021        4.0000000000000000                1
   8.6768400110670996        6.0322651877677718        29.476202770959461        4.0000000000000000                1
   6.1126370920010196        9.2305492162095248        9.2202251232519057        4.0000000000000000                1
   7.3032796746153323        6.3449933357795434        2.4651302867459228        4.0000000000000000                1
   6.6480263987104173        10.165949736222210        9.7542483544815735        4.0000000000000000                1
   10.549809640581802        9.8720751184179800        7.1969984551922339        4.0000000000000000                1
   10.761952086590355        9.5115201749433886        23.987034800032401        4.0000000000000000                1
   6.2719365612071387        9.6282161219146190        22.947147840231075        4.0000000000000000                1
   10.396229889693666        10.121231129694488        11.376667744807646        4.0000000000000000                1
   10.512157412859967        7.0543257698640733        37.606490630225821        4.0000000000000000                1
   8.9869884107665854        6.0480981900962885        17.443380738683786        4.0000000000000000                1
   9.6495308863979119        10.693098338136668        11.019947741102625        4.0000000000000000                1
   10.444905944431353        6.9487126324734021        38.718995810512617        4.0000000000000000                1
   8.0755889270804779        6.0734095415544198        14.577757386170038        4.0000000000000000                1
   7.0644577143908860        10.539793187677459        29.662619076149355        4.0000000000000000                1
   6.4765845142982563        9.9610478731045546        30.345685633791028        4.0000000000000000                1
   7.6454188974752215        6.1681370450282147        21.210114835145578        4.0000000000000000                1
   7.6116415266260944        10.765534514620736        19.294474320030531        4.0000000000000000                1
   10.723781649151755        9.6231630848964205        16.925308797411880        4.0000000000000000                1
   9.7372826052793258        10.659701853221840        35.681830685929988        4.0000000000000000                1
   6.0094569629449799        8.3090782004933725        3.2318419989958240        4.0000000000000000                1
   7.9077047408891463        6.0860105148127923        26.169137840631230        4.0000000000000000                1
   6.8433554509108738        10.369551906048295        13.904561801054236        4.0000000000000000                1
   6.4923583017691593        9.9456769125342586        4.4283620932233854        4.0000000000000000                1
   10.218619894701554        6.7435120093135295        15.256517171419228        4.0000000000000000                1
   8.8933380686820716        10.960026849395337        37.878798582968464        4.0000000000000000                1
   10.536252678186633        9.8831479729725409        12.436812609897823        4.0000000000000000                1
   10.958178149308788        8.4147616304719062        14.123653409176892        4.0000000000000000                1
   10.176224720212190        6.8306619270151341        32.142902133858833        4.0000000000000000                1
   10.907970005155304        7.8530814268382558        16.913615154725552        4.0000000000000000                1
   7.9779947288542195        6.0820270380399375        3.3189617288916002        4.0000000000000000                1
   9.5525590060874652        10.762789104499156        15.651430306988866        4.0000000000000000                1
   8.8193853924718120        6.0226462980968334        13.656586999687793        4.0000000000000000                1
   9.8489967139737065        10.603402071172106        8.0358573565056588        4.0000000000000000                1
   6.2998842513222293        7.3740595957428212        9.8618329559664506        4.0000000000000000                1
   10.934743349071965        8.3746821109614782        30.731645576031422        4.0000000000000000                1
   10.722060450388522        9.6140476878636481        19.465540196212388        4.0000000000000000                1
   6.1225686009425271        9.2432457572768989        31.070802980216495        4.0000000000000000                1
   9.4786249568960468        10.776040882931914        6.9728924382208231        4.0000000000000000                1
   10.264528621518883        10.245804296177159        6.3034404084861162        4.0000000000000000                1
   8.4989384722984962        6.0003605051164861        1.0719573908961373        4.0000000000000000                1
   10.978905023478998        8.7077500345916476        16.384953755627933        4.0000000000000000                1
   7.1251900936062329        6.4243761049615342        23.188177927686532        4.0000000000000000                1
   6.0164517156683797        8.3585893453972844        23.359684439443768        4.0000000000000000                1
   7.5040152842408556        6.2319643052025802        20.080106269225972        4.0000000000000000                1
   6.4365397358543408        9.8853623005200948        29.156584629400864        4.0000000000000000                1
   6.1786115858381567        9.4232337408149522        10.988811851007108        4.0000000000000000                1
   8.4784895672345293        6.0201154854955634        1.0634268979753407        4.0000000000000000                1
   7.2595201100586264        6.3384144533463385        37.265749476466617        4.0000000000000000                1
   6.1286635477597562        7.7294319209039273        8.0626224789754986        4.0000000000000000                1
   10.839860034793951        9.1052931295622166        2.2670562034164101        4.0000000000000000                1
   8.6284615952439605        6.0251704806956452        5.3420597991467265        4.0000000000000000                1
   10.468712054740971        10.032912904131184        1.6052205858648954        4.0000000000000000                1
   8.5157858963849336        6.0252861602366448        35.334292772223776        4.0000000000000000                1
   10.155580391468650        10.360441332391966        9.1194793504230489        4.0000000000000000                1
   10.997283519926398        8.5696467792383739        26.724599337007465        4.0000000000000000                1
   7.3972218018837879        6.3266569064260452        18.968453686267601        4.0000000000000000                1
   10.955061970352366        8.5131333350350076        5.5343305082997238        4.0000000000000000                1
   7.3880439926622099        10.736245158778814        20.422834298022117        4.0000000000000000                1
   6.1845646974308046        7.5922616287485383        21.591366864431347        4.0000000000000000                1
   10.688854729668929        7.3138815178153695        35.430832895637337        4.0000000000000000                1
   8.9083714198421582        10.944906651456979        11.680978570812622        4.0000000000000000                1
   8.2340188561125949        6.0252270107236123        2.2125370781662896        4.0000000000000000                1
   7.7291367689246133        10.838759175864116        11.750247945215953        4.0000000000000000                1
   10.992417132008008        8.5492148654341502        21.078966978769603        4.0000000000000000                1
   9.9522380257262739        10.459157599875091        3.9134411552968085        4.0000000000000000                1
   8.3008759728822401        6.0289507651982515        19.342774633784003        4.0000000000000000                1
   6.0726639799819360        7.9656385386298840        24.544109430023784        4.0000000000000000                1
   6.7336923879181478        6.7441775733477209        39.350011622636650        4.0000000000000000                1
   10.803686879268723        9.4311323278833274        26.228644579181708        4.0000000000000000                1
   10.707561483203994        9.4016658635758024        25.001343957716177        4.0000000000000000                1
   6.1857681812207916        9.3909197940782931        34.140619299141683        4.0000000000000000                1
   9.5667801072766476        10.760361213341282        9.8308367959183833        4.0000000000000000                1
   8.8402559012497512        10.974045599545926        1.9081000404628004        4.0000000000000000                1
   6.3943428723384050        7.1931766740658905        26.150119563147733        4.0000000000000000                1
   9.5092491203619360        6.2438999571433635        31.463836852497121        4.0000000000000000                1
   8.6112349912263451        10.956158742001296        7.6818064596736457        4.0000000000000000                1
   10.969980622336795        8.5881892178588775        19.835493358181548        4.0000000000000000                1
   6.2919919618721067        9.6602188549323884        14.430165875181562        4.0000000000000000                1
   10.933014073883795        7.9519508736351137        37.248907124180562        4.0000000000000000                1
   7.5967394930289842        6.1700016108025650        5.5704176948254363        4.0000000000000000                1
   10.990651966270930        8.4428649747603828        29.533966375897382        4.0000000000000000                1
   10.541001339409734        9.8186848475815687        39.109558624536383        4.0000000000000000                1
   6.0489686992665321        8.9218782046246226        13.653666676734504        4.0000000000000000                1
   10.796858096501795        7.5394179372000858        31.304851384335965        4.0000000000000000                1
   10.776706681391516        9.4256843543747149        38.198977261412018        4.0000000000000000                1
   10.170071664967370        10.330457379927553        21.141458804336118        4.0000000000000000                1
   6.8200291527520500        10.303776729182223        18.604384034134618        4.0000000000000000                1
   9.7145834688719663        6.3590366988053386        9.1954691072112666        4.0000000000000000                1
   8.0694591277948380        6.0440343398264869        22.671752029022944        4.0000000000000000                1
   7.5551275569192420        6.2468585655695348        1.4675286505690783        4.0000000000000000                1
   9.4306749712843327        6.2403218970660923        10.172793795574917        4.0000000000000000                1
   6.5430766313851745        6.9455677920264698        18.491279299573126        4.0000000000000000                1
   6.8133982633633767        10.341750273339736        22.432739647655382        4.0000000000000000                1
   7.8619703605383284        10.907184738606036        29.148911639304337        4.0000000000000000                1
   10.769095142289492        7.5439588155237303        31.320683129213780        4.0000000000000000                1
   7.5728093553445719        6.2226894574342557        1.4527574999910084        4.0000000000000000                1
   6.0987631246682303        9.1525285443962172        29.819163341712816        4.0000000000000000                1
   9.6838344042016331        10.700396733015808        28.737168689658201        4.0000000000000000                1
   9.4630773447948968        10.806426414312829        21.895034632687853        4.0000000000000000                1
   6.0121662932774900        8.5798255331713964        11.520154839067791        4.0000000000000000                1
   9.6459163612633301        6.2818832843424168        37.865910789557326        4.0000000000000000                1
   10.813669255245637        7.5565431342471578        13.347234209364228        4.0000000000000000                1
   6.1336593779804902        9.1366647487750328        36.747184297366964        4.0000000000000000                1
   7.9982148312200847        6.0631239813174975        17.198545037074751        4.0000000000000000                1
   10.752963827477293        9.5721809741443415        14.261805414661753        4.0000000000000000                1
   9.8466777169202313        6.5340101687606236        36.839282947807654        4.0000000000000000                1
   6.0479668144413976        8.9656997124073339        4.0054464445886255        4.0000000000000000                1
   6.2026030030165851        9.4594878551200434        19.257979498399852        4.0000000000000000                1
   7.5542578273328616        10.813901343462950        34.485069966035205        4.0000000000000000                1
   6.7226982786910607        10.227064378791336        21.101812332199561        4.0000000000000000                1
   8.6980947341099277        10.992038609842986        26.034483175375495        4.0000000000000000                1
   6.8573341660532519        10.377293519842265        16.199570596499186        4.0000000000000000                1
   7.4677629527236880        6.2879981161092537        20.121969973301812        4.0000000000000000                1
   6.9606637480086588        6.5739614590504569        26.862636249884957        4.0000000000000000                1
   6.8160646970368379        10.342545511112425        2.6117661449556890        4.0000000000000000                1
   8.7565250875176943        6.0711150122462607        37.056562388449109        4.0000000000000000                1
   10.296207193316743        6.7725900334348488        29.343515857081847        4.0000000000000000                1
   6.4366853776461266        9.8847896505921575        28.067827353419666        4.0000000000000000                1
   10.829272722592856        7.6043295215501194        26.396417570982074        4.0000000000000000                1
   7.3474329796787394        6.2865205354354581        6.6948059082460016        4.0000000000000000                1
   10.339836954948256        10.190579606976653        27.078180141412414        4.0000000000000000                1
   10.265080296961370        10.265949576774846        16.254214233450625        4.0000000000000000                1
   7.2090014743279056        7.2208990253052869        9.0000787231397775E-002   4.0000000000000000                1
   8.6430721393182939        6.0073520318561906        31.980937399926511        4.0000000000000000                1
   6.7271990341877217        10.230806403371455        34.472385652687862        4.0000000000000000                1
   9.5769072385115219        10.741902711513921        26.555301586108143        4.0000000000000000                1
   10.972331471085358        8.6260562527152960        4.4325477982122914        4.0000000000000000                1
   8.0244465334285948        10.031580743227355        34.075691013306695        4.0000000000000000                1
   9.1503632784265978        10.883275904990182        8.7435091115193320        4.0000000000000000                1
   8.2809813099559531        6.0663060088617069        6.3452940985715234        4.0000000000000000                1
   6.0512790171347621        8.8410358069427062        35.790641020784832        4.0000000000000000                1
   9.4297854552894211        6.3902815319491957        32.715537128071851        4.0000000000000000                1
   7.0055268745688810        10.477540535989057        6.6498658709349456        4.0000000000000000                1
   9.0493734532201611        6.0795834814720546        12.657475026893916        4.0000000000000000                1
   6.8783849172259872        6.6112827087694548       0.82176554413591119        4.0000000000000000                1
   7.2034609851858677        6.3659308329810598        22.115992179708588        4.0000000000000000                1
   6.7004768872545917        6.7875746192562953        19.676045043181745        4.0000000000000000                1
   6.2991263924604084        9.6805502215656638        6.1057124374999496        4.0000000000000000                1
   10.997675831802827        8.5306847636311680       0.32284007018424893        4.0000000000000000                1
   10.934266977299277        8.7993768188016634        39.255662038098663        4.0000000000000000                1
   6.2737162814801044        9.5815449536944026        35.124084319128443        4.0000000000000000                1
   10.939989906695354        8.3764923934049804        30.733433287384937        4.0000000000000000                1
   9.7901333418059231        10.584380694621803        12.262871360731005        4.0000000000000000                1
   10.018198416370442        6.5146271959939375        12.154356773341327        4.0000000000000000                1
   7.6678456830106771        10.819627498918281        5.8849596095451950        4.0000000000000000                1
   10.700319415629696        9.5922590484499413        21.561506723393713        4.0000000000000000                1
   6.9365837069141367        10.442986018332622        15.194507248914695        4.0000000000000000                1
   6.4458972247010520        7.1551049822875248        25.044225665199789        4.0000000000000000                1
   10.757049000666733        9.5094385246036843        5.1546102344031466        4.0000000000000000                1
   6.7078961952341896        10.224522846825241        31.635117675144233        4.0000000000000000                1
   7.1410873678296918        9.8657161641597320        33.635260201833290        4.0000000000000000                1
   7.0735605619386899        6.4494990753820716        3.6610890524621502        4.0000000000000000                1
   10.898016766768304        9.1595391287586470        6.3789857758619357        4.0000000000000000                1
   7.6462395729637676        10.828005716942323        14.491997746487240        4.0000000000000000                1
   10.764252198006707        9.5488748669921737        18.276055621142046        4.0000000000000000                1
   7.0180674312763012        6.5414876636086614        25.690260724166219        4.0000000000000000                1
   7.4517050848723443        6.2573276007435830        10.921462186111700        4.0000000000000000                1
   9.4010121596061946        10.823118782452738        38.909580141662801        4.0000000000000000                1
   7.6739068234056491        6.1609673489409236       0.28320932177941449        4.0000000000000000                1
   8.4238830705548189        10.985704716107460        32.624975550591948        4.0000000000000000                1
   6.6518767691666145        6.8510850731945157        8.9942712416463895        4.0000000000000000                1
   6.0373005525658261        8.4880504514915867        22.255971017658592        4.0000000000000000                1
   6.4177206733805647        9.7465875091811167        12.117182314720354        4.0000000000000000                1
   6.0089649786659685        8.3767188156670560        38.946381485847340        4.0000000000000000                1
   7.8803205232425340        10.907479928882845        30.174015589371905        4.0000000000000000                1
   10.020968857215129        6.5233473962184059        35.552207382940090        4.0000000000000000                1
   9.4072020972510497        10.813949247323336        34.698701488758090        4.0000000000000000                1
   8.9871275604514143        6.0530883339012860        16.230358842241664        4.0000000000000000                1
   8.8779656219442593        6.0305382651661370        15.184359477553667        4.0000000000000000                1
   10.881347871846485        7.7418543128600321        38.262886340374038        4.0000000000000000                1
   7.5019198892605212        10.577337693513206        32.182152780165779        4.0000000000000000                1
   6.5706328947357022        6.9302750941395983        17.368628846750671        4.0000000000000000                1
   9.4394537970614874        6.3946932412637656        32.739677306485817        4.0000000000000000                1
   7.0415582633473699        6.6365251787635238        24.235463918736620        4.0000000000000000                1
   9.4767332735570182        6.2071727107494690        32.777843875336558        4.0000000000000000                1
   6.3743713870980780        7.2126621825978425        28.639322569098947        4.0000000000000000                1
   9.6640240564424253        10.694406559725865        1.2074113972263900        4.0000000000000000                1
   6.9692266498219491        6.5618612154861156        7.9828625044947694        4.0000000000000000                1
   8.4171989336995647        10.983880017997278        33.868740685064822        4.0000000000000000                1
   10.634801525970985        7.2225490165055186        36.488613005196392        4.0000000000000000                1
   9.9190911375513036        6.5340201561289453        36.767316118983032        4.0000000000000000                1
   8.5650304847615484        6.0013702013761607        5.3786682381152691        4.0000000000000000                1
   7.6474314511108155        10.842352739886900        15.777364794650998        4.0000000000000000                1
   7.0768623509593667        10.545721354631835        3.6647556091784921        4.0000000000000000                1
   10.960352297033989        8.5734676232208269        18.746905659620989        4.0000000000000000                1
   9.5014480057954280        10.777399527320890        25.422939978098398        4.0000000000000000                1
   10.985925044122640        8.7161900804334653        12.982394944046201        4.0000000000000000                1
   6.0610086839257153        8.0469020623791270        27.975329926779352        4.0000000000000000                1
   6.4457675507099079        7.0837693843686811        29.758582536602397        4.0000000000000000                1
   6.0123575217588732        8.4860306089114115        39.941046826919504        4.0000000000000000                1
   8.9566682584671344        6.0427039228878332        8.2966825409304334        4.0000000000000000                1
   8.5281490027200810        10.985713467690745        39.524645579784249        4.0000000000000000                1
   10.765438724075777        7.5118084903203259        30.054477392956191        4.0000000000000000                1
   10.984907025237542        8.4554744264605137        28.469591835831714        4.0000000000000000                1
   8.5183964381097752        10.988725323420022        19.809750243979153        4.0000000000000000                1
   6.2333622028636029        9.4304463190525478        32.047017338530857        4.0000000000000000                1
   6.9880033033161606        6.5242745164928415        28.243913078475767        4.0000000000000000                1
   7.5061544014869712        6.2100401811833761        9.6934718041048882        4.0000000000000000                1
   10.037721095668234        10.468412528310088        39.686716188795295        4.0000000000000000                1
   9.7681580742782828        9.6225820136764995        24.017636186657910        4.0000000000000000                1
