     1000000
           1
  0.10000000149011612     
   7.1901437011056446        5.9608880467685923        36.254632545863394        3.5000000000000000                1
   6.2521779588902220        6.2997263404382444        21.673011024108586        3.5000000000000000                1
   6.2544407834853049        6.3256125703125958        20.447964824217710        3.5000000000000000                1
   6.2092292353298824        6.1796502110559715        33.764510513046510        3.5000000000000000                1
   7.2383408549802741        6.2571228618044703        3.7058720307445050        3.5000000000000000                1
   6.3939958129305543        7.2254947201603574        5.0452966051245065        3.5000000000000000                1
   5.2659299179980028        6.0873313264866367        37.198265131783288        3.5000000000000000                1
   5.2814993906793433        6.4796063756653490        15.320231800246356        3.5000000000000000                1
   5.3618961978589832        6.1969814974833399        33.161745988978517        3.5000000000000000                1
   6.3018383619833660        6.2799509555408610        22.769472404209100        3.5000000000000000                1
   6.0761421378496943        7.1927575950482927        39.451789231215137        3.5000000000000000                1
   6.8675827005542818        7.0257320099075597        17.567872073649792        3.5000000000000000                1
   6.4627554723500298        7.2230100163218918        25.373867778363323        3.5000000000000000                1
   5.2623761581907429        6.3560981713884965        27.551320713617482        3.5000000000000000                1
   6.2495948890798569        6.3570345589268609        18.137674973112475        3.5000000000000000                1
   7.2237197456025095        6.0966601555694222        9.8021944856677266        3.5000000000000000                1
   6.2549708282940752        6.2482397040857665        7.4463371505318579        3.5000000000000000                1
   6.2045238106416107        5.2754338060886452        36.474944704969872        3.5000000000000000                1
   6.0008584040041679        7.1906581626775630        27.797560094661140        3.5000000000000000                1
   7.1664168191156472        6.2517143475305446        23.420538959000403        3.5000000000000000                1
   5.2533608925833271        6.1957250323525068        14.350692002222981        3.5000000000000000                1
   5.2828484957806001        5.9983610434181216        36.188015171579792        3.5000000000000000                1
   6.1924195514394675        6.0668038911777398        12.704089150152836        3.5000000000000000                1
   6.1067362067864455        5.3058314155396946        30.842763202614140        3.5000000000000000                1
   6.2144962660290917        5.2516483448430442        32.896877629286195        3.5000000000000000                1
   5.9966101335675219        7.2079444173197400        3.0237140338488451        3.5000000000000000                1
   5.3464399571541570        6.5391123484968672        29.671468541801648        3.5000000000000000                1
   6.2026512698707865        6.2330761123886855        38.978550642467404        3.5000000000000000                1
   6.0413593413532656        7.0665913616204099        16.461185753287001        3.5000000000000000                1
   5.4004358351211916        6.2852490297595303        26.460252976646835        3.5000000000000000                1
   6.4538384921850218        7.1655338233496382        26.393283955601166        3.5000000000000000                1
   7.2462666321990978        6.2938743160981536        25.561159615652112        3.5000000000000000                1
   7.1667986500374070        6.3408130853622495        19.870270191761882        3.5000000000000000                1
   6.2359085063304729        5.4058348623069081        37.485471330752361        3.5000000000000000                1
   6.3274238218713643        5.2576555685155633        23.195284633537412        3.5000000000000000                1
   5.2540613503870848        6.2196753547363217        11.797339938242823        3.5000000000000000                1
   6.2413076138777255        6.2123406768354359        35.915748003958285        3.5000000000000000                1
   6.5451438659128280        5.3269192896085817        9.8037217223081541        3.5000000000000000                1
   6.6556366075681046        7.1585050546615978        23.254734687487101        3.5000000000000000                1
   6.2122943060690998        6.8848724661376099        16.502997027174342        3.5000000000000000                1
   6.5937222326009914        7.1493791486959006        22.212300038640745        3.5000000000000000                1
   6.2391976870955412        6.2001872005574814        32.373863914042488        3.5000000000000000                1
   6.2516200005247278        6.2625675079926850        25.186237984024832        3.5000000000000000                1
   7.1797021671519579        5.8866043312464233        10.832758885147854        3.5000000000000000                1
   5.8493909867691318        7.1588421196308625        17.675216762275355        3.5000000000000000                1
   6.1226159713653834        7.2233330593392928        14.056563667526490        3.5000000000000000                1
   6.5514865405376410        5.2986410111283826        6.1146744008376324        3.5000000000000000                1
   6.2027979899516170        6.2885100912937215        15.658893972489327        3.5000000000000000                1
   5.6684986227445915        5.4485158081686018        15.490903991290892        3.5000000000000000                1
   6.0833081538873230        7.2242171805274129        30.919043827314269        3.5000000000000000                1
   5.2677569200393171        6.0786792107690157        32.087076975074112        3.5000000000000000                1
   6.2521764025467554        6.2501714853923360        6.4133388292539593        3.5000000000000000                1
   7.1353684184088415        6.5610223391964988        18.557160999337974        3.5000000000000000                1
   6.2882051933387286        5.2583267762883787        10.815256002573856        3.5000000000000000                1
   6.2488949288602935        6.2466581212523087        31.337824695410884        3.5000000000000000                1
   6.3363655516456596        7.2421317675006360        21.191571339153423        3.5000000000000000                1
   7.1840034633297725        5.9127867142891128        35.145616596608754        3.5000000000000000                1
   6.4009374251528586        5.3055727269968820        8.2439893835119538        3.5000000000000000                1
   5.8512395851351915        5.3368374544322572        11.941995431553424        3.5000000000000000                1
   6.4451087655972099        5.3486344328889306        24.361096449814998        3.5000000000000000                1
   6.2090465068997256        7.2373849310532705        15.188155253189334        3.5000000000000000                1
   6.3398489423154754        7.2426335261492225        20.003504635587486        3.5000000000000000                1
   6.2685335962820634        7.2180691194971205        7.6938943555714783        3.5000000000000000                1
   5.9814969119014769        5.3275070293412226        35.493367388837136        3.5000000000000000                1
   6.0617647913635517        7.1930561810393536        1.5387726924593956        3.5000000000000000                1
   5.2930167778609762        6.0896198016281735        31.076163012629468        3.5000000000000000                1
   7.0998605904184924        6.6416057329492988        2.7624264693210230        3.5000000000000000                1
   5.3204232403871359        6.5695680391660556       0.71438305267575386        3.5000000000000000                1
   6.1396010398440266        7.1750499658424385        28.865092863029570        3.5000000000000000                1
   6.2418498222446104        7.2272534765317156        29.905384580856492        3.5000000000000000                1
   5.2660327539888749        6.0990176207579045        39.355602257728826        3.5000000000000000                1
   7.1975647127499638        6.5011538560510864        24.533636495919527        3.5000000000000000                1
   6.3272333955096576        6.3018945250427123        19.241320130432054        3.5000000000000000                1
   7.0746761757469665        6.7932901016128326        7.2529721959171090        3.5000000000000000                1
   5.3472698494415543        5.8261294127444616        38.244578096403657        3.5000000000000000                1
   6.2561341604375560        6.2744187238285649        3.5003426586125408        3.5000000000000000                1
   6.2138226757217536        5.2601420741936087        38.557179233034390        3.5000000000000000                1
   5.3128853763929431        6.4876765595061112        3.8974976856827084        3.5000000000000000                1
   5.9706423139167004        5.3735259706239571        31.873148441003945        3.5000000000000000                1
   6.1935978700586833        6.2178182946863920        30.243845730296886        3.5000000000000000                1
   5.4150932104708360        6.7512303517494390        18.810373404729958        3.5000000000000000                1
   6.2653300416148916        5.2573265768807875        7.0822503905462311        3.5000000000000000                1
   6.1470489070932786        5.3008972153679288        29.824064308388820        3.5000000000000000                1
   6.5778958421192302        5.3334241993695839        21.802697081585471        3.5000000000000000                1
   6.8381897179136750        5.4891426483806773        12.145085508215399        3.5000000000000000                1
   6.3602655676949986        5.3197315274898962        8.2032822025692269        3.5000000000000000                1
   6.1630146933339045        7.2059702114221320       0.51200714250464496        3.5000000000000000                1
   5.2881414104089917        5.9900930484288679        13.161749023965672        3.5000000000000000                1
   6.2165975244458647        5.2976356526669397        34.424777079041661        3.5000000000000000                1
   6.2593334474800226        6.2448643768025089        10.647674228560389        3.5000000000000000                1
   6.2460819906860774        6.2170276307216739        14.215977088379079        3.5000000000000000                1
   6.1753843212359874        7.2097327576230201        38.451070545545683        3.5000000000000000                1
   5.2869872222692385        6.3922682449250816        28.591277003565960        3.5000000000000000                1
   5.3675254713280518        5.8112053619600124        10.833845975642866        3.5000000000000000                1
   5.2629761480579607        6.2968283525560915        17.883580372921717        3.5000000000000000                1
   5.2583407911426470        6.2422033717956218        35.203329276034765        3.5000000000000000                1
   7.2222859161923445        6.3154807247332077        26.619986280150055        3.5000000000000000                1
   6.1997221706030476        5.3337833075294991        39.555112920226343        3.5000000000000000                1
   6.0677974107535197        5.2676283251672835        14.529949846482312        3.5000000000000000                1
   6.4432423449146592        7.2249399357866713        4.0296301692698693        3.5000000000000000                1
   6.1948132328287748        5.4241301610573123        39.580267963632551        3.5000000000000000                1
   6.2970249462927175        6.2666032911436869        23.962768485275696        3.5000000000000000                1
   6.2511711484523582        6.2595922685687686        5.3319549945207765        3.5000000000000000                1
   6.2081364742962384        6.3557718029230461        39.985786011732088        3.5000000000000000                1
   6.0903062730008024        7.1278936207522339        2.9703478322349013        3.5000000000000000                1
   7.2088180727890272        6.2604817444907113        22.051383172748551        3.5000000000000000                1
   6.2390693496452814        6.2451209771628129        34.841450572755967        3.5000000000000000                1
   6.2714429431744989        7.2371212585885738        6.6155330892009276        3.5000000000000000                1
   7.1229928548572481        5.7951336226270804        7.1982421307576399        3.5000000000000000                1
   7.1849874722785598        6.2658845852304399        20.971831257114680        3.5000000000000000                1
   6.2924298446669233        7.2463608689507906        18.725033706991081        3.5000000000000000                1
   7.2294491963658150        6.2242160744585640        8.7182050589148101        3.5000000000000000                1
   7.1833493011200540        6.1275720348155591        34.140384784460529        3.5000000000000000                1
   6.1017644131615203        5.3097208633067243        13.351151304908612        3.5000000000000000                1
   5.2897100490188329        6.2544023126190469        16.710338878866086        3.5000000000000000                1
   6.1891124172478209        7.2239104165426040        2.9895380247270116        3.5000000000000000                1
   7.2495628456943324        6.2737821355677941        6.2530854750815656        3.5000000000000000                1
   7.1465690783470563        6.5648755530286067        4.9702555361107672        3.5000000000000000                1
   5.2547784624412150        6.1854658089503349        34.195408783360051        3.5000000000000000                1
   5.3954047201341986        6.3890364111991964        1.7771625834446367        3.5000000000000000                1
   5.2989702813141273        6.2846018092442097        2.9181802848517435        3.5000000000000000                1
   7.1906892569751717        6.3554086052189964        27.643743760586855        3.5000000000000000                1
   6.2491941644996745        6.2434946009727819        11.656263897176272        3.5000000000000000                1
   6.4949443104769529        7.2193407442042083        24.321919251839422        3.5000000000000000                1
   5.2582580048980283        6.1409130073916893        39.296240768555876        3.5000000000000000                1
