     1000000
           1
  0.10000000149011612     
   4.1247790321741498        3.1886654104219141        8.2190875406538773        1.5000000000000000                1
   3.2176798472227901        2.2754461990020998        21.472714920771743        1.5000000000000000                1
   2.3016969753595995        3.2045508325457170        10.519038966723807        1.5000000000000000                1
   3.7162441659626140        4.1219056658195852        30.803203318325735        1.5000000000000000                1
   3.7453901101495055        2.6679701421827096        16.268205318849930        1.5000000000000000                1
   3.1671192116053204        2.3295823280912984        33.938219850158234        1.5000000000000000                1
   3.7650795256112137        3.7345304632038396        11.173471425296400        1.5000000000000000                1
   3.6447649603799968        4.1546576912081621        35.746367884861343        1.5000000000000000                1
   4.0543914273872197        3.2205134590883024        18.214708102697255        1.5000000000000000                1
   3.6204870287818820        2.6087330173400924        30.055082863170011        1.5000000000000000                1
   3.8490162793345783        3.0202120262695149        5.9902117737088405        1.5000000000000000                1
   2.5306876531139721        3.9215714187488016        8.5009375698329670        1.5000000000000000                1
   3.3681992313895504        4.1704716885670878        33.020995296095911        1.5000000000000000                1
   3.3399835709473220        2.7984759825405545        31.686973603248735        1.5000000000000000                1
   2.8957731199915133        3.8957642024712511        4.4000862350138723        1.5000000000000000                1
   3.9069245758491888        2.7843195968453323        14.378466263183531        1.5000000000000000                1
   3.4868775550517439        4.2186320312430832        39.285546348043844        1.5000000000000000                1
   2.6382510510078223        4.0356013637845063        27.897166588153588        1.5000000000000000                1
   2.4542557879898288        3.3583338885440828        16.599206818836578        1.5000000000000000                1
   3.5782043822317182        2.7043677086397455        3.6408360755878824        1.5000000000000000                1
   3.2085535021205556        3.5296438040822200        24.011531098329652        1.5000000000000000                1
   2.6178761567452340        2.8156839025630167        26.661785760341328        1.5000000000000000                1
   3.8406347189228978        3.9464181988361351        13.296494982294027        1.5000000000000000                1
   3.9512788515749055        2.5613398861878420        27.498619895142813        1.5000000000000000                1
   3.9499970953139365        2.9129361234857138        37.693612550670238        1.5000000000000000                1
