     1000000
           1
  0.10000000149011612     
   11.265503824108919        7.2096162543557512       0.26486326729897480        4.0000000000000000                1
   6.3007802894367844        8.0358721636985493        37.798926106780307        4.0000000000000000                1
   6.7158643569037748        9.4301592753653463        1.7423707305678278        4.0000000000000000                1
   8.4299904307803502        6.9124315811412504        28.356627167290842        4.0000000000000000                1
   10.186983254133464        7.0183952933698128        22.836607479468597        4.0000000000000000                1
   10.900986104688673        6.6800396228540304        18.596412532363537        4.0000000000000000                1
   11.757786798041261        8.4271829870562822        13.953811557257277        4.0000000000000000                1
   10.534595939417363        11.367669428585650        26.601604999854267        4.0000000000000000                1
   10.280671302322068        6.6176154970418626        23.803710818375155        4.0000000000000000                1
   10.630341210184710        7.9644420017289512        35.719536198710422        4.0000000000000000                1
   7.8735645619468260        11.523329511888550        12.585270363909826        4.0000000000000000                1
   10.948798602088409        6.9748182130967464        35.705108140403119        4.0000000000000000                1
   11.658220761172686        7.6241515652901635        31.689280918345933        4.0000000000000000                1
   10.833044536601879        7.9215330348755169        18.618636944548300        4.0000000000000000                1
   11.129074590575534        10.078150889868168        3.4273906693185907        4.0000000000000000                1
   7.3297841514992728        6.5929954477899759        33.365017744118703        4.0000000000000000                1
   6.3795583688813329        9.0319221303222026        2.6632937083671395        4.0000000000000000                1
   6.4456787860238505        10.281505963848101        29.293510294353030        4.0000000000000000                1
   7.4054908176066814        9.2652965713439439        24.973337171524513        4.0000000000000000                1
   9.3915903188756076        6.2640450723985230        9.6294900269597932        4.0000000000000000                1
   11.909896436524591        9.6305930202935919        26.815214379786109        4.0000000000000000                1
   7.0470031194501486        11.244270872240499        7.0387657630096649        4.0000000000000000                1
   6.4466602514074820        10.180484324001251        12.638274066385316        4.0000000000000000                1
   10.057269995971241        11.778299987799873        38.973231762788870        4.0000000000000000                1
   9.3153572778472533        6.1464332706731373       0.49737415154427023        4.0000000000000000                1
   8.7990861105693998        11.503318318424046        34.912860553159810        4.0000000000000000                1
   7.4870787903480061        6.7128467380604251        14.423674390963432        4.0000000000000000                1
   6.3275982458071418        8.4479440547463298        19.440212776903351        4.0000000000000000                1
   8.3249515120953586        6.1509118500578426        14.643960841885013        4.0000000000000000                1
   8.4647999954958841        11.458178329194450        17.482585100787961        4.0000000000000000                1
   10.103270895343567        11.654883459795613        3.3788941726032236        4.0000000000000000                1
   6.0635183635094112        8.6991492101489403        36.868020451679079        4.0000000000000000                1
   8.3118895918290523        11.886554868538537        16.563587248303989        4.0000000000000000                1
   9.2973827862043130        6.4307417292365905        5.6067519047503591        4.0000000000000000                1
   11.473450371343302        9.9727500232369248        13.502754331349685        4.0000000000000000                1
   11.499629070105502        9.8991958807299252        31.068238677193925        4.0000000000000000                1
   10.911462989073941        11.114412275721914        21.524074975707197        4.0000000000000000                1
   6.2455007987537066        8.4858129579516248        20.561119044181069        4.0000000000000000                1
   11.478156733822489        7.3437877952958681        23.531173311544201        4.0000000000000000                1
   11.463907105699466        10.574795422265717        9.3673981441020331        4.0000000000000000                1
   9.2403113556323309        11.731035957943313        22.295992554552889        4.0000000000000000                1
   6.0937867974909192        9.4914636801008214        7.1429347192066404        4.0000000000000000                1
   11.754907345943998        9.7615132294896938        8.1827836860875909        4.0000000000000000                1
   7.3760563788805289        11.287167052634768        16.713866710726837        4.0000000000000000                1
   11.648212470034073        8.5005973803738151        30.775222238347357        4.0000000000000000                1
   6.3761441175355369        10.407175159367350        2.0409547482868970        4.0000000000000000                1
   11.034351178087839        10.986827634052201        2.9882003749547872        4.0000000000000000                1
   9.8880052579134290        11.855521209670361        34.211572899474618        4.0000000000000000                1
   7.2739174689352435        6.7973055557252176        10.407692940985061        4.0000000000000000                1
   6.9121190597439055        6.8925491769353231        15.229048974355699        4.0000000000000000                1
   6.3596288536436392        9.9146906397529779        3.1407635581498687        4.0000000000000000                1
   6.2935780509974997        10.149777169808067        24.548342709501508        4.0000000000000000                1
   7.3462953021393913        10.523332076767863        29.919895296693539        4.0000000000000000                1
   11.957340710342013        8.5317359719540011        35.686138139850350        4.0000000000000000                1
   6.3038726648690959        8.2429039964761177        24.583399533513074        4.0000000000000000                1
   11.719145854956677        7.9671087815671227        19.186256232755184        4.0000000000000000                1
   7.4573709594640789        10.626651439323920        12.213047978022900        4.0000000000000000                1
   11.498917845159102        7.3428060820636096        18.057642793205332        4.0000000000000000                1
   10.923192950084310        11.161745775324970        38.851736724753927        4.0000000000000000                1
   11.968599899002326        9.3857064308221467        9.2716934264468538        4.0000000000000000                1
   6.6380432752463809        10.374941347793239        7.4562183558416075        4.0000000000000000                1
   9.8412607417004345        11.798987697835702        21.311544143658757        4.0000000000000000                1
   9.9845486748114727        10.706834957945066        38.726872259933081        4.0000000000000000                1
   8.8365115542154147        11.955064599504587        39.230814207316790        4.0000000000000000                1
   7.6067211341116199        6.3499429488246761        28.122842835665409        4.0000000000000000                1
   8.5881538779232365        6.2831098994603218        27.558663615434995        4.0000000000000000                1
   10.390711100978638        11.628143647739929        22.228526041220725        4.0000000000000000                1
   10.951246248361517        10.111507412550759        26.904943077443409        4.0000000000000000                1
   8.1294247520713334        7.2558560607299132        15.338505966052532        4.0000000000000000                1
   8.8589346664719937        6.3544651514485855        4.7001742055679658        4.0000000000000000                1
   11.890141016769979        8.5322468667873839        18.179807637355260        4.0000000000000000                1
   6.8145505966346356        11.046798484904384        11.545279778467576        4.0000000000000000                1
   11.706125406473868        7.7237234090382518        13.074446336930635        4.0000000000000000                1
   8.3247663421144971        7.1617759845995073        10.283694493211128        4.0000000000000000                1
   10.753832931902364        9.0435844458972170        31.496516573237368        4.0000000000000000                1
   6.1479641035076318        8.4439229404565221        1.8536062267748434        4.0000000000000000                1
   8.8030023412374874        11.777740643328434        33.900923062391932        4.0000000000000000                1
   6.7188078081004097        7.1438896612705527        32.166885682343484        4.0000000000000000                1
   9.6225970282727094        11.881505554408287        17.251116885163686        4.0000000000000000                1
   6.6362249710533661        10.843812850158239        30.557475314707268        4.0000000000000000                1
   6.1244376433871945        9.5349518924600609        37.506701952633776        4.0000000000000000                1
   7.9459411189785953        6.3343849608468821        9.5414812077224784        4.0000000000000000                1
   7.6211964371215792        6.3979376934872647        15.844779938370479        4.0000000000000000                1
   7.0849195725594543        7.6707774773354886        33.103090928761951        4.0000000000000000                1
   10.962269929874498        9.8880797710628574        8.8157163396579445        4.0000000000000000                1
   7.2716074846961263        9.6794287890786581        7.0809026001512976        4.0000000000000000                1
   7.9021712157145085        6.3396336128524080        32.540787209331270        4.0000000000000000                1
   6.1252123122870161        9.4341546302713528        20.059456678730410        4.0000000000000000                1
   11.084929267435031        9.1042062618173283        13.165737155874796        4.0000000000000000                1
   9.8894073533276146        6.1905455153141293        27.792378413990836        4.0000000000000000                1
   6.5850883572885461        7.5016760523294970        20.576741380775267        4.0000000000000000                1
   10.053530002748531        6.2039642547563574        4.8293641247750276        4.0000000000000000                1
   7.9484345655808157        11.470816734457712        34.386756548758875        4.0000000000000000                1
   9.0597472070084564        11.068884595169553        16.510666774780500        4.0000000000000000                1
   6.7163373173343333        10.765074777639986        25.255578103550118        4.0000000000000000                1
   8.2417912248563372        6.1110600928360812        5.4913882258135933        4.0000000000000000                1
   7.5477216301228296        11.611298022714193        29.918005454842284        4.0000000000000000                1
   11.557701511396814        10.452809838703518        26.145906872723767        4.0000000000000000                1
   11.985465705499244        8.8185671935890486        31.673006200247578        4.0000000000000000                1
   8.6091223275204580        6.1029919170307361        10.494714245181386        4.0000000000000000                1
   10.186213242758713        10.534368517801003        4.4111864262784701        4.0000000000000000                1
   8.0258018259352077        11.377262052446861        11.458111091051514        4.0000000000000000                1
   11.612053447884939        7.6338215938019260        36.063575558808772        4.0000000000000000                1
   10.159824175850311        6.6597002580651328        39.826268474567556        4.0000000000000000                1
   6.8490660016307814        7.2346054894921625        37.343035205455294        4.0000000000000000                1
   7.1199124346183096        8.9132329030694386        20.303875743068168        4.0000000000000000                1
   11.867556649056757        8.7597200010128926        7.6083997632683040        4.0000000000000000                1
   6.0498714226348200        9.0755723177321102        25.297519248835293        4.0000000000000000                1
   9.1656695566646746        6.1568932863412495        28.514077734052794        4.0000000000000000                1
   9.7541505824084318        6.1043597509920549        23.036581328318498        4.0000000000000000                1
   10.279639109482558        6.9718667728840069       0.77365136010673463        4.0000000000000000                1
   10.427670190547156        11.512191932116890        4.7944916063097027        4.0000000000000000                1
   7.0680721540370417        6.8057804829535691        19.866542772634901        4.0000000000000000                1
