     1000000
           1
  0.10000000149011612     
   3.0264723459990979        5.1752891520576538        11.893773533793681        2.0000000000000000                1
   3.0231994775731028        4.7688255606170928        20.662113507476118        2.0000000000000000                1
   6.4459238941455279        3.6876687474052146        28.619402277527527        2.0000000000000000                1
   6.1181574962647352        3.3659090188065153        3.1007647608918174        2.0000000000000000                1
   4.9882791530136741        6.9030221590253245        31.570697715465798        2.0000000000000000                1
   3.4807764894660456        6.1018103972646749        32.974784368748971        2.0000000000000000                1
   4.7995028380952771        3.0605046337390318        34.934417831290958        2.0000000000000000                1
   3.7145491681260370        6.5013871668228367        3.7424952967096559        2.0000000000000000                1
   6.7079046360285783        5.6322541827194152        36.792312425574529        2.0000000000000000                1
   6.8569277340033485        5.6644895948577494        28.239335143962883        2.0000000000000000                1
   5.4601376098588190        3.1410946756031501        11.167299077817681        2.0000000000000000                1
   5.4820590576218207        6.9231003584088286        27.497461640655914        2.0000000000000000                1
   6.8987977649649856        5.2593512181878346        22.106432489500850        2.0000000000000000                1
   3.1655245646791577        4.2382214714303474        34.844516312173575        2.0000000000000000                1
   5.0708739872770723        3.0218534247649891        22.427245203644372        2.0000000000000000                1
   6.8965691758251673        5.2011308593430448        30.352503632636939        2.0000000000000000                1
   3.1700274117472826        4.2608661999044628        6.4013184480981504        2.0000000000000000                1
   6.1749290418720193        3.4452582264712825        9.2895421462451573        2.0000000000000000                1
   6.6876547428239927        4.0461144009615664        24.326018254549865        2.0000000000000000                1
   3.7223829488549409        6.3597659090823804        22.472542788042581        2.0000000000000000                1
   3.8976938935980447        3.4811339356321831        19.246096343040215        2.0000000000000000                1
   4.9504960810971514        4.7926040066699507        35.997224623796555        2.0000000000000000                1
   3.2058487628414403        4.2083277000487191        24.702169478897456        2.0000000000000000                1
   5.0064103384778660        3.0014817409833796        24.813210594563479        2.0000000000000000                1
   4.8768160298694614        6.9430388751123884        20.392605270209927        2.0000000000000000                1
   4.1214351145179089        6.7577076728224466        13.943088695171312        2.0000000000000000                1
   6.9884645782289203        4.9169181300475735        15.769254802226239        2.0000000000000000                1
   6.1720482301988113        6.5969999360416294        13.919790713236038        2.0000000000000000                1
   6.2532621491392701        6.5408986700093852        1.5907800037817468        2.0000000000000000                1
   4.4058601129323902        3.1175664160371901        1.2007929676909361        2.0000000000000000                1
   3.9603337215771344        6.6478977290019658        1.7069939493481117        2.0000000000000000                1
   3.4614696419038151        3.7395258515277869        23.508821865134326        2.0000000000000000                1
   6.7030875755861850        5.9044786967819141        16.068528505831765        2.0000000000000000                1
   3.1894762108557662        4.5166728028837433        39.034428182928885        2.0000000000000000                1
   6.7981097875323853        4.6116063377424075        28.372631658721950        2.0000000000000000                1
   6.6309746281045348        3.8884332715073522        34.970725342005522        2.0000000000000000                1
   4.9913914118025646        4.8424352955822814        16.143674173499736        2.0000000000000000                1
   5.5785378052743448        3.4006025158518685        26.724241198660831        2.0000000000000000                1
   5.0297227920642866        5.0980309336028684        8.7715098082036729        2.0000000000000000                1
   6.4862893571957940        3.7408932622575581        26.476518700850399        2.0000000000000000                1
   3.3616936549814915        3.8638029268163039        17.147611825329037        2.0000000000000000                1
   3.1205663921835627        4.5507409720094714        36.919251309612797        2.0000000000000000                1
   6.0279369696578780        3.2863989872535564        24.499400074487394        2.0000000000000000                1
   4.0242656558862997        3.2557636965458774        30.853344111280464        2.0000000000000000                1
   6.5160780862141277        6.2388961284984328        30.230708473465288        2.0000000000000000                1
   5.5044502860188729        6.8129762857196727       0.41805314672973121        2.0000000000000000                1
   4.9184335908934580        5.0151145555998067        25.559719909454305        2.0000000000000000                1
   4.6440716130768189        6.9171553813848856        29.534692212419500        2.0000000000000000                1
   4.4730706726324199        3.0772932542351326        36.976364355537406        2.0000000000000000                1
   4.5314874964461866        6.9314735908346030        9.7927560174598938        2.0000000000000000                1
   6.8024752472877488        4.2010564524796310        22.305291922212941        2.0000000000000000                1
   6.8448687070331040        5.7287534001982179        13.705049855049458        2.0000000000000000                1
   4.3322715832605283        6.8851358995592777        24.513357018807334        2.0000000000000000                1
   4.9122290735510559        4.9033945685911267        29.779279418968297        2.0000000000000000                1
   3.0056120668828306        5.0401780021087008        15.562301863339625        2.0000000000000000                1
   3.2196568626301771        4.1202276329267864        32.826110816240785        2.0000000000000000                1
   3.9558038869238188        6.6678234032487813        16.232243583909391        2.0000000000000000                1
   3.2536646695829723        5.9034198865112515        1.7072316836174777        2.0000000000000000                1
   3.0254332479313333        4.8321671508842305        1.6411705466048472        2.0000000000000000                1
   6.8158203487400773        5.8368811719338165        34.498572309963919        2.0000000000000000                1
   5.9681502011195979        6.6083381932870360        38.386430443425745        2.0000000000000000                1
   3.5066429645780293        3.7045417684980562        4.2968690802476122        2.0000000000000000                1
   5.4392105577713119        3.0520842610016659        10.076640387918244        2.0000000000000000                1
   4.2973217842211024        6.8469803436254821        18.391553329608364        2.0000000000000000                1
   6.8769157408980517        5.6028105970710724        11.527048096615708        2.0000000000000000                1
   6.6989803995551487        6.0476083539191929        32.288472856805498        2.0000000000000000                1
   6.8031286641601163        4.1583112303681657        30.541528506174014        2.0000000000000000                1
   4.9443325506302811        4.8218853514289757        37.997162120643928        2.0000000000000000                1
   4.9427507028826998        4.8513725047080003        13.990712791449782        2.0000000000000000                1
   5.1086998529387744        3.0045728844572630        9.0395701328587439        2.0000000000000000                1
   4.1951240715538356        6.7005138206040007        30.925799364365961        2.0000000000000000                1
   4.0100260919752735        3.3847172771327525        22.525584144249571        2.0000000000000000                1
   3.1367483526994056        5.6066546565022524        26.870316510944100        2.0000000000000000                1
   4.4874298638069918        6.8586683898216005        37.938862690451607        2.0000000000000000                1
   3.7411982165592308        3.4473978137611199        12.814191128701447        2.0000000000000000                1
   5.0130173793457082        4.9476092852592020        21.366622282407899        2.0000000000000000                1
   3.1047311862337645        4.5429013670819813        26.751758129830183        2.0000000000000000                1
   3.5192287838497855        3.6751342528654432        10.605427900725358        2.0000000000000000                1
   6.6994595366546053        3.9573751472326761        15.381551988949509        2.0000000000000000                1
   5.4931745486921653        3.0778300699025012        37.035141196714321        2.0000000000000000                1
   3.3889853700857491        3.9052325908464827        8.5075154039097498        2.0000000000000000                1
   5.0331835922826365        4.0895902049035069        4.8804615387917334        2.0000000000000000                1
   5.0782997372760130        3.0775323354574087        3.1510821312609374        2.0000000000000000                1
   3.3317896580429367        6.0262306152579157        30.870835822838878        2.0000000000000000                1
   4.9643885190877670        5.1079141156916910        17.219791549354152        2.0000000000000000                1
   3.8995245137859125        6.6512192654693036        20.372790515244141        2.0000000000000000                1
   5.1041225932948660        5.1017255570175752        4.3999627001966157        2.0000000000000000                1
   5.9854552025178753        3.2659312351077330        19.330967258158950        2.0000000000000000                1
   4.9079672412393913        6.9854778992323450        7.8102922302098881        2.0000000000000000                1
   6.0407366011831174        3.4785603680141799        22.462418311683241        2.0000000000000000                1
   4.6224294089368687        3.0507896560872094        39.050224433569291        2.0000000000000000                1
   4.7010276429851920        3.0334540856263885        13.055124550436075        2.0000000000000000                1
   3.2082021713511915        4.3400335602794664        12.538752001322543        2.0000000000000000                1
   6.6379112804506430        3.8545901265727447        39.035905714070758        2.0000000000000000                1
   3.8838708883283850        3.3864871374740435        18.072585328439885        2.0000000000000000                1
   4.2940282599750104        3.2223656254093065        5.0288005893153240        2.0000000000000000                1
   3.2335505318541697        4.0888460906305815        18.649227287052675        2.0000000000000000                1
   3.4653201957375441        3.7191968395191903        28.745002843138884        2.0000000000000000                1
   3.6710474653454734        3.5860869112613893        3.1592447988491390        2.0000000000000000                1
   5.6655088990940907        6.8797086053529233        22.243076771450266        2.0000000000000000                1
   6.9635735189067365        4.9134530673341290        38.889727044505655        2.0000000000000000                1
   5.1297862498853863        6.9027063698708195        36.026153957234250        2.0000000000000000                1
   5.8825837057346835        6.7266231535919534        32.078915348961331        2.0000000000000000                1
   3.0985349578515922        5.3176498671096963        34.844333146215554        2.0000000000000000                1
   3.0889465416533266        5.0931206257494281        5.7290358457112953        2.0000000000000000                1
   5.1065482667087903        6.7386953151347866        28.636365428703208        2.0000000000000000                1
   6.9663752942685431        4.7206206582668164        13.477313197852068        2.0000000000000000                1
   3.0829520699657200        5.2654221314366421        18.617348152010887        2.0000000000000000                1
   4.9426456895724380        4.8694419794755568        33.955376935866184        2.0000000000000000                1
   3.4251886136479621        6.1334365775860027        5.7138540335325354        2.0000000000000000                1
   5.7033136704360503        3.1484993038487104        17.235891312652651        2.0000000000000000                1
   4.9304450966629805        6.9269272520685208        26.624566751305018        2.0000000000000000                1
   3.6321340177035508        6.4585565694068654        26.501398981145876        2.0000000000000000                1
   5.3776396088272849        3.0541699146358869        28.700056447860337        2.0000000000000000                1
   3.5857517436253152        3.5908977448610675        26.571953106470602        2.0000000000000000                1
   5.7077696192245044        3.1762128826327851        13.209604795057915        2.0000000000000000                1
   3.8463183953738436        6.6080060522227795        7.7085934017121343        2.0000000000000000                1
   6.9686249242474494        4.8246061740767949        34.777028746839385        2.0000000000000000                1
   3.7893889940692826        3.4359942108280666        34.945476557847257        2.0000000000000000                1
   5.2654632080872643        6.9711296381345376        5.5978116116632091        2.0000000000000000                1
   3.2588408605052690        5.8852895445030065        16.051334294662389        2.0000000000000000                1
   5.0628382197612636        5.1477562101196899        19.347969127238695        2.0000000000000000                1
   6.1158085659083303        6.5605230752065795        34.137848297214276        2.0000000000000000                1
   4.4362521518597458        3.0876787191897654        10.930393754740317        2.0000000000000000                1
   6.3676850716946571        6.4101843399978051        11.882455702405009        2.0000000000000000                1
   5.3186079257460390        6.9272080729270620        18.159274935773070        2.0000000000000000                1
   3.5438295096176464        6.2315853522980307        24.494818428182118        2.0000000000000000                1
   6.4507778236275630        3.6494249422375296        5.2617636484244761        2.0000000000000000                1
   6.3727264525594638        3.6783095318625696        11.279406991766402        2.0000000000000000                1
   6.4411010273780471        3.6181783389086486        36.974028810621590        2.0000000000000000                1
   6.2677688972536396        6.5335095072188798        18.181946100368958        2.0000000000000000                1
   6.8549765500874349        5.6497245668355136        5.5515839084354495        2.0000000000000000                1
   5.1201139272237928        6.9630264976127911        1.3705462266361272        2.0000000000000000                1
   6.9295366940375693        4.9772768820461577        7.4461464667146595        2.0000000000000000                1
   5.1148418781712701        6.8914565144800584        13.985595160987145        2.0000000000000000                1
   4.3014342631637392        3.1304599506107817        17.079024713451815        2.0000000000000000                1
   3.8880966485617354        3.3738523104094700        6.4934426346093490        2.0000000000000000                1
   4.9688664905825135        6.9556564316081735        16.186378816754420        2.0000000000000000                1
   3.0328678674954133        5.2214795150005511        24.782115932308045        2.0000000000000000                1
   4.8516428896794155        4.9532502358997164        27.755952285008007        2.0000000000000000                1
   6.9485274327832309        5.1478826929571957        24.211451530249253        2.0000000000000000                1
   4.1496767021996508        6.7372156008278168        35.832911167592485        2.0000000000000000                1
   6.6290783181057824        5.9947200801919571        38.938162740456114        2.0000000000000000                1
   3.4824041357748383        3.7038661258827594        1.1182517041525608        2.0000000000000000                1
   3.5541646389299801        6.3482112664605506        39.769477730082436        2.0000000000000000                1
   6.9682236134587692        4.8680918611795931        20.130635641100906        2.0000000000000000                1
   3.1033321608290514        5.6049490344712396        3.7873636073384831        2.0000000000000000                1
   6.6690686339000589        6.0649696881862383        7.5378989227646445        2.0000000000000000                1
   5.0418887030398762        4.8847209798590265       0.14372004754773526        2.0000000000000000                1
   3.0600111974351134        4.6933073188053749        28.753249992973391        2.0000000000000000                1
   6.9183508573657750        4.6443921645487967        17.785643278088784        2.0000000000000000                1
   5.1295193793867515        3.0741699234500937        30.767344001606819        2.0000000000000000                1
   3.0701031146942062        5.4811964801054716        9.8727071013055614        2.0000000000000000                1
   5.0957895144303906        5.0496461340331944        2.3374079366428102        2.0000000000000000                1
   3.9921283870412529        3.4382889123931903        24.583661806443910        2.0000000000000000                1
   4.9661577633362066        5.0879109195498957        10.872812141764266        2.0000000000000000                1
   5.0279417367625863        6.9823359606370925        33.945834615001587        2.0000000000000000                1
   4.9677304317224236        5.1705461916019315        15.055106195931966        2.0000000000000000                1
   5.8040900364090797        3.2051136976649790        35.032068461294564        2.0000000000000000                1
   6.8982187968827668        4.5376029041055777        36.914724064102799        2.0000000000000000                1
   3.1665071691513060        5.7237758899736857        28.880943932233386        2.0000000000000000                1
   6.0927585232172561        3.3638067239009466        30.852178509842233        2.0000000000000000                1
   4.6135671977845849        6.9341201141618134        22.386923225381810        2.0000000000000000                1
   3.6363836934881331        6.3239751897412733        37.724163140076250        2.0000000000000000                1
   6.8979054349757076        5.4096832232304628        9.4217548877872517        2.0000000000000000                1
   6.7192268408907800        4.0585660031892168        32.717070558535220        2.0000000000000000                1
   5.0827502838473881        5.0738585163639538        12.899164810063544        2.0000000000000000                1
   6.5679054294676851        3.7603185552066298        13.298616954950404        2.0000000000000000                1
   5.0315789327918727        5.0738195298290796        6.7060375253491928        2.0000000000000000                1
   4.8885504153578250        3.0477090000599674        15.100900054553367        2.0000000000000000                1
   3.3083570958426711        6.0289472085596696        13.795026883256254        2.0000000000000000                1
   6.5289583089772067        3.7761340764498228        17.368531450468215        2.0000000000000000                1
   6.8843581390672464        4.5733089080448357        1.0050058747715025        2.0000000000000000                1
   5.4043720384567457        5.9027668912205185        33.848314516837547        2.0000000000000000                1
   5.7943614200941331        3.1881403243390247        7.1689405858034965        2.0000000000000000                1
   5.5742096125150002        3.1366733970985639        20.447131786440725        2.0000000000000000                1
   5.4644923570357875        3.0736519688651742        5.1774847061428302        2.0000000000000000                1
   6.5332394000690250        6.2743234423816689        22.181452929465188        2.0000000000000000                1
   5.8464751941919326        6.7989843779214008        7.5139168377438388        2.0000000000000000                1
   6.5492338031755972        6.2240396292814886        24.230518767491404        2.0000000000000000                1
   3.8606398868238840        6.4834555205214182        38.803996964546023        2.0000000000000000                1
   3.1294636274456380        4.3473374255114301        9.8084494348294005        2.0000000000000000                1
   3.3032434607382557        3.9671483882334728        30.782703964966021        2.0000000000000000                1
   3.2010081208092513        5.8338925175417016        7.7607748609282385        2.0000000000000000                1
   6.9625615740333187        4.8137526113997087        26.265209389097247        2.0000000000000000                1
   6.9295072429300015        4.5330214373818265        11.441519048953294        2.0000000000000000                1
   6.4385855745328229        6.3499778261220623        9.5923758913720132        2.0000000000000000                1
   4.2192911889759763        6.8192663672188374        11.865932081845953        2.0000000000000000                1
   6.6458281870510607        3.8865788707094442        20.151156723607098        2.0000000000000000                1
   6.5921123762195561        4.0242840103493664        7.3977724917249317        2.0000000000000000                1
   3.4019855877540639        6.1369723957464544        18.214308909081907        2.0000000000000000                1
   4.2467100978903369        6.7552856697082175        5.7315139401892177        2.0000000000000000                1
   5.3076449047279182        6.9600726527392025        11.886032694730616        2.0000000000000000                1
   3.1446475591976109        5.5919314429131797        37.134954506087311        2.0000000000000000                1
   4.2405932434819471        3.1573552608509661        8.4552582954498607        2.0000000000000000                1
   6.6094582962679445        6.1547697348163846        3.5607964561386072        2.0000000000000000                1
   4.9383870984478104        3.0627491145243453        32.831676813840865        2.0000000000000000                1
   4.2478837731446299        3.1810596206453678        20.419918052074085        2.0000000000000000                1
   3.4592161745034393        3.7647189340890601        20.638678266421582        2.0000000000000000                1
   4.3448133288680708        3.1530991913458495        28.801989884746298        2.0000000000000000                1
   3.9577487840038623        6.6187788969010644        28.810609312989900        2.0000000000000000                1
   3.4488155434154861        6.1757410202055683        11.754353197157362        2.0000000000000000                1
   5.0515454408000346        5.0762910754560862        23.371393932956117        2.0000000000000000                1
   6.1294209442606746        6.3940773683319252        36.400750431946911        2.0000000000000000                1
   3.1357833136416802        5.4460909561989626        39.606313139904245        2.0000000000000000                1
   4.7180346171578211        6.9565884999970953        3.6249728249501620        2.0000000000000000                1
   6.7627626559510707        5.9249135762948066        26.252296874858054        2.0000000000000000                1
   6.4118824458773807        6.3988689530064224        37.495417923859129        2.0000000000000000                1
   5.0333839209337370        4.8002367702076310        31.802400552170099        2.0000000000000000                1
   6.8369216828403907        5.5731376244933015        1.3592743342243336        2.0000000000000000                1
   6.7668244107175504        4.1674281429820121        3.0791505630162228        2.0000000000000000                1
   5.9773871129877936        6.7359532203363521        20.212546314584280        2.0000000000000000                1
   5.7745410848867893        6.8225329745506844        3.5827563539079077        2.0000000000000000                1
   5.9975581892770853        6.7083036516807049        39.431090334784543        2.0000000000000000                1
   6.9222845606610877        5.0698697632610683        32.630994130674701        2.0000000000000000                1
   6.8831005211102321        5.5867342738077657        18.211173471228044        2.0000000000000000                1
   3.1670218127016128        4.2100773593280074        14.717335084078739        2.0000000000000000                1
   5.4049882891172869        3.0521838055258828        1.0710076983967163        2.0000000000000000                1
   3.0852975542121448        4.7203615063214643        7.8378772778382464        2.0000000000000000                1
   6.8579052939322382        4.3548877344455406        9.3724293426921967        2.0000000000000000                1
   6.7263872156212923        5.9129421091994034        20.220802165603494        2.0000000000000000                1
   3.0310269878997986        5.0017114794374562        30.782759903374831        2.0000000000000000                1
   4.5753137378304460        3.0914129997702648        26.815505422874843        2.0000000000000000                1
   6.9594223682591352        5.2005842896564234        3.3229764250434801        2.0000000000000000                1
   5.8149669675530271        3.2178091891006511        39.039117252900994        2.0000000000000000                1
   3.0431070438344361        5.1199190492917515        32.841158086779735        2.0000000000000000                1
   3.2798320835836954        4.4274833231270385        3.6031229518021393        2.0000000000000000                1
   3.6141269125412321        6.3457068415888989        9.7389283744409028        2.0000000000000000                1
   5.5674477729552381        6.8906533742561304        9.8750523342612464        2.0000000000000000                1
   5.9928487117663005        3.2695526596919775        15.187063699694777        2.0000000000000000                1
   5.5329182486477047        6.8466992248815766        24.631907543005280        2.0000000000000000                1
   3.3073686603176435        4.1895138062876454        22.616157124678590        2.0000000000000000                1
   6.9447085404363333        4.6245070165071933        5.4123689998493587        2.0000000000000000                1
   4.1536344108374701        6.7434677107862209        33.417507399368120        2.0000000000000000                1
   6.2856300482506349        6.5249442690846342        5.5738757277058175        2.0000000000000000                1
   6.3636653374141332        3.5910116159820409        1.0702014526804287        2.0000000000000000                1
   3.1142322261787059        5.5241367322501125        22.636317361752297        2.0000000000000000                1
   4.7577307683825323        3.0513483101926080        7.0550175808084559        2.0000000000000000                1
   3.5582303965549640        3.6151142819153383        36.956263353525713        2.0000000000000000                1
   3.9226500436855654        3.3276746721704962        15.010957145769460        2.0000000000000000                1
   5.7810064921687934        6.8224835995540669        29.675113985259518        2.0000000000000000                1
   3.0099811678801913        4.8729635032927421        16.654627704052693        2.0000000000000000                1
   3.0935920116629787        5.3394828653000204        12.887251465904043        2.0000000000000000                1
   6.0923671160205366        6.6614137443558841        26.634220262498602        2.0000000000000000                1
   6.0277442263361474        3.2843883537085783        32.993384561277374        2.0000000000000000                1
   3.4153083242012086        6.2174063380881437        35.224286140213636        2.0000000000000000                1
   3.1809514580511080        5.8174708344667190        20.556431075628996        2.0000000000000000                1
   6.0414762696028577        6.6796074919325061        16.169025429584206        2.0000000000000000                1
   3.7214130949727595        3.5501344753898980        38.963141133439883        2.0000000000000000                1
   6.0742272109398856        3.5530523363600066        18.256318873574319        2.0000000000000000                1
   3.9642353138586874        3.3008808236524061        32.952748252026268        2.0000000000000000                1
