     1000000
           1
  0.10000000149011612     
   4.4706287903685933        4.4055551222645120       0.48320396850544312        2.5000000000000000                1
   7.2069902974645474        6.8205727026400380        21.379820639518094        2.5000000000000000                1
   4.4032033447305858        4.3317153376031463        13.275392900423013        2.5000000000000000                1
   6.1109856219397019        7.5944678196255540        16.485794459336876        2.5000000000000000                1
   4.9477606307007163        7.4756042546164307        28.030422540221483        2.5000000000000000                1
   7.5271676531756704        6.3213617704534082        27.648234819425774        2.5000000000000000                1
   6.5509766266317699        3.9219805315854397        6.2620661956776749        2.5000000000000000                1
   5.2012802750961500        7.5557850662743116        27.059533097167868        2.5000000000000000                1
   7.3509674498031981        6.8653021100219860        30.597814118679750        2.5000000000000000                1
   6.9918091478014963        7.3139120378743812        2.1130823972995785        2.5000000000000000                1
   3.7900500001600359        5.9081645605016444        18.505373268998795        2.5000000000000000                1
   7.0175315221329351        4.3944462686219170        33.044734785786353        2.5000000000000000                1
   6.5785213198111103        7.2553740687902835        9.9948999134369387        2.5000000000000000                1
   7.7237751488477562        5.9299813995606634        17.802553918591908        2.5000000000000000                1
   6.8692877021559253        4.1305988528937148        1.2592244192181947        2.5000000000000000                1
   3.9338554201110969        5.9298834110296950        34.473660316740400        2.5000000000000000                1
   5.4077306027933156        3.7829072701770077        34.939387344261526        2.5000000000000000                1
   7.2257343449861446        4.7675182385158124        32.108687396536382        2.5000000000000000                1
   5.1304926473215655        7.6111325503101792        6.5064248133859914        2.5000000000000000                1
   5.4548455624638548        7.6588174596337648        23.124153849240884        2.5000000000000000                1
   6.9669312981359353        5.3634577887215524        23.633492290858136        2.5000000000000000                1
   4.4497726773556625        4.2724598750738751        15.998367607925548        2.5000000000000000                1
   3.7633389740021945        5.8132637200184014        25.914892523270204        2.5000000000000000                1
   4.0949610110916970        6.5154331837510107        11.528243641240836        2.5000000000000000                1
   7.5409472449504662        5.0442272207675760        1.1125390036163740        2.5000000000000000                1
   6.2357931806499751        7.5098627789197252        20.647980215497970        2.5000000000000000                1
   5.9571470782191973        4.2968820867805473        3.6442179778649089        2.5000000000000000                1
   7.0894441280902694        7.1901832344397043        15.537787944014829        2.5000000000000000                1
   4.0472217059310269        6.4628139018330346        25.103359126804612        2.5000000000000000                1
   7.3925569694466180        4.6257421951688427        15.570235092335356        2.5000000000000000                1
   6.1395492457383725        4.6350735274467265        10.313544083622904        2.5000000000000000                1
   3.9108865871491565        6.3217436468877599        8.3478807179145313        2.5000000000000000                1
   4.9871858143601617        7.5370093130919198        13.937558978878084        2.5000000000000000                1
   7.7003170704659158        5.7705524046020216        4.8175146990850699        2.5000000000000000                1
   4.2155043751385657        6.9245925209386501        34.641202608754597        2.5000000000000000                1
   3.9430029046701200        5.1167354346755571        39.528246916548511        2.5000000000000000                1
   7.6577117284356815        6.3311446871832953        22.587890455928378        2.5000000000000000                1
   6.9699373791638388        7.2572546570502912        25.274946336266215        2.5000000000000000                1
   5.1705060986893479        3.9989275726793010        12.645510401033553        2.5000000000000000                1
   6.9348150923909238        4.3880490455240775        29.615672073449268        2.5000000000000000                1
   4.7248032233368287        5.9345000190083068        5.8932850712354448        2.5000000000000000                1
   7.3663453032220279        4.8677452568113004        10.993150011854281        2.5000000000000000                1
   6.2441884644763892        7.6176420845678230        2.7265524620872759        2.5000000000000000                1
   4.8066062850205871        4.3051771972134398        31.376281858559114        2.5000000000000000                1
   4.2114906831589067        4.5947583467003570        23.380035165425102        2.5000000000000000                1
   7.2430811824122436        6.4466022335880213        18.588943973419706        2.5000000000000000                1
   6.8103014865470346        4.1000677513738726        21.306985614244578        2.5000000000000000                1
   5.0046313369145601        3.9357290334572563        3.5413380598082487        2.5000000000000000                1
   4.4201536940897350        4.5079076650294496        20.569342462929381        2.5000000000000000                1
   7.2460344287729672        6.9221386005362149        39.200260622448887        2.5000000000000000                1
   4.4508073713092120        6.5368879126151960        14.813705594038607        2.5000000000000000                1
   7.3868023870125077        5.2536783754822629        35.469133129113615        2.5000000000000000                1
   4.7410590456860504        5.5105950564846022        15.704654011376265        2.5000000000000000                1
   6.1446303926462971        3.7996423743913930        29.302643667731342        2.5000000000000000                1
   6.2617730222167154        3.8545014315944335        38.470832574824904        2.5000000000000000                1
   6.5400214388459919        6.9926383974836543        29.984579270755692        2.5000000000000000                1
   3.7716871855023557        5.7904219332265807        37.094602508365909        2.5000000000000000                1
   4.8126346188779801        7.2954617362163816       0.61735768275001501        2.5000000000000000                1
   4.1514251693602340        6.7015529962568321        17.831135008395286        2.5000000000000000                1
   5.3394266642503423        3.8421224544418981        9.9060616753498323        2.5000000000000000                1
   5.4970381577732619        7.7067121188659469        9.8126404869737662        2.5000000000000000                1
   7.4305663204836216        4.7213830043620977        3.8679469183979047        2.5000000000000000                1
   5.7240200691454177        3.7894130110573445        26.589738774427492        2.5000000000000000                1
   5.2798458817686473        7.6573142214064083        19.961588300441466        2.5000000000000000                1
   4.9639148680029370        7.0408810164058204        32.178143917920274        2.5000000000000000                1
   7.5972294642363787        5.6026988875889145        8.3749757414336639        2.5000000000000000                1
   7.3674749198869263        4.6480845875421091        36.274095611328761        2.5000000000000000                1
   5.4019830124369808        3.7993008953890355        18.329472264942059        2.5000000000000000                1
   4.4944957979493836        7.2579645636501979        22.584405915657719        2.5000000000000000                1
   6.9371939407094150        4.1923454161728788        20.294357157864912        2.5000000000000000                1
   7.6648790881369040        5.2452995694117872        27.201352710071959        2.5000000000000000                1
   5.3747531909695185        7.7102024342911601        17.381773081694920        2.5000000000000000                1
   4.0243528042923975        4.8855199054729015        28.295062370262709        2.5000000000000000                1
   3.9689268440469538        4.9400350873357191        5.6217996553494425        2.5000000000000000                1
   6.7597312988707809        7.4242234638495441        36.749734910422923        2.5000000000000000                1
   3.7956544814268147        5.4550211670325428        20.994818959531280        2.5000000000000000                1
   6.6905672355462960        4.0090375818139057        14.642182406384009        2.5000000000000000                1
   5.6228309301929844        7.6482732166915426        36.668673472987066        2.5000000000000000                1
   7.1771890403121388        6.9514675449360155        12.811842772518576        2.5000000000000000                1
   4.2923953279623879        6.9591954157572067        31.367747353064914        2.5000000000000000                1
   6.7599861962317096        7.3858446999146974        34.216376230023975        2.5000000000000000                1
   4.6118728948488990        4.4905876492524888        32.347807625910114        2.5000000000000000                1
   4.0338709950532605        5.4783576524839495        29.248813727316826        2.5000000000000000                1
   3.9193278641357905        6.1046591532833707        2.6870065545422435        2.5000000000000000                1
   7.7269653559856737        5.8484505113851819        7.4112105207252812        2.5000000000000000                1
   6.3046516232366718        3.8499660350341629        17.804380152122310        2.5000000000000000                1
   4.0251474175522333        6.7057883901748365        3.6132891531755371        2.5000000000000000                1
   7.2386435979845913        7.0062427770103763        5.1786718325239809        2.5000000000000000                1
   5.9390561997324847        7.7045140682515107        7.2838065597951278        2.5000000000000000                1
   7.7054159697284010        6.0421953043830889        13.388235951127118        2.5000000000000000                1
   4.4487088042952845        5.0455206800372085        36.982064279199115        2.5000000000000000                1
   4.8090516463909374        7.4685544525321372        39.358558931271425        2.5000000000000000                1
   3.8677998795668951        5.2313197403720624        8.2626812305012933        2.5000000000000000                1
   4.8911173329808069        3.9462837371722985        22.999015199300302        2.5000000000000000                1
   7.6873629075418126        5.9428605143745141        38.632019936606049        2.5000000000000000                1
   6.2355677761133039        3.8474239720967880        7.2223645291282406        2.5000000000000000                1
   7.2447224198789542        7.0055977093384119        33.272926861102398        2.5000000000000000                1
   3.7706979665859754        5.7038983017908649        10.993209394277612        2.5000000000000000                1
   7.4049726572548940        4.8310258981951426        24.602705011544845        2.5000000000000000                1
   5.3226024353233345        3.8140855079471825        25.553995142267542        2.5000000000000000                1
