     1000000
           1
  0.10000000149011612     
   3.2229240928418146        3.4626407385156415        35.834439819478121        2.0000000000000000                1
   4.9680448290123920        4.2223683424163099        36.935171484407462        2.0000000000000000                1
   3.0347807689061970        3.9299601524746532        15.286039628874727        2.0000000000000000                1
   4.9849381850365280        4.0702150701013773        4.4223041120172599        2.0000000000000000                1
   4.6630971639450758        4.7403702671758214        6.4154685446187631        2.0000000000000000                1
   3.1608264368888652        4.2856231352577270        33.762543546709864        2.0000000000000000                1
   4.9781862979446059        3.9733818845719862        27.908821371709909        2.0000000000000000                1
   4.4609017292454594        3.1926201582282348        1.0383260450419645        2.0000000000000000                1
   3.2380562141231786        4.5337320535195795        9.9790636178192464        2.0000000000000000                1
   4.3626661366803168        3.0777754517121538        10.862566375919174        2.0000000000000000                1
   3.3410987329292041        3.4751474848758730        5.5530763990385212        2.0000000000000000                1
   4.7103463277428261        3.3001377266627827        16.323932944802539        2.0000000000000000                1
   3.1259301179315022        3.7364981629813609        37.984192728351864        2.0000000000000000                1
   4.9875130556283285        4.0517961575658648        19.265641820043381        2.0000000000000000                1
   4.7717476796541760        4.5631097623686916        14.302141256731367        2.0000000000000000                1
   3.1383238736030421        4.0688880079053291        22.304296976740719        2.0000000000000000                1
   3.8282429785915042        4.9332604540692744        17.207901692178254        2.0000000000000000                1
   3.1067088709154898        4.2395443191795845        28.856061637393950        2.0000000000000000                1
   4.9124897433629053        3.7828026096179763        23.288028313911045        2.0000000000000000                1
   3.8588121232977066        3.0680496191641544        12.804525324949925        2.0000000000000000                1
   3.0706895726119527        3.7301733013592098        18.652565313744322        2.0000000000000000                1
   3.3314516542178692        3.3059095746691649        26.832263491148645        2.0000000000000000                1
   4.6546612048257687        3.2811437889959865        29.869226822549837        2.0000000000000000                1
   4.7642095411129572        4.6428547215202745        8.5122428339537830        2.0000000000000000                1
   3.4650586415411886        4.7185375483877321        30.916383919812702        2.0000000000000000                1
   3.3788738302293302        4.7280710754336166        20.418838709886973        2.0000000000000000                1
   3.4039893880034477        4.7523633857019352        39.883603900285678        2.0000000000000000                1
   4.3382042782580390        4.8775041184156436        2.2601601528160358        2.0000000000000000                1
   3.5383897273654137        3.2264438460262537        24.632910318442281        2.0000000000000000                1
   4.3490639586306559        4.9158332051022393        26.172046483984108        2.0000000000000000                1
   4.7821092740379632        3.4013906352309484        21.247742218708634        2.0000000000000000                1
   4.9428488322365052        3.9078463868151272        34.630638522620458        2.0000000000000000                1
   4.9657440294658182        3.8675188584641651        32.563353229383615        2.0000000000000000                1
   4.0379748287093120        3.1092052553171792        32.127089249401962        2.0000000000000000                1
   3.2041789850548810        3.4831021043179016        3.2950210007324192        2.0000000000000000                1
   4.8472994406350587        3.4893623133469114        39.081225682531084        2.0000000000000000                1
   3.8963633835270874        3.0119031523645718        7.5836933515301457        2.0000000000000000                1
