     1000000
           0
  0.10000000149011612     
   7.1110464760510768        5.3779963141904075        38.447134047137496        3.5000000000000000                1
   9.9309770843048266        6.5554740819713766        1.9929278674957420        3.5000000000000000                1
   10.179554636975226        8.2844585974998477        30.051967541192823        3.5000000000000000                1
   6.0403112513916062        6.1125353314146622        7.2321397388886250        3.5000000000000000                1
   10.007243603352411        8.8093678334448455        31.473776200965489        3.5000000000000000                1
   7.2548185530847125        10.192295632740990        34.979414223630840        3.5000000000000000                1
   6.5553917671544344        5.5923358721393415        19.055696497013511        3.5000000000000000                1
   5.4323658606478347        8.6162123892570186        12.623290476001040        3.5000000000000000                1
   8.1714039555444682        5.3048162452862897        27.068674545860954        3.5000000000000000                1
   5.8242732500392229        9.3408857184183205        1.1152752253215239        3.5000000000000000                1
   5.3516185264263836        8.3080373037146646        1.0761597019568305        3.5000000000000000                1
   8.7455159884624063        5.4612864841731268        22.456429824031702        3.5000000000000000                1
   8.1195856274085862        10.159185859971258        25.058770987643552        3.5000000000000000                1
   5.3139712310312905        7.2548495829835122        33.978825222640708        3.5000000000000000                1
   8.6180998914242508        5.4129578055062932        8.0058544435248979        3.5000000000000000                1
   8.9309608404780025        9.9007475586154108        37.597806384392584        3.5000000000000000                1
   5.2651544567201860        7.7252743824449377        38.413602692632047        3.5000000000000000                1
   5.9077308757700928        9.3747136616704854        39.319119300531035        3.5000000000000000                1
   6.7360218947521879        10.030612928404389        2.6641809374883048        3.5000000000000000                1
   8.1573273993691480        10.216057796086362        25.134059473917802        3.5000000000000000                1
   5.3649505303276559        7.2135624540463112        23.389924945812908        3.5000000000000000                1
   8.7539259725436800        5.5109028384331289        37.607783473166194        3.5000000000000000                1
   5.4022310431024732        8.5909740578595493        15.424598653087797        3.5000000000000000                1
   7.2473148939392162        10.193997008439213        13.685503795751066        3.5000000000000000                1
   6.8154062927836137        10.035979482686528        21.213006442485952        3.5000000000000000                1
   9.7112712968243748        9.2037424246831492        37.614319926169280        3.5000000000000000                1
   6.7786746947997978        10.021268575301134        35.872453274381741        3.5000000000000000                1
   6.7662144185196347        5.4789638415217015        16.461474643215453        3.5000000000000000                1
   7.8657483757494768        10.219418092530677        39.345471136466088        3.5000000000000000                1
   5.4227279255369885        6.9559023367650035        19.468305841031810        3.5000000000000000                1
   7.3876506640581301        5.2873494397991765        18.566352230502144        3.5000000000000000                1
   9.9091180429740255        6.5815064495968647        36.675460608385883        3.5000000000000000                1
   5.2666730452900934        7.4961185561660786        8.9787085723013771        3.5000000000000000                1
   9.3204420092062694        9.5951672925794664        2.0545770557109688        3.5000000000000000                1
   9.6379899525895851        6.1128914512161252        17.021929362240623        3.5000000000000000                1
   8.8164130249559722        5.5208961387745630        1.1192335475160053        3.5000000000000000                1
   5.8866418588701386        9.3229059235054308        39.321927386164269        3.5000000000000000                1
   10.215763116990074        8.1616247778163480        12.759386255928685        3.5000000000000000                1
   9.9217177732429693        8.9619959802121123        13.781423136189801        3.5000000000000000                1
   8.3301227042203418        10.170894610652574        31.410622303137941        3.5000000000000000                1
   9.2795858560898026        5.7993366699200957        34.933511062026547        3.5000000000000000                1
   10.054347802442294        6.8395755854522289        23.046817758907931        3.5000000000000000                1
   9.2061913595089528        5.7377120407535038        3.7961815968531889        3.5000000000000000                1
   5.5069080624064570        6.6980538239842691        36.692880817424715        3.5000000000000000                1
   9.6470122252056019        6.1496624459977447        39.358093741154022        3.5000000000000000                1
   5.7625365485783195        9.2382195334230790        4.7071645957366899        3.5000000000000000                1
   5.3534105730889863        7.2807974292496240        4.6472855869158520        3.5000000000000000                1
   6.4210060554926516        5.6496097752874741        26.437143211023240        3.5000000000000000                1
   7.7760857300383064        10.226281612761786        30.494624384101918        3.5000000000000000                1
   6.2437327617765952        9.7352106644926195        34.929845317278556        3.5000000000000000                1
   5.5567990792661242        8.9193455711864456        3.7261771359655045        3.5000000000000000                1
   8.6519158181768958        5.4202102128530916        26.122851575052312        3.5000000000000000                1
   5.2876843721845077        8.0198237290979169        7.1176865063440937        3.5000000000000000                1
   10.235105277908342        7.6572188283349973        7.2256424859348716        3.5000000000000000                1
   6.3206147525351923        9.7538397013134794        38.470331617449823        3.5000000000000000                1
   5.4704088391118768        8.7289690599175476        21.290411658499853        3.5000000000000000                1
   10.128957329218277        7.1170493547951930        1.1272517652169460        3.5000000000000000                1
   8.2064062509519022        5.3006363598823603        34.933226331862933        3.5000000000000000                1
   5.7321243121998098        6.3525853183738406        11.429748870007501        3.5000000000000000                1
   9.4205985779283452        9.5966526483131105        17.498837319794895        3.5000000000000000                1
   6.7310059411411247        10.030520725917631        15.291176774320821        3.5000000000000000                1
   9.9020891227693895        6.4856353728676348        18.135335453707469        3.5000000000000000                1
   10.112406452752293        7.0438857135909450        6.4222914084037246        3.5000000000000000                1
   5.4552932560986092        6.7636555324154353        20.483109065863040        3.5000000000000000                1
   5.4714189278137066        6.7803533215659337        27.764526991537121        3.5000000000000000                1
   5.9106047187288109        9.4310032644041719        17.004806786444671        3.5000000000000000                1
   9.9404299467345112        6.5486531623891500        14.962794227474964        3.5000000000000000                1
   9.2531695192597443        7.2597242287560517        14.741517890998194        3.5000000000000000                1
   9.8884042073178477        6.4552903967489250        23.977711527762349        3.5000000000000000                1
   6.5780982917387272        5.5739303957658981        19.080215147694513        3.5000000000000000                1
   6.1561992518563038        5.8352716920469234        36.680075821349305        3.5000000000000000                1
   6.8824712972856545        10.082626478386022        9.4576892822780874        3.5000000000000000                1
   9.4053146365512994        9.5916705744506796       0.26000932121438886        3.5000000000000000                1
   10.195039395651715        7.2382878514453246        22.098161927150084        3.5000000000000000                1
   6.5824295820683556        5.5977631622014128        32.298420951857707        3.5000000000000000                1
   5.5609613434367446        8.8980007786589397        36.699051402249211        3.5000000000000000                1
   10.207428888262040        8.2038537338985513        1.2495130004905253        3.5000000000000000                1
   10.032001751241829        6.9930852858220423        10.066156570045649        3.5000000000000000                1
   8.3800843233384885        10.165319150370104        33.181723380370322        3.5000000000000000                1
   9.1878114242047744        9.7640281011735865        13.464061339103498        3.5000000000000000                1
   7.6329687742271899        10.238875919244867        4.7315067788326530        3.5000000000000000                1
   7.6035975907776567        10.216629258990674        4.7445762364472674        3.5000000000000000                1
   7.0676704234784360        10.129192391816911        22.179990954875954        3.5000000000000000                1
   6.5989982550910238        5.5361815745636074        35.818828090454936        3.5000000000000000                1
   5.6437056685583498        8.9126886692229927        22.388522293940902        3.5000000000000000                1
   9.1684989452165766        5.7158868582011548        12.526463863682768        3.5000000000000000                1
   8.8366470107041550        9.9776605858672394        24.204332639921208        3.5000000000000000                1
   9.6126988169924452        6.1122706745803264        10.373571970639087        3.5000000000000000                1
   5.5378320062471911        8.8722737403850491        28.060972078982683        3.5000000000000000                1
   9.9307924475918341        6.5288274345761970        7.3967380065794792        3.5000000000000000                1
   7.4219293489438094        10.218224576638940        23.177493806800236        3.5000000000000000                1
   7.2867691913007446        5.3037886509056928        14.496991130100522        3.5000000000000000                1
   8.7490057523133675        9.9694382627579845        27.016693352452496        3.5000000000000000                1
   9.9532002354545313        6.6151959543183478        33.143656475761304        3.5000000000000000                1
   5.9038137861465305        9.2674598451824686        37.594512830653606        3.5000000000000000                1
   6.0623595332734386        5.9239911994505663        13.019254778440306        3.5000000000000000                1
   5.5934222430313580        6.4997331046494677        17.746696485427684        3.5000000000000000                1
   9.5160787462832275        9.4818446387922251        8.8755339274040654        3.5000000000000000                1
   8.8112339067942376        5.5484925506872278        34.074258339300187        3.5000000000000000                1
   9.2895410527007289        9.6209464804231715        26.160386109262575        3.5000000000000000                1
   9.2991682823630697        9.6986754601255072        38.513732279267238        3.5000000000000000                1
   10.151367802216763        7.1160816243060356        39.350835677776608        3.5000000000000000                1
   7.2839299154081489        10.165637287783806        33.209590310788705        3.5000000000000000                1
   9.7237537609365674        9.2736864126182272        32.344242159877119        3.5000000000000000                1
   7.8125302630850886        10.190101242249430        37.597700339516365        3.5000000000000000                1
   9.9272959608338418        6.6036934451107516       0.21189684934696584        3.5000000000000000                1
   10.010272638225013        8.7366964764796116        36.695060202208687        3.5000000000000000                1
   9.3731331665810096        5.8800361671860131        23.175718797862295        3.5000000000000000                1
   5.7975705509560518        9.2863064746111519        7.9188698048827790        3.5000000000000000                1
   7.7243323388609735        5.2514082858663604        13.581678394316514        3.5000000000000000                1
   5.6613550793679117        9.1000091940498944        10.724253936708925        3.5000000000000000                1
   6.2352801182056652        9.7379367734832485       0.28743787489976513        3.5000000000000000                1
   9.7161664599152360        9.2310501085841796        28.813172651464505        3.5000000000000000                1
   8.7188744250046923        5.4481733377579387        17.052738388047320        3.5000000000000000                1
   5.2956723055524240        7.3155731920110147        2.9652383059408924        3.5000000000000000                1
   6.3746019381217351        9.8197212459218655        25.757039712091306        3.5000000000000000                1
   9.9014667458458288        6.4909469474893271        26.630100157591652        3.5000000000000000                1
   8.2128163530548814        5.2955031513597355        29.694477254331971        3.5000000000000000                1
   8.7338317305067132        5.4856872316618670        39.387639389897998        3.5000000000000000                1
   10.197014923398477        7.9605545661312549        22.884395397743006        3.5000000000000000                1
   9.6841393203114823        9.3040712285737630        21.746208192638818        3.5000000000000000                1
   5.8756229553164525        9.3705275977147213        35.811474402300647        3.5000000000000000                1
   9.2561498091705907        9.7414967837663351        10.634951665520852        3.5000000000000000                1
   10.056470317216320        6.8240835230572907        13.991974080257572        3.5000000000000000                1
   5.4645869659720523        8.7423249112832995        16.413088395647002        3.5000000000000000                1
   5.7839271511213726        9.2520979873909326        14.743345642244012        3.5000000000000000                1
   5.5187842772020792        6.6569258704782683       0.21276380013013019        3.5000000000000000                1
   5.3141444370522049        8.2041467986889103        26.142239392927717        3.5000000000000000                1
   5.4987564390777219        6.6718339508118696        2.0049236789161031        3.5000000000000000                1
   8.8760899197038174        9.9645872235478024        21.495562090575433        3.5000000000000000                1
   10.248040003782529        7.6969002259621373        3.7071026789223605        3.5000000000000000                1
   9.3614805222181765        9.6549395687362498        29.695634954469792        3.5000000000000000                1
   6.0237624875457501        5.9476003194427234        22.086767682768176        3.5000000000000000                1
   7.7559834154594132        10.244925745708803        16.338432557954647        3.5000000000000000                1
   9.2081482937866070        9.7444845108088103        27.912640177887500        3.5000000000000000                1
   5.8912703220591984        6.0827086152604766        28.508095962106754        3.5000000000000000                1
   5.3470418281774803        8.3192242073895262        35.819330942714203        3.5000000000000000                1
   6.1432805422778678        5.8726397498931249        34.887952143536900        3.5000000000000000                1
   8.7112953382182390        5.4632917350691965        39.356605789212253        3.5000000000000000                1
   6.8767513564683656        10.089974492276919        18.267817372987153        3.5000000000000000                1
   5.2600033965167379        7.6614976154957892        12.886546962035061        3.5000000000000000                1
   7.7720166924679610        10.211036244404447        17.560431860243952        3.5000000000000000                1
   6.1223985767564768        5.8671328421948354        9.0269321715811710        3.5000000000000000                1
   8.1813969503966497        5.3083884934840251        15.151727153908192        3.5000000000000000                1
   9.6478416150782031        6.1639116468248538        35.793496019261902        3.5000000000000000                1
   6.4291379978604963        5.6416876130417402        8.0637522446249665        3.5000000000000000                1
   6.1191214684427848        5.9167798229869373        31.372411363164584        3.5000000000000000                1
   9.9793318178289248        8.7644846615548317        38.507971709792606        3.5000000000000000                1
   9.6036574147855163        6.0779845813398214        6.4405842980738397        3.5000000000000000                1
   8.9738650294204767        9.9289270544033847        9.6066668378042550        3.5000000000000000                1
   6.1198378660611557        5.8828340273015964        24.850081034164678        3.5000000000000000                1
   9.2342777178189817        9.6987859922780384        3.7577748989226927        3.5000000000000000                1
   8.9400552208532424        9.9449770368107391        37.593458865231092        3.5000000000000000                1
   7.1436892410846413        5.3471159125475580        36.656986530242847        3.5000000000000000                1
   6.7004148056456119        10.015933733477011        12.420298649737926        3.5000000000000000                1
   8.1050944601212294        10.204589785767064        13.162650824730745        3.5000000000000000                1
   7.5154051824553516        5.2817078627300216        28.897014348321523        3.5000000000000000                1
   5.5446293257283381        6.7799984656820351        6.6493618780964665        3.5000000000000000                1
   5.4160930433248131        8.3783708787179894        29.996294662921848        3.5000000000000000                1
   6.3897653846621729        5.6557320759365810        23.785967347670724        3.5000000000000000                1
   8.7814769162740145        5.6180257258139008        10.750059378364195        3.5000000000000000                1
   5.8595697466387335        9.3722833285190266        34.034248854137054        3.5000000000000000                1
   9.3235205444284066        9.6825926124012476        33.198637905214845        3.5000000000000000                1
   9.3656085209063207        5.8869567447758895        18.833546587089554        3.5000000000000000                1
   10.163937520585216        7.7245617978296490        36.715892626862846        3.5000000000000000                1
   7.4943973346885144        5.2645742553814614        17.135004845737946        3.5000000000000000                1
   9.6096466691677787        9.3938886750502029        19.198177747017027        3.5000000000000000                1
   10.236779262755809        7.9953205382705317        9.9641455727462738        3.5000000000000000                1
   5.5313625762833221        8.8925658844300379        34.948919384637087        3.5000000000000000                1
   10.144052155785495        7.0987544818289550        34.063139290378246        3.5000000000000000                1
   6.1386729995094287        5.8727710378286888        36.656890588516909        3.5000000000000000                1
   5.6126733676645397        9.0013452833444347        13.763058740849093        3.5000000000000000                1
   9.2820857929782630        9.6657168341715636        31.434163318988023        3.5000000000000000                1
   9.9054100701494807        6.6426210602383131       0.21898798730454649        3.5000000000000000                1
   6.1729432718495003        5.8796229869821435        3.7385271196890946        3.5000000000000000                1
   9.2308876388871344        5.7505471712316067        36.705605749495795        3.5000000000000000                1
   6.0915875700165572        7.2029719806720891        18.565926125980916        3.5000000000000000                1
   10.215943997825303        7.8662378864458011        13.731475933738110        3.5000000000000000                1
   5.4494479816733774        8.7193098618425662        20.219793866506425        3.5000000000000000                1
   7.0538959676044932        10.046448427111260        24.823671717083368        3.5000000000000000                1
   10.210263045473784        7.8642662070649338        13.714263467237632        3.5000000000000000                1
   6.6617243073243033        5.5411556947797243        37.560821370000546        3.5000000000000000                1
   6.6193417526325309        5.5283580838502360        1.0943223360274001        3.5000000000000000                1
   8.9131135988744266        9.9486083010217712        37.610613292246221        3.5000000000000000                1
   6.2389924450318670        7.0930890401928366       0.76658736878257738        3.5000000000000000                1
   5.6062497234637547        9.0314782397131754        6.8972077927987749        3.5000000000000000                1
   8.8331493141540793        5.5295065583400147        6.7828826902007995        3.5000000000000000                1
   9.6522495192470128        6.1422888247319412        30.533996583137160        3.5000000000000000                1
   6.5860351208855121        5.5565840128430137        6.3692728861892931        3.5000000000000000                1
   8.2874680891828874        5.3157659614532520        1.9978697476196543        3.5000000000000000                1
   8.8146573129571824        9.9886340246402412        24.186194824082623        3.5000000000000000                1
   9.3689017403652208        9.6420431445574515        36.729710001285873        3.5000000000000000                1
   5.3100704139422570        7.7843054237920049        27.782039032159226        3.5000000000000000                1
   8.9248310429396671        5.5496797694382520        9.6989387580816366        3.5000000000000000                1
   8.5677025688229822        10.110201996474586        19.370366274118702        3.5000000000000000                1
   7.2394023385589863        10.173686130564343        3.7180100130427882        3.5000000000000000                1
   6.4691009712810335        5.6477885308413667        8.0699519528591246        3.5000000000000000                1
   5.3523525510566188        7.0435573367475186        22.394174680817777        3.5000000000000000                1
   10.167121098283200        8.3359028440975393        30.020925179351710        3.5000000000000000                1
   10.164197169585753        7.6579935503013772        26.506094922030385        3.5000000000000000                1
   10.245022772103978        7.5990262949467215        14.719382580564885        3.5000000000000000                1
   10.012171953836043        8.7010660699518372        19.820288230930135        3.5000000000000000                1
   6.7629671688229447        10.041510589114145        5.4272571995479018        3.5000000000000000                1
   9.5836144298751815        9.4332541997662371        15.504352437311411        3.5000000000000000                1
   6.6252518791683110        5.5198418768334330        2.8605314298711795        3.5000000000000000                1
   9.3503946587889928        9.6444243698832715        7.7931083111640822        3.5000000000000000                1
   5.3311230653949186        8.2608565455158676        26.134066127745278        3.5000000000000000                1
   7.6124216440367682        5.2550365853441461        4.6076747137624805        3.5000000000000000                1
   7.0346706834377297        5.3614300337802989        8.9794810198809820        3.5000000000000000                1
   8.7336380913646856        10.041115593175370        15.298201591643400        3.5000000000000000                1
   5.2615635011451367        7.7746205487644637        27.788082273022567        3.5000000000000000                1
   7.9762188994561125        10.196761286408934        27.610476663740151        3.5000000000000000                1
   10.228260442737815        7.7326769370328963        31.449906698535209        3.5000000000000000                1
   5.7079849284682957        6.3267359959634444        29.498628197315373        3.5000000000000000                1
   5.9987665416498093        9.5276704626901747        6.0893391814769871        3.5000000000000000                1
   10.064969005290800        7.0643011958746538        2.8725492330463989        3.5000000000000000                1
   9.1295394515807882        9.6998602016872209        27.930450690702706        3.5000000000000000                1
   6.7505794102352397        9.9446028401151292        1.1227117006784224        3.5000000000000000                1
   8.8850547714690862        9.9443566895565390        30.542095667928891        3.5000000000000000                1
   5.9251462713400285        9.4504720462715657        15.873466817290467        3.5000000000000000                1
   6.3935534235402347        5.7185042225432197        14.868973075541112        3.5000000000000000                1
   8.2485172752787719        5.3130248706339769        21.444193997301745        3.5000000000000000                1
   9.6324463162317535        6.2006617923919434        34.070419485839530        3.5000000000000000                1
   8.8959004556838153        9.9302240274997580        35.846872435363942        3.5000000000000000                1
   9.6680656273196597        6.1649795866035992        32.288826394079564        3.5000000000000000                1
   8.2442254564278947        5.3208726699693951        21.418455963752194        3.5000000000000000                1
   6.1825710879943081        5.8522032663737216        1.9469688388630118        3.5000000000000000                1
   9.0802946575504695        9.8110266613444903        25.193490824811740        3.5000000000000000                1
   10.184177556293653        8.2317410419403778        1.1338509971094926        3.5000000000000000                1
   9.9245472687786034        6.5208019214277027        3.7543314111514063        3.5000000000000000                1
   7.5981578874028308        5.2598072473092223        6.4587809975446886        3.5000000000000000                1
   10.178395178221901        7.7387123477469322        33.212768049221303        3.5000000000000000                1
   10.144458377258639        7.2133911783732687        15.683184830341959        3.5000000000000000                1
   10.026611134741916        8.7422586286493527        17.325073933597160        3.5000000000000000                1
   8.5606535773511752        10.103302408737163        16.945578209952547        3.5000000000000000                1
   10.208134741590387        7.4669805772193598        18.558711974887839        3.5000000000000000                1
   6.7555887305622058        5.4573270423698084        20.262897369111801        3.5000000000000000                1
   8.5028402319437593        5.4085954455275713        23.439554681589321        3.5000000000000000                1
   6.0538305373055872        9.5692128271685348        20.731509028489143        3.5000000000000000                1
   5.6129161014463893        9.0322797625267963        6.8916303103292558        3.5000000000000000                1
   6.4316162371655619        5.6266716740038856        30.464971618809567        3.5000000000000000                1
   7.6425402223028875        5.2709933513358642        2.8587214675285524        3.5000000000000000                1
   5.9417858333197975        6.0492733439962505        10.197368958563620        3.5000000000000000                1
   5.8277332154724082        9.3238636462661404        11.969005394581643        3.5000000000000000                1
   5.5293109499100401        8.8955148448693766        33.174806878647992        3.5000000000000000                1
   7.1674433956365817        5.3271349402598007        29.843831294613544        3.5000000000000000                1
   6.3023687608921719        5.8084365926031856        12.049490911343677        3.5000000000000000                1
   7.7982738189327234        10.212633890788744        30.545932762942801        3.5000000000000000                1
   6.5753627729907640        9.9446206576023641        8.3877815299638083        3.5000000000000000                1
   9.2241599155513203        5.7381865277099120        21.532610463610933        3.5000000000000000                1
   6.7018229315681319        5.4809778627525327        13.655937263891824        3.5000000000000000                1
   9.2747093862180616        7.0015090808388267        30.183381440230406        3.5000000000000000                1
   7.0962614212187010        5.4257847390628244        24.753999385453820        3.5000000000000000                1
   5.9723165681960904        9.4569440860841798        18.272542526877785        3.5000000000000000                1
   8.8906289952066864        9.9358203559741938        4.6670450659978640        3.5000000000000000                1
   9.9257753187727644        6.5337546424450199        29.300156696785312        3.5000000000000000                1
   6.1310118245182093        5.9163040858882230        33.149622484614575        3.5000000000000000                1
   9.6506353772475695        6.1667986063580358        1.1085147635172317        3.5000000000000000                1
   5.3540920159065220        7.8690484571271551        25.084602250501476        3.5000000000000000                1
   9.2463849627980643        9.6634222497420943        10.645690983810040        3.5000000000000000                1
   9.4030766545779532        9.6039880352279958        17.524792327990436        3.5000000000000000                1
   10.058659617247010        8.7064562184223071        20.948530336798747        3.5000000000000000                1
   10.217262452076902        7.5772559217979660        5.5016564954417406        3.5000000000000000                1
   5.3452548107987639        8.3911918574824806        32.318485818989316        3.5000000000000000                1
   8.6725900578325135        10.064454691878852        20.472189752863859        3.5000000000000000                1
   10.233906249512726        7.6570393830742498        36.740450676465535        3.5000000000000000                1
   7.9465737339193572        10.234645608406213        6.0357581870004777        3.5000000000000000                1
   5.4576690923760509        6.7569593258359930        20.476210154531714        3.5000000000000000                1
   6.1316291386174235        5.8467337526000938        5.4903436804427130        3.5000000000000000                1
   6.1641663566645786        5.8687930332334464        38.405641237941722        3.5000000000000000                1
   7.0695901680518567        5.4502690200521355        31.401176027205288        3.5000000000000000                1
   5.4767434729633280        6.7293442426474339       0.20469708547918719        3.5000000000000000                1
   7.0927570743040071        5.4289565154751207        24.761170785577612        3.5000000000000000                1
   10.140430325912222        7.0391207799337296        2.9218055981281390        3.5000000000000000                1
   9.9270969681705399        6.5495805476875804        18.153843137759260        3.5000000000000000                1
   10.037169515550119        6.8035959702185078        20.332422554050321        3.5000000000000000                1
   9.7444331825244515        9.2565531064086688        35.862138389691324        3.5000000000000000                1
   9.1489727597837085        5.7110647251965005        5.6288409826987147        3.5000000000000000                1
   10.107377553591881        8.4384044565975174        18.286937882793961        3.5000000000000000                1
   6.5730352473757732        9.9480884289116354        8.3716083138120077        3.5000000000000000                1
   9.8987961118110164        6.4826883752602971        12.209428770476109        3.5000000000000000                1
   8.4910706563839078        10.094915726246320        23.244012159111321        3.5000000000000000                1
   9.7808910242246139        9.1675270503463206        1.1394108151122586        3.5000000000000000                1
   6.4227276169691239        5.6409414174689818        29.236913942693342        3.5000000000000000                1
   10.192115066471715        8.2196867925381074        37.594302184731355        3.5000000000000000                1
   5.3988881886974474        7.0391189821207352        10.674489444602790        3.5000000000000000                1
   5.5326769285072004        6.7454339072236209        38.484899821163005        3.5000000000000000                1
   8.7978342869459230        9.9801380414971650        12.466315423824900        3.5000000000000000                1
   9.6739446625524703        9.2194888856677970        2.9584671013536581        3.5000000000000000                1
   6.4634122450973770        5.6081542352887555        10.972473596522985        3.5000000000000000                1
   5.7748516902774281        6.2909409097184179        23.030907889967629        3.5000000000000000                1
   8.9037109471410893        9.9509145032908499        21.542446770429802        3.5000000000000000                1
   5.5155792722610437        6.7438225207126967        2.0182108302419692        3.5000000000000000                1
   9.5630446907968789        9.4588264229727717        20.503041237277916        3.5000000000000000                1
   5.4045010595161376        6.9163005159182660        19.460044687539902        3.5000000000000000                1
   7.7662636447802518        10.197729052170834        14.852438030663292        3.5000000000000000                1
   6.1310485975739590        5.8585980930282666        38.436991078117558        3.5000000000000000                1
   7.2186239435520312        10.192176850834890        29.659993214490463        3.5000000000000000                1
   9.5948101815344593        6.0844892169856166        2.8869786306368903        3.5000000000000000                1
   6.4216496243948908        9.8676633115220937        4.2187310860277334        3.5000000000000000                1
   10.221256590594050        7.5537641713443699        23.801967401549771        3.5000000000000000                1
   10.162981501782415        7.1371722640974342        35.836377155808350        3.5000000000000000                1
   5.8576015869708851        6.1224129893534922        14.104153468883817        3.5000000000000000                1
   9.9981465391052673        6.6752239477585897        31.465647798285065        3.5000000000000000                1
   8.2706830477702553        10.050225194896711        3.7569047952175634        3.5000000000000000                1
   9.9628307818347821        6.6668967636518506       0.23375882759126479        3.5000000000000000                1
   9.7489245632053390        6.3269119684515740        24.979040957186562        3.5000000000000000                1
   5.4569546877869159        6.7551593402551795        3.7776094526704522        3.5000000000000000                1
   9.6998444028634943        9.2065758510821762        39.368498476783124        3.5000000000000000                1
   10.098787636260450        7.0311587712523052        4.6645335396022229        3.5000000000000000                1
   9.2359348126262901        7.2213584411769718        20.828620779434612        3.5000000000000000                1
   8.3593959260654120        10.166464775418625        38.462447731836136        3.5000000000000000                1
   6.8654606671997724        10.077833243876993        18.261662215966627        3.5000000000000000                1
   6.1128093837544686        9.6241063594028002        21.827631352243834        3.5000000000000000                1
   7.8256765620954942        10.245634586398618        18.707773960388856        3.5000000000000000                1
   7.1724404086195346        5.3258102395619202        29.846115952295701        3.5000000000000000                1
   10.032657527462007        8.4424417300134191        9.0617199403782873        3.5000000000000000                1
   10.005060557508774        6.6776011358394172        31.447730160440933        3.5000000000000000                1
   5.2967307877417129        7.2985631853375752        32.289053781127400        3.5000000000000000                1
   8.9246448866846162        6.6287064789295780        19.554436989671935        3.5000000000000000                1
   9.2413354877811855        5.7959365053991849        15.173216716056148        3.5000000000000000                1
   5.3152058080488809        7.2761560178249081        39.312381162344799        3.5000000000000000                1
   10.109465072205795        8.2715936475794578        6.3528476546542709        3.5000000000000000                1
   7.2565375221935087        10.197815088686273        26.158229994727151        3.5000000000000000                1
   5.2721249874739895        7.6484814256032250        21.587908529171361        3.5000000000000000                1
   6.1134461571652050        5.9303387397321412        17.087353916402403        3.5000000000000000                1
   10.076122551261658        8.4440882814969083        9.0765986909604699        3.5000000000000000                1
   9.5029045466291500        6.0144126155930815        14.223803608943417        3.5000000000000000                1
   5.8952177552001874        6.0880445397387275        19.831772701558112        3.5000000000000000                1
   10.209778384147906        7.4864865598502144        21.088999382097860        3.5000000000000000                1
   9.2838361548263819        5.7789848640711323       0.22092307762225305        3.5000000000000000                1
   9.6984505000223340        6.1983103884457469        34.041188706891532        3.5000000000000000                1
   7.1170848404753553        5.3446971026725256        3.7295113219946869        3.5000000000000000                1
   6.6420302777016831        5.5198342537871072        37.527550270742246        3.5000000000000000                1
   10.081485321571668        6.9902972650084765        28.420646117543058        3.5000000000000000                1
   5.5748753567260314        6.6149678132055083        21.464953782799515        3.5000000000000000                1
   5.6289735377521772        8.9259551881819359        22.382570741274218        3.5000000000000000                1
   9.6707633288011081        6.2806701241026746        13.241062187757514        3.5000000000000000                1
   7.1337818151382448        5.3575852808219571       0.22793108674534526        3.5000000000000000                1
   10.112089800594578        6.9469115249748441        16.688509581533101        3.5000000000000000                1
   5.3400621400054424        8.3846489723027275        2.6682757526685648        3.5000000000000000                1
   7.6845981321035923        5.2979333047160004        39.324091874266806        3.5000000000000000                1
   5.4126279526430201        8.3248682691952016        39.352279623183890        3.5000000000000000                1
   5.7956069546993128        6.2108145399028603        18.839751026571840        3.5000000000000000                1
   9.8924136027751253        8.9689744279106147        13.753367060076476        3.5000000000000000                1
   7.7950063264214631        10.224376183500310        24.109941638309273        3.5000000000000000                1
   6.3852173845673610        9.8213900807623151        25.706650317560861        3.5000000000000000                1
   8.7493521536449990        5.4894025514777889        22.436691245193337        3.5000000000000000                1
   7.9796332965711168        10.206893059306706        6.1246587124042442        3.5000000000000000                1
   5.7010988128699021        9.0707867430434863        29.136246391594277        3.5000000000000000                1
   10.122698537719037        6.9869891538181754        4.6501103711220919        3.5000000000000000                1
   5.5474178291673901        6.6700765592971152        5.5760702578316739        3.5000000000000000                1
   9.4544790372842673        5.9398577774722501        11.486963202939275        3.5000000000000000                1
   6.7829154377522576        10.051928714960697        17.186559838046506        3.5000000000000000                1
   5.3450901618715250        8.3478792471385876        35.830623568711751        3.5000000000000000                1
   7.1809600516991141        5.3451330382344899        15.548189146329413        3.5000000000000000                1
   5.4832709011995400        8.7595763936690521        9.5676184321721980        3.5000000000000000                1
   6.7970407031191540        10.046289820637700        37.593909502312577        3.5000000000000000                1
   9.2125724048943471        5.7468587826453099        8.7447428789551349        3.5000000000000000                1
   9.8882660027108624        8.9810137421624585        7.1512944900454771        3.5000000000000000                1
   9.9854623929179631        8.8430072806355771        27.922427755910736        3.5000000000000000                1
   9.3659558809613941        5.8684214169487801        18.832080115604565        3.5000000000000000                1
   10.190913964794223        7.6991986090876985        34.975432818328009        3.5000000000000000                1
   7.4803951599503753        5.3133841933808457        26.271955754555698        3.5000000000000000                1
   9.5943224979206878        6.0778892851572817        2.9028814910297456        3.5000000000000000                1
   9.9401682278398891        6.6584251301517376        33.173866708366667        3.5000000000000000                1
   10.060873218898932        6.9821709740459026        10.066229670549435        3.5000000000000000                1
   5.9084675751681726        9.3492409998827064        37.614039182297063        3.5000000000000000                1
   5.6351387536915531        6.4497011225721863        24.014172154824422        3.5000000000000000                1
   5.6942786660208169        6.4211268574196225        8.2748298912959939        3.5000000000000000                1
   7.0494284998667345        10.134607009484530        10.565295977478440        3.5000000000000000                1
   6.8390755886221024        10.070134045085878        39.460764444128998        3.5000000000000000                1
   9.6619833557280810        9.3200435012695042        27.071603930197778        3.5000000000000000                1
   10.165140912104638        7.2722469312763032        24.775890808426603        3.5000000000000000                1
   7.4140958134710928        10.219593276721456        20.381057951349355        3.5000000000000000                1
   8.7082642167198259        5.4993162139755380        2.9030420145059206        3.5000000000000000                1
   8.7854446093938758        5.4804496049336020        30.536233335593547        3.5000000000000000                1
   8.8137184235288935        5.5033065804562149        22.413984969443622        3.5000000000000000                1
   8.6024289744465268        5.4002702074457938        19.519663360902303        3.5000000000000000                1
   6.4510241495410314        5.6399281319514198        26.404122517319905        3.5000000000000000                1
   8.7585877806972512        5.4810071481584357        4.6644308642451433        3.5000000000000000                1
   10.065397841395967        8.6082209855736416        23.655242949514580        3.5000000000000000                1
   7.7694149318945627        5.2866515767103230        22.727454391106171        3.5000000000000000                1
   9.4466257896584285        9.5793154070193083        23.487044275839125        3.5000000000000000                1
   5.2971378936593707        8.1427387925655168        10.371777416786559        3.5000000000000000                1
   6.0609252660314539        5.9109885581551875        13.015770845503615        3.5000000000000000                1
   9.8167025895349713        9.1100714573871073        4.6411854378903810        3.5000000000000000                1
   10.043153253940860        8.7421891907588822       0.25064239796334092        3.5000000000000000                1
   8.8440756881139464        9.9337948102886777        5.6848910317425174        3.5000000000000000                1
   9.8928565379710118        9.0332715844235008        22.758803606008087        3.5000000000000000                1
   5.9139162298198080        9.4388546948866541        15.832172514529503        3.5000000000000000                1
   5.2598820259878405        7.8964147702261824        33.189924331346873        3.5000000000000000                1
   5.5018268724073662        6.6736048280026292        9.5133629283476591        3.5000000000000000                1
   7.0447659438643075        5.4593005366387715        31.420150304113399        3.5000000000000000                1
   9.2181005987860249        5.7286453809250046        2.0191065678661482        3.5000000000000000                1
   9.8836903693249454        6.4972489808725760        26.623902107629668        3.5000000000000000                1
   9.6766595338517440        9.3223101954394370        21.718532055230185        3.5000000000000000                1
   5.7868659956036650        6.2292758128258141        2.8689531640285915        3.5000000000000000                1
   5.5722062599527620        8.9340714652460083        31.433726440001635        3.5000000000000000                1
   9.9866940454606734        6.6851835654434497        31.460378613282131        3.5000000000000000                1
   6.3254213682003693        9.7044031699082982        7.1431701343138112        3.5000000000000000                1
   10.023570577130252        6.7503734939791729        11.041498121747724        3.5000000000000000                1
   6.1273902695525013        9.6319600510045671        24.655755997420020        3.5000000000000000                1
   9.9780741511824385        6.6450328634389555        19.313662543495528        3.5000000000000000                1
   6.0515449079168571        9.5697679100451118        13.062833827742878        3.5000000000000000                1
   9.7254655946884405        9.2511288063501631        37.623923673928800        3.5000000000000000                1
   8.2837041510562930        5.3242696799343632        36.738822781997726        3.5000000000000000                1
   5.7906876472932876        9.1938557685306783        26.290883028590226        3.5000000000000000                1
   8.7545893548539180        5.4974169180968122        39.374502879301076        3.5000000000000000                1
   7.1940140439977114        5.3165292598138949        11.686730313986439        3.5000000000000000                1
   6.2984667795781144        9.7810611918737997        29.529707187557172        3.5000000000000000                1
   5.3967049126292039        8.5505114457562037        15.371309087616961        3.5000000000000000                1
   9.2004957263462774        5.7736588454605915        29.624166913973713        3.5000000000000000                1
   9.7233796370047898        6.2321535995659794        22.299858877619464        3.5000000000000000                1
   9.1513166714867484        9.8016499798599011        22.516375587079910        3.5000000000000000                1
   9.9737305582576425        6.6280302746178288        34.966488692281231        3.5000000000000000                1
   8.8911202392308795        9.9061914483277071        1.1426549057469002        3.5000000000000000                1
   6.4589063686063470        5.6580137816523912        8.0494032571676346        3.5000000000000000                1
   10.017976595302297        8.6845234948705183        26.347011406236689        3.5000000000000000                1
   7.7617390924723422        10.249428072009367        2.8515388652055718        3.5000000000000000                1
   5.3489223292463910        8.3003395940599329        4.5817900023379154        3.5000000000000000                1
   6.5968933267236967        5.5896072589861161        34.017593367920227        3.5000000000000000                1
   5.6786123234277479        6.3530255413137278        11.455392909981317        3.5000000000000000                1
   6.7549398069335984        9.9954493827334296        34.057792987953675        3.5000000000000000                1
   5.7807806349950548        9.2557301341729907        14.749946551472913        3.5000000000000000                1
   9.0599649460942757        6.8078536001095165        21.811491681345252        3.5000000000000000                1
   9.9181922020419488        6.5373870089933677        21.341774604446933        3.5000000000000000                1
   5.5408798165400874        6.6112765999933822        12.413147641978847        3.5000000000000000                1
   5.5654755108727372        8.9247590467742164        25.347427502543653        3.5000000000000000                1
   9.7595940825797793        6.3181344398177206        24.979273886935896        3.5000000000000000                1
   9.4760779179361574        9.5457784635754432        11.779279114396195        3.5000000000000000                1
   5.7081023593137408        6.3951783605134747        8.2854456979542075        3.5000000000000000                1
   7.9433345934520645        5.3020271919043847        10.072047542755140        3.5000000000000000                1
   5.3300204651362542        7.3074161591365918        35.805039968226929        3.5000000000000000                1
   7.4410123424432149        10.216659804661708        20.370669681213361        3.5000000000000000                1
   5.4067617792213145        8.3222177469287644        37.571922008666945        3.5000000000000000                1
   6.3660263907858941        9.7919648420066903        14.117035424979454        3.5000000000000000                1
   5.4530636421083063        8.7216454321247863        21.322514728736131        3.5000000000000000                1
   7.8853543829091928        10.198187571101380        1.0369009625879158        3.5000000000000000                1
   5.2582985380507532        7.5937663485977591        6.0880100460083524        3.5000000000000000                1
   5.2641081387418938        7.5165422119315490        17.841216592269035        3.5000000000000000                1
   6.3182347415235931        5.7439258163441966        23.759708388911950        3.5000000000000000                1
   5.4678031877644226        8.5979720946082807        12.574959698794455        3.5000000000000000                1
   10.160995107012932        7.2153721842399792        15.677987693582644        3.5000000000000000                1
   9.1581543049015135        5.7044906549053955        24.159399057006294        3.5000000000000000                1
   5.8164478598584406        6.2985409600965747        37.560500015630630        3.5000000000000000                1
   9.9138092252961645        8.9276643611463076        25.325941128036835        3.5000000000000000                1
   6.7962971172584226        10.059847693216911        27.053475109400722        3.5000000000000000                1
   9.6293738416111694        9.3076112427581403        24.444270673721533        3.5000000000000000                1
   6.2023463908970422        5.8676870016902285       0.19119819097163085        3.5000000000000000                1
   5.5234593005241273        6.7519684809413167        2.0134240432613000        3.5000000000000000                1
   6.7254564727670498        10.021095217908250        30.556783412589311        3.5000000000000000                1
   8.5022901864621030        10.128385071366363        14.133652189656308        3.5000000000000000                1
   6.7414373291283907        5.5677830396542438        22.718629209674443        3.5000000000000000                1
   7.5358080462066583        5.2679558522265708        8.1077385884086599        3.5000000000000000                1
   5.2582266689244648        7.7382419351915237        20.349434870463345        3.5000000000000000                1
   10.012511349676620        8.8099135743959724        27.950800800004892        3.5000000000000000                1
   9.6119157857805178        6.1696318863658295        37.591162718943139        3.5000000000000000                1
   7.2706959062901158        10.182561450829418        38.510857083375633        3.5000000000000000                1
   5.5476009713827459        6.6174770543884973        12.411635024853084        3.5000000000000000                1
   6.1515496149921400        5.8738658451391794        9.0165150690550639        3.5000000000000000                1
   7.2766417923478297        10.155583035859570        7.6630241090764137        3.5000000000000000                1
   5.4575553842708819        6.8264084753488605        31.383691688462761        3.5000000000000000                1
   7.1454646299057281        5.3362547889522851        34.921009520509827        3.5000000000000000                1
   10.168895179215527        7.6633055294246244        26.503866374695221        3.5000000000000000                1
   5.3637488322827140        7.0702065089252990        25.927893651276268        3.5000000000000000                1
   5.2912610285342350        7.3151653117492605        4.7650990460375988        3.5000000000000000                1
   5.8275048028754233        9.3451904955435019        2.8609781883475267        3.5000000000000000                1
   5.9060350520384555        6.0644914987853777        19.825787725040097        3.5000000000000000                1
   10.209891930964069        7.4781098412562663        11.783827391307931        3.5000000000000000                1
   5.4639446103437921        6.7485132190158019        15.930651912570315        3.5000000000000000                1
   5.5509676468687674        8.9155491129431486       0.21636154679551289        3.5000000000000000                1
   5.3226852564066514        8.3111339558548956        8.1219598423692698        3.5000000000000000                1
   6.0457878812590478        9.5785121796137922        19.370900811875511        3.5000000000000000                1
   8.8143953613649924        9.9855692563058813        2.8728040922806017        3.5000000000000000                1
   9.9236448719835888        8.9352573887170053        10.963785000859060        3.5000000000000000                1
   8.2443631208291670        10.102785860657322        10.321764903236408        3.5000000000000000                1
   8.3268275194863133        10.177364330028286        1.9802466337610241        3.5000000000000000                1
   5.4475037172571907        6.7912589639413765       0.19897094324950201        3.5000000000000000                1
   8.6194277333858178        5.4191727172718691        26.142633088876671        3.5000000000000000                1
   10.058549371010944        8.5930044096190326        15.140012558283972        3.5000000000000000                1
   5.9274279943431880        9.4357073966700433        27.301066650260299        3.5000000000000000                1
   9.6461357339295279        9.3687486531474136        27.076784661275571        3.5000000000000000                1
   9.4697658853882931        9.5566528268245285        11.802249025099110        3.5000000000000000                1
   5.2540362474109648        7.7447456239420545        16.034256472713626        3.5000000000000000                1
   7.5071290962405888        5.2808321324895919        28.896016832716604        3.5000000000000000                1
   9.4944088806189928        5.9755149700055723        20.069700277371052        3.5000000000000000                1
   10.179409828841184        7.2141946020460193        30.562487295791822        3.5000000000000000                1
   5.7623371086335773        6.2768606539887832        1.1223308136609069        3.5000000000000000                1
   8.6972398019347761        5.4522735016078059        32.413889241452502        3.5000000000000000                1
   10.025660273152919        8.7012320836885468       0.22652053066273170        3.5000000000000000                1
   5.3231495827952973        7.2138841213582969        37.543608806799632        3.5000000000000000                1
   9.7397795881617082        9.2287636674762243        39.366588431999283        3.5000000000000000                1
   5.5156682627359865        8.8612024038175949        38.479547203884323        3.5000000000000000                1
   8.0718341432849243        10.168552697619489        22.338281500756501        3.5000000000000000                1
   8.3730885625875402        10.165350254020471        31.398501251319036        3.5000000000000000                1
   5.5400572328973974        8.8727846591140356        28.036939756555359        3.5000000000000000                1
   6.6038971621661098        5.5577102041408635        6.3808440156302497        3.5000000000000000                1
   5.3483844503015439        8.1603555296431480        28.790367185298020        3.5000000000000000                1
   8.6041556171227693        10.095108975818313        11.383211360581436        3.5000000000000000                1
   8.7634509533885190        5.4669565920316847        20.569049957417160        3.5000000000000000                1
   5.9271068886824754        9.3505128171965470        30.478774387984860        3.5000000000000000                1
   9.3662868864498101        9.6502890300162196        36.701171397016935        3.5000000000000000                1
   6.7400672319119606        5.4702935032321571        28.274496900141351        3.5000000000000000                1
   6.2185702867837547        5.8927191618996630        1.9418093465429707        3.5000000000000000                1
   9.4835233929561955        5.9584865412240786        25.872532225190223        3.5000000000000000                1
   10.117943904847483        7.6185442913336532        26.482126672428613        3.5000000000000000                1
   6.4220570444845970        9.8516576715767687        4.2126254028444752        3.5000000000000000                1
   6.6621650940879285        5.5279790141554823        33.996346548224139        3.5000000000000000                1
   5.7369175913663115        6.2912943701417730        22.983263701409726        3.5000000000000000                1
   7.1795117724998434        5.3467705210239993        33.134304060966656        3.5000000000000000                1
   8.1978700474408956        10.182529822500554        10.305565096584603        3.5000000000000000                1
   5.7854218128026877        9.2686887271236174        7.9243120451941707        3.5000000000000000                1
   7.0463075633111263        6.1171730024381210        17.408108825202195        3.5000000000000000                1
   9.1891187727240204        5.8552301888580178        31.415688770999783        3.5000000000000000                1
   7.0748857733447137        10.098317986478200        19.379241856743924        3.5000000000000000                1
   6.2420377819636013        9.6967467834703420        36.710660886510233        3.5000000000000000                1
   9.2772770560977058        5.7907500792155178        33.202011435660140        3.5000000000000000                1
   6.7513632137183350        10.040894662702540        2.6803708450131385        3.5000000000000000                1
   5.8366701344047742        6.1607602438392046        25.802738059951139        3.5000000000000000                1
   5.7695715477495542        6.2672442285039498        1.1063415920886976        3.5000000000000000                1
   5.4545717641682447        8.7159375248398643        24.323802444311497        3.5000000000000000                1
   9.2327968686441224        5.7476340413556741        26.889776664461522        3.5000000000000000                1
   9.7137020162658310        9.2639961378117128        28.817084027907935        3.5000000000000000                1
   9.3318992849450311        9.6628936341122706        7.7823986282391031        3.5000000000000000                1
   8.0639636548672105        10.219692025145378        9.2021771455793520        3.5000000000000000                1
   9.4292205603577557        5.9334232167034120        11.474267453208583        3.5000000000000000                1
   7.0466515355121935        5.3515093467966972        5.4682657137088215        3.5000000000000000                1
   8.8418860733118763        5.5016497566210063        27.801599671522585        3.5000000000000000                1
   8.7774666866374425        5.4725581580283347        20.555259714679913        3.5000000000000000                1
   10.180507661161187        7.2768041751719936        27.443691170174635        3.5000000000000000                1
   6.6281401644159086        5.5244810023040269        39.325577994059266        3.5000000000000000                1
   9.3980607037731261        5.8836255285988344        23.181021113989267        3.5000000000000000                1
   6.1772602806819137        5.8982006177803949        36.676506429340968        3.5000000000000000                1
   9.1269768695156532        5.7606589874175667        5.6146713623955096        3.5000000000000000                1
   9.7188850132664104        9.2652354334935296        30.583588099728555        3.5000000000000000                1
   9.8932933016886988        6.5184447941681665        8.4155347399861569        3.5000000000000000                1
   7.6911855718727562        5.2580654941081733        35.809881891169894        3.5000000000000000                1
   6.2977304625923560        5.7472959018112473        12.047714879034853        3.5000000000000000                1
   5.8438413338318727        6.2448382782794001        2.8513656078306404        3.5000000000000000                1
   5.5044925881024218        8.5487662680750187        27.082997862514354        3.5000000000000000                1
   6.4164371612335946        9.8374891558019808        11.320259538712882        3.5000000000000000                1
   10.199645745411521        7.3810803855216829        11.838188413504056        3.5000000000000000                1
   9.2383309571071877        5.7703770864366488        38.451559721109113        3.5000000000000000                1
   5.9543453939922735        9.4398792712296853        8.9975233374347354        3.5000000000000000                1
   5.2832200365031445        7.4538610707318984        15.005304688626797        3.5000000000000000                1
   5.2977260634069339        7.3283690005459006        11.736283115455066        3.5000000000000000                1
   5.3459180643020412        8.4173870494767815        34.067705688571344        3.5000000000000000                1
   9.9998103616746992        8.8117876964065651        31.464309317886421        3.5000000000000000                1
   6.1159904882902945        5.8654434874333665        27.477278987991372        3.5000000000000000                1
   9.3519383029060617        9.6460885698880308        34.984937539789534        3.5000000000000000                1
   5.4275148743455395        6.9534009431701582        19.472487237897848        3.5000000000000000                1
   6.2847642335210709        9.7038945246595834        31.402487087086396        3.5000000000000000                1
   8.6326240175890412        10.074139392798729        8.3894280779033750        3.5000000000000000                1
   10.240501089977258        7.6833765786013819        17.432467772813805        3.5000000000000000                1
   6.3015881583923692        5.7573236628760958        18.090728472456551        3.5000000000000000                1
   7.0446403290419104        5.3701458094369388        24.736798156362823        3.5000000000000000                1
   6.7193020773229541        5.4971911406216023        22.715611145052382        3.5000000000000000                1
   10.169703499069383        7.1392246695265120        12.925012546937843        3.5000000000000000                1
   6.9882289030562417        10.122403541901585        6.4890683440101764        3.5000000000000000                1
   5.4705562499185012        6.7397422869770711        24.982536033278549        3.5000000000000000                1
   8.8717527007659047        9.9427087509021153        32.333742802685499        3.5000000000000000                1
   7.7447566827199799        10.243248039861543        34.094961632815370        3.5000000000000000                1
   5.3469145165506191        8.3711102295768587        11.375526917285020        3.5000000000000000                1
   9.9193642225818017        6.5497634681376242        21.295015681289065        3.5000000000000000                1
   7.7791031104134447        10.209949646625793        17.562497708700839        3.5000000000000000                1
   8.7831916425822190        5.5652808047967683        10.698360076346265        3.5000000000000000                1
   6.6507110116113681        9.9776190873039230        23.864643976604981        3.5000000000000000                1
   5.8701063727114464        9.3770372569575677        23.683600612808135        3.5000000000000000                1
   7.1101744402533020        5.3498907585596305        12.725742247447247        3.5000000000000000                1
   5.8843206619205697        9.3805919133918465        32.276186977488607        3.5000000000000000                1
   9.9505706710933417        6.6434955004741267       0.24674167017959536        3.5000000000000000                1
   5.9246814628480298        6.0978303320729603        7.2840870332189764        3.5000000000000000                1
   8.8402484667679886        9.9080728698564542        18.311070931798405        3.5000000000000000                1
   9.9664336167604297        8.8985461220935544        8.1669896247909524        3.5000000000000000                1
   9.2229206115364963        5.7490344159002200        29.615848245744210        3.5000000000000000                1
   8.8839371234931619        9.9734239663141455        30.550252941630568        3.5000000000000000                1
   8.8581964184234803        5.5359307873465422        10.722016486779237        3.5000000000000000                1
   6.4129108146079119        9.8482306767760246        22.897937430534011        3.5000000000000000                1
   7.6843672110197598        5.3034179780952293        34.023358510157905        3.5000000000000000                1
   7.1282683596297929        5.4086827779868640        27.226272038279141        3.5000000000000000                1
   8.8510520508835686        5.5222411013788504        25.116535977858604        3.5000000000000000                1
   8.1341679005758678        5.2948186474627095        24.366335435288629        3.5000000000000000                1
   9.8944849251894684        6.4910098408092827        5.5526355761669892        3.5000000000000000                1
   9.7298496426609322        9.2637557162092463        6.1983358111024103        3.5000000000000000                1
   6.2903653272617888        5.7254752977419976        18.070861481147400        3.5000000000000000                1
   6.2799627074548177        9.7581532201250436        34.954358949757335        3.5000000000000000                1
   6.7292526681929914        10.028209468850838        35.870273244801673        3.5000000000000000                1
   10.145199232967631        7.1597367003511794        37.605694344651546        3.5000000000000000                1
   9.3083108191509716        9.6558099378341140        26.157906649778518        3.5000000000000000                1
   5.7064406803099645        6.3159158634431094        34.037688481429399        3.5000000000000000                1
   5.3093827228011126        7.2257262641294329        1.1146985735245913        3.5000000000000000                1
   9.7290000791021924        6.2412235510765219        27.610523557662056        3.5000000000000000                1
   6.1247287028391453        5.9077473166629195        31.383258897142941        3.5000000000000000                1
   8.9265257821807964        9.9014043659997917        9.6048409723292476        3.5000000000000000                1
   9.3702121979560378        9.6533383377583668        16.487232485154795        3.5000000000000000                1
   6.7398448522762351        10.010979073602307        34.063826838287802        3.5000000000000000                1
   8.0924458133653143        5.2857429904720936        9.0685167045355204        3.5000000000000000                1
   8.8088852489257157        9.9826065604220044        2.8632759739741389        3.5000000000000000                1
   8.0619232049055345        5.2965376045422499        9.0331041766150211        3.5000000000000000                1
   9.1496938338027736        5.7222467858381174        12.533978687611897        3.5000000000000000                1
   7.1208869130877384        5.4205232464356072        15.515970004816545        3.5000000000000000                1
   9.9397558913232835        6.5449641343252578        2.0173063059248673        3.5000000000000000                1
   6.1753718994886047        5.8301520950642924       0.21817229095358440        3.5000000000000000                1
   5.5497794679801249        8.8714980931798255        33.174110944029138        3.5000000000000000                1
   7.7600026603440009        10.243965176923487        11.926308302131977        3.5000000000000000                1
   5.5912046993329279        6.7313760625638244        34.967819135934803        3.5000000000000000                1
   8.3131255289144281        10.185698538787392        1.9758308666470821        3.5000000000000000                1
   8.1743166351421390        5.3231031189406632        5.5335199652292220        3.5000000000000000                1
   9.6908477933975696        6.2054788393797713        15.973533341154299        3.5000000000000000                1
   7.8655919673233239        9.2491320204518761        2.9971687864223617        3.5000000000000000                1
   10.240191991827677        7.5919682860352617        19.574104089113927        3.5000000000000000                1
   5.3537247907077816        7.1264292568868033        28.757608476376813        3.5000000000000000                1
   8.1689098664813518        5.2982830343614102        17.912555991988658        3.5000000000000000                1
   6.0252568995691069        9.5560441301770673        13.038092481876502        3.5000000000000000                1
   8.0838866547300565        10.195312304160279        13.133507225573204        3.5000000000000000                1
   5.8063644230646663        6.2976577960216105        32.256367994327967        3.5000000000000000                1
   5.6999103354542724        6.3612342007803324        30.502342359379998        3.5000000000000000                1
   10.043449989451284        6.8616891859139848        23.046254943514089        3.5000000000000000                1
   5.2806015079336603        7.8132115322452771        36.704602304756889        3.5000000000000000                1
   8.5784157754762997        5.4018469996084306        19.560473917364472        3.5000000000000000                1
   6.5624187053384384        5.5619989686779396        4.6174862881229677        3.5000000000000000                1
   9.4562333510510399        5.9245349932094014        28.544465826347917        3.5000000000000000                1
   8.7862957325449855        5.4836464784418064        4.6989466019860258        3.5000000000000000                1
   5.4599988069787013        7.0111545264953996        10.653974137230588        3.5000000000000000                1
   6.3025005748075325        9.7629390416778250        31.425569444604928        3.5000000000000000                1
   9.9433534625999318        8.8603827654591072        16.252996648439538        3.5000000000000000                1
   8.8523771921966450        9.9721957787189108        24.196139342845594        3.5000000000000000                1
   5.6258536825817336        6.4569544812905812        26.802571936737561        3.5000000000000000                1
   10.159152520995102        8.3306619431840492        32.371672106645015        3.5000000000000000                1
   10.240994464908741        7.9271808557830612        8.2213658543083561        3.5000000000000000                1
   8.6003407960376830        5.4024959648136610        28.778594508424550        3.5000000000000000                1
   5.4428378398658701        7.1477615263185532        7.5964476250896924        3.5000000000000000                1
   9.7893500233900070        9.1377977331795446        9.8837971507875082        3.5000000000000000                1
   5.4735063465074827        6.7350075941633571        33.138208298611850        3.5000000000000000                1
   8.2992394628870283        10.186101586782861        7.2961120902786423        3.5000000000000000                1
   10.200249387828716        7.4131575510796601        11.825885090416426        3.5000000000000000                1
   6.0847752845489964        5.9321209162983370        15.859977956134431        3.5000000000000000                1
   6.8135334615193841        10.010027701518885        21.216946219541786        3.5000000000000000                1
   9.6127597310125026        6.0961230438990892        6.4749253572467449        3.5000000000000000                1
   9.0663234584879522        9.8704309382645015        6.7163079976732094        3.5000000000000000                1
   5.3068810330632434        8.0622076546077999        22.812170087820110        3.5000000000000000                1
   9.9677568677414747        6.6369035830628214        19.309443832287325        3.5000000000000000                1
   9.6704941437240866        9.2405775796059579        12.740753181837935        3.5000000000000000                1
   8.4358350579217678        10.098552656417990       0.19799330333195683        3.5000000000000000                1
   6.4705407682143150        6.7801370719700147        19.393275336860139        3.5000000000000000                1
   6.1701553102637874        5.8725981628143256        3.7377650176132384        3.5000000000000000                1
   8.4045595175246373        10.109277171631366        28.629063753807539        3.5000000000000000                1
   8.8446960687527909        9.9817288053949849        34.058270362171093        3.5000000000000000                1
   9.9357719074468633        8.7300901734616048        35.003891006317055        3.5000000000000000                1
   6.0951034188217932        5.9059617407672693        17.087588122594425        3.5000000000000000                1
   9.3604809907301547        9.6019320685070682        14.445541378398707        3.5000000000000000                1
   9.3612025781903458        9.6002674010193534       0.23557229073935110        3.5000000000000000                1
   10.178820579133523        8.3032845041699623        6.4402517789749174        3.5000000000000000                1
   5.3342934091724210        8.2609025650418673        14.412043784258818        3.5000000000000000                1
   9.6556661777944353        6.1932193052005173        34.050776263847460        3.5000000000000000                1
   7.8251992042752505        10.088359476246222        21.371114530119801        3.5000000000000000                1
   6.7597007597586529        10.034479326215534        32.347474207187666        3.5000000000000000                1
   6.1580039026165707        9.6765009418919536        28.251606970403941        3.5000000000000000                1
   9.7341551869728100        6.2396067118651493        22.306915234681156        3.5000000000000000                1
   8.7380496082846868        5.4813131793739451        34.075752348268075        3.5000000000000000                1
   6.7272524552594879        5.4862403737944261        9.9237010711074412        3.5000000000000000                1
   9.6314514144516696        6.1146874703520311        4.6288749107662994        3.5000000000000000                1
   5.2624538097296254        7.8860125568645456        31.448482968622422        3.5000000000000000                1
   5.3854244405557949        7.1774352129691366        16.892284733077048        3.5000000000000000                1
   5.3671878325636371        8.3663711735428947        37.567903119879205        3.5000000000000000                1
   5.9554600233102777        9.4549367542470026        9.0101241496108813        3.5000000000000000                1
   5.6202149637688787        8.9351429796466348        25.337639228594668        3.5000000000000000                1
   5.2615543046057063        7.7470518606291625        18.862701685083042        3.5000000000000000                1
   7.1189380847717603        5.3587420737837741        1.9673725758268088        3.5000000000000000                1
   10.139484471871043        7.0202387803352844        4.6313290724268885        3.5000000000000000                1
   8.4029300382424292        5.3374140161405812        11.652395128085081        3.5000000000000000                1
   9.9323905045057614        6.6214137144577023        38.481190880663505        3.5000000000000000                1
   10.111549897823503        6.9375583486108603        25.724272730261166        3.5000000000000000                1
   9.4290165499406076        9.5905497973417173        17.497687464842098        3.5000000000000000                1
   8.9083831208822595        5.5443567139994911        13.537153096412771        3.5000000000000000                1
   9.9294820690001213        8.8961703961410787        8.1637334600267266        3.5000000000000000                1
   5.6803669835971169        9.0240627097357198        10.674868039891249        3.5000000000000000                1
   5.7678876011143778        6.2883635130140796        4.6687388309388460        3.5000000000000000                1
   5.9117189881558110        6.1309944370389120        14.035241854918242        3.5000000000000000                1
   7.1272014622861235        5.3640257589612554        38.433946814809566        3.5000000000000000                1
   6.1392584812644850        9.6546844659141904        28.280471485072667        3.5000000000000000                1
   9.3128850524579736        9.6700295328658417        38.543864018020912        3.5000000000000000                1
   8.3273866113704571        10.181553059861935        34.951989153271576        3.5000000000000000                1
   6.7561960090509814        5.4783582995471489        16.460479137267470        3.5000000000000000                1
   8.4383192625597019        10.144339082085876        29.643039983565277        3.5000000000000000                1
   10.000967912965443        8.7396567452333667        2.1106566609726110        3.5000000000000000                1
   10.008022144265352        8.8186895900756745        16.299768003257444        3.5000000000000000                1
   5.5048722498136362        6.7287902212685058        33.116402144703372        3.5000000000000000                1
   10.237364631956355        7.9867914157645954        9.9535202157041347        3.5000000000000000                1
   7.6779775422177643        5.2952588671211851        37.589635837231640        3.5000000000000000                1
   5.5055166160340763        8.7980462930191106        5.5833721610722638        3.5000000000000000                1
   9.7457700270588958        6.2868885685329392        9.3968542072513870        3.5000000000000000                1
   6.2046322455417693        9.6619013035487864        10.090177365157956        3.5000000000000000                1
   10.050750750972488        8.6975741269713023        11.930173892646643        3.5000000000000000                1
   5.4529265717657704        6.8142234255817318        13.394404686678707        3.5000000000000000                1
   6.0411929173591545        9.5692275346598077        6.0855669139589486        3.5000000000000000                1
   10.186882737479086        7.1982274462017211        32.299420927724952        3.5000000000000000                1
   5.7256700591571112        6.3113572074334190        32.225326887618806        3.5000000000000000                1
   9.3190324647379601        9.6252619934714367        34.935275153927805        3.5000000000000000                1
   8.3167649245033903        10.174665618713620        36.694197095900492        3.5000000000000000                1
   8.7415357993392355        6.4489177350437057        4.9828161088459222        3.5000000000000000                1
   10.249161244603341        7.6926638770290836        17.409721675686995        3.5000000000000000                1
   9.6116665113620350        6.1603653112084604        1.0911591274383536        3.5000000000000000                1
   7.7480227992833006        5.2633740465515109        30.678569921863659        3.5000000000000000                1
   8.7450702582003768        5.4586742277650409        16.012565615285720        3.5000000000000000                1
