     1000000
           1
  0.10000000149011612     
   6.0420829321293708        6.9867694547355796        19.576340556458618        4.0000000000000000                1
   6.5340341156829460        7.8510487053454110        3.3253747286159876        4.0000000000000000                1
   6.0227502855186179        7.0042026480845321        37.585214607918843        4.0000000000000000                1
   7.0043256832023690        7.9963087740867671        24.499518318514180        4.0000000000000000                1
   6.9966759156917009        7.9112416631740032        1.3971954512067066        4.0000000000000000                1
   6.9908928844181464        6.0076566192652887        7.5253133448559160        4.0000000000000000                1
   7.4744195752336999        6.1253448419189178        18.980492408886075        4.0000000000000000                1
   6.6769118632800915        6.0851941302401604        28.992878470704628        4.0000000000000000                1
   6.9626473835157734        7.0690737006380431        8.3220619651386727        4.0000000000000000                1
   6.9098001404869871        6.1299017459326244        37.815288397871406        4.0000000000000000                1
   6.0545115592867615        7.0679766427194002        8.8271627141824069        4.0000000000000000                1
   7.9879940054465441        6.9823656461359729        19.048839088840943        4.0000000000000000                1
   7.6904646003863055        6.3191356306250777        29.009317384544374        4.0000000000000000                1
   7.1145287914112156        6.0355009386994567        19.953608023023897        4.0000000000000000                1
   7.9770720440164586        6.9881083523161003        25.051457933231152        4.0000000000000000                1
   7.9807670608824743        6.8710088030313168        23.191549150445145        4.0000000000000000                1
   7.8504186881270668        6.5430978544371898        24.141725430250887        4.0000000000000000                1
   6.9789913695257644        7.9735043533499050        11.160925021551630        4.0000000000000000                1
   6.9770076070385283        7.9960475030214413        7.8821422354075690        4.0000000000000000                1
   7.3741904922680348        6.0854731091635381        23.022329781121581        4.0000000000000000                1
   6.8410072667425093        7.8689740525856333        34.737338706326639        4.0000000000000000                1
   7.8680022883462470        6.8322133036087287        22.158872504700984        4.0000000000000000                1
   6.1449974408961134        7.4050022465352452        7.8412274331186733        4.0000000000000000                1
   6.2197922877541139        6.5138629547022617        32.140807700632358        4.0000000000000000                1
   6.0418585739448023        7.2578164369678539        12.385607166316047        4.0000000000000000                1
   6.7739242648126119        7.9669468565083825        15.348334060621642        4.0000000000000000                1
   7.5070492642621396        6.1935588732627949        3.2695508837258642        4.0000000000000000                1
   6.8341961319350366        6.0246200610963703        13.604344336225079        4.0000000000000000                1
   6.0120063645466804        7.0783254396221755        6.8893682449448477        4.0000000000000000                1
   7.0091965631392412        6.9974378163313995        18.254151028854942        4.0000000000000000                1
   6.1989606087196378        6.4032358380143650        8.0681353366760451        4.0000000000000000                1
   7.0450475395195058        7.9946062339315764        19.340433209180460        4.0000000000000000                1
   6.6719594564576790        6.0663651523432938        29.011503407196585        4.0000000000000000                1
   6.7930927052722421        7.9738655812907906        12.269857542885438        4.0000000000000000                1
   6.9850310423071411        7.0173342545400423        1.9011710435584275        4.0000000000000000                1
   6.8728600387266363        7.9876193215060542        9.8797443183461624        4.0000000000000000                1
   6.9968007849246954        7.0100695547481884        33.016731750221986        4.0000000000000000                1
   6.3904040569336074        6.2125607884008991        19.008006813675319        4.0000000000000000                1
   6.0638629586317512        7.2887868542095280        32.784565068591618        4.0000000000000000                1
   6.0201417816862595        7.1036702649688754        15.331032913426244        4.0000000000000000                1
   6.9502063330247550        6.1575479690706132        31.089999312588454        4.0000000000000000                1
   6.8255398845065134        7.9262421868912885        13.280966797552800        4.0000000000000000                1
   6.0197915782402340        7.0432501027705809        13.398335538232150        4.0000000000000000                1
   6.0082265627267208        7.1274050496962325        38.584452670340305        4.0000000000000000                1
   7.9688037924661490        6.7646175317960360        18.007956720904364        4.0000000000000000                1
   6.9424603819473409        7.0159968412544389        9.3617305268085449        4.0000000000000000                1
   7.9624022345015861        7.2028877208181630        8.4460288583317880        4.0000000000000000                1
   7.9587214969961551        6.8306886515161693        26.184645180128449        4.0000000000000000                1
   6.9670451896054555        7.0922881162224343        10.383234497216995        4.0000000000000000                1
   6.9626895842758483        7.9574410695438003        32.643220016943154        4.0000000000000000                1
   7.9740565454924504        7.1904537762044791        14.977807025883088        4.0000000000000000                1
   6.2293067614083757        6.3804897699336713        14.346365473115108        4.0000000000000000                1
   7.9395032862954622        7.0456384839151784        2.5399723398378540        4.0000000000000000                1
   6.9947907913376186        7.0439503945482960        37.308928163943023        4.0000000000000000                1
   6.8711410375787265        7.9092626790470124        4.3973054355681302        4.0000000000000000                1
   7.5233982757412159        7.8190955355260670        36.911586438524473        4.0000000000000000                1
   7.6669751101019239        7.7224318221830028        3.2826557522983952        4.0000000000000000                1
   6.9435482603697496        6.0631472681665652        2.3367732896898805        4.0000000000000000                1
   7.6955912046993911        6.8768173648608411        27.188545646544004        4.0000000000000000                1
   6.9919279082219505        7.9718123266507215        2.4150663084766180        4.0000000000000000                1
   6.9524431865681029        7.1131297945875174        39.339925366986549        4.0000000000000000                1
   6.0799070004489151        6.9288701075783345        28.683880951229668        4.0000000000000000                1
   7.0022855510862483        6.9839541714180671        19.294795571054536        4.0000000000000000                1
   7.4064113276880752        6.1070657652085947        24.955664356570395        4.0000000000000000                1
   7.3223459637154011        6.1014399037609985        20.938250611091995        4.0000000000000000                1
   6.2919094926148258        7.6159616999498034        31.794985824746586        4.0000000000000000                1
   6.0371556491756282        7.2671209949874394        2.6609213334478530        4.0000000000000000                1
   6.0146486650630751        6.9547764178408764        28.650482606348291        4.0000000000000000                1
   7.2508536657704248        6.1139914297839173        28.079951027514518        4.0000000000000000                1
   7.9772423158110159        6.8959347963132922        28.229370971582384        4.0000000000000000                1
   7.1208376934538302        6.0324074352204713        27.070254625737540        4.0000000000000000                1
   7.0142523351992176        6.0079607255860310        24.002667325809067        4.0000000000000000                1
   6.9936270119558479        7.0188871058674556        15.092590033600231        4.0000000000000000                1
   6.9758976953708833        7.0195759213567044        3.9295958845331054        4.0000000000000000                1
   6.9662194581308396        7.9912586803974763        37.782841535990244        4.0000000000000000                1
   6.3951149532973925        7.7793041038818327        36.988008578483075        4.0000000000000000                1
   6.0046567583972745        7.0188915172458133        3.6514337600929552        4.0000000000000000                1
   6.9797585805837441        7.9644396991398239        14.317178634239141        4.0000000000000000                1
   6.0917746132948825        7.3147003015516168        11.200178959414986        4.0000000000000000                1
   6.9737643023951428        7.0668216377658535        38.324949491215442        4.0000000000000000                1
   7.0210477815225865        6.9657043591443637        23.460515928711658        4.0000000000000000                1
   6.4201055520457988        6.1871062925381217        36.899785359204799        4.0000000000000000                1
   7.0225965746496728        6.0230747860468394        19.890709878270780        4.0000000000000000                1
   6.9125332349139645        7.9822487190619027        36.089719061246655        4.0000000000000000                1
   6.9787520929490174        7.9396501428362178        33.719867402958748        4.0000000000000000                1
   7.4179161188991651        6.0936868558584623        24.956966575368980        4.0000000000000000                1
   7.9585731165918503        7.0989190682845997        38.521820856448734        4.0000000000000000                1
   7.5900699303467647        6.2409623787605160        3.2861824322170521        4.0000000000000000                1
   6.9990018116671830        7.0694569447306241        2.9081216701921173        4.0000000000000000                1
   7.0355546696602271        6.9956293677202677        20.581061927812318        4.0000000000000000                1
   6.9475594428078216        7.9605614216870837        6.8692481843097921        4.0000000000000000                1
   7.9657788972024015        6.7714932803262284        20.103525652633724        4.0000000000000000                1
   6.7214709359933096        7.9000614502122124        8.8509459498547880        4.0000000000000000                1
   7.0837781213389031        6.0078629693400245        17.984436108266056        4.0000000000000000                1
   6.0631080257453878        7.1735428877678480        9.8428122843064756        4.0000000000000000                1
   7.1025175334831694        6.0068544747022123        26.039204741619365        4.0000000000000000                1
   7.0207370258573425        6.9934630413469234        24.605859998158444        4.0000000000000000                1
   6.9739010326350650        7.0289469563844644        8.3208952738161699        4.0000000000000000                1
   6.7858475103348512        7.9621537988653808        38.790386805529288        4.0000000000000000                1
   6.0500366333214668        7.2479360407399778        33.856029430656562        4.0000000000000000                1
   6.0191984920241666        6.9958568459511898        18.466651572646118        4.0000000000000000                1
   7.8998633969879855        7.4041946779519314        7.2809307747822585        4.0000000000000000                1
   7.9731936737641496        7.2022895379632734        13.777426623549792        4.0000000000000000                1
   7.9922296551405427        7.0154754336474836        37.490390751140730        4.0000000000000000                1
   6.1389059367750498        6.8231709096351238        29.842091981403961        4.0000000000000000                1
   6.5519085975348412        6.2438062022199547        38.799505240793017        4.0000000000000000                1
   6.0014888040766454        7.0045051666135656        36.413287823013491        4.0000000000000000                1
   6.9106364579993391        7.0485400302839611        13.866346685964094        4.0000000000000000                1
   7.9163421290081839        6.8147073961919755        20.109093524418739        4.0000000000000000                1
   6.9811395569810255        6.0182228334904275        8.5931509744603467        4.0000000000000000                1
   6.9685773472640378        7.0100039741055964        7.2754541698925781        4.0000000000000000                1
   7.0644835166131328        6.9641203174344053        25.729736512082045        4.0000000000000000                1
   6.0948422299299905        7.4245522943622619        1.6553619425908503        4.0000000000000000                1
   6.8736787622180850        7.9296374908975507        32.589970912562443        4.0000000000000000                1
   7.9049427063779643        7.4088488240474089        32.856840110713392        4.0000000000000000                1
   6.9807804453552791        6.0037306727508595        32.573134691453113        4.0000000000000000                1
   6.0169898228451419        6.8410926561374721        28.748327529736038        4.0000000000000000                1
   6.2967089006802368        6.3292849574838570        33.254319510456853        4.0000000000000000                1
   6.9714935471304980        7.9865200598921238        13.269917244061952        4.0000000000000000                1
   6.5015313316906100        6.1823395551235141        3.2588582890815818        4.0000000000000000                1
   6.1003716305063920        7.1683071058103147        34.915934318534028        4.0000000000000000                1
   7.8005917340462894        7.5835026669748107        24.033325916877676        4.0000000000000000                1
   6.1197658366288117        7.4498636977868546        14.340971748580941        4.0000000000000000                1
   6.9867336811731091        7.0019918741784055        12.742385117433939        4.0000000000000000                1
   6.9371680417084161        6.0939335210171510        30.084865180711084        4.0000000000000000                1
