     1000000
           1
  0.10000000149011612     
   6.1058291041794339        7.1091654289109609        20.972088406726481        2.5000000000000000                1
   7.7364435347292959        5.5904681156896112        28.311246711774441        2.5000000000000000                1
   3.8312483837524796        6.2700474295334390        21.959273559339469        2.5000000000000000                1
   5.8599493431987106        3.7908156824995571        27.649107044621690        2.5000000000000000                1
   7.7328711128300922        5.6816432442899325        17.143029653642593        2.5000000000000000                1
   6.3339387984515092        7.6034372956407443        12.748666275426201        2.5000000000000000                1
   7.7133644175266678        5.4114334467640344        3.3051024393782140        2.5000000000000000                1
   3.7756250050262623        6.0658183041348517        32.811352962241578        2.5000000000000000                1
   5.0571400304371901        3.8880360139174237        28.246154780729427        2.5000000000000000                1
   6.9105426824953220        4.1560827902128512        24.146320643983401        2.5000000000000000                1
   6.2996301226030216        3.9010699164151865        37.688465360140960        2.5000000000000000                1
   7.3894110897496850        4.6068739297176844        4.8939531475186140        2.5000000000000000                1
   5.3829924963643903        7.7032353172140029        5.2245530796899589        2.5000000000000000                1
   4.3228779519874498        4.5243652442723521        13.637326754147898        2.5000000000000000                1
   5.1165008950536102        7.6449878284710095        9.1622713026172331        2.5000000000000000                1
   5.7154936815855732        7.5915001814833287        36.345047122457160        2.5000000000000000                1
   6.5426218512966239        7.5861906539026984        38.733582388980089        2.5000000000000000                1
   3.8622643447639327        6.0195754115314228        33.810470118254990        2.5000000000000000                1
   4.2405041623362587        6.9884872963197768        7.9769168869346441        2.5000000000000000                1
   3.8446119544372102        5.3005528763767504        18.410854471957006        2.5000000000000000                1
   7.3974287249273365        4.6223279108735227        11.556716636551339        2.5000000000000000                1
   3.8827359108472481        6.3730011695927180        6.0221984752094073        2.5000000000000000                1
   7.5440092695787504        6.4938056846796552        4.6191890943313849        2.5000000000000000                1
   7.6965549722477480        6.1754663681186228        11.099957574864828        2.5000000000000000                1
   6.8463632947242310        4.1523425295172194        16.211870689189080        2.5000000000000000                1
   5.9678948679526087        3.7939733216778189        24.139768236243970        2.5000000000000000                1
   5.8748948389455196        4.2969632314463428        25.884904609537045        2.5000000000000000                1
   7.2142799238499951        7.0868300493774914        22.498548709538614        2.5000000000000000                1
   5.4585954299312913        7.4926026742337379        27.928077400702200        2.5000000000000000                1
   7.7203716955590114        6.0350023160173798        24.740777779618188        2.5000000000000000                1
   4.6515846238899572        7.3802100406672180        11.746045700516826        2.5000000000000000                1
   5.7162914663833568        7.7416032353119517        18.249173419320428        2.5000000000000000                1
   4.5830563858192548        7.3108694655037816        23.407260133578607        2.5000000000000000                1
   4.2586432907574032        4.4175492114287938        12.575988522187256        2.5000000000000000                1
   3.8781001258795702        5.1170891234939484        33.313689727827047        2.5000000000000000                1
   6.3867964740872205        7.5253736660918022        26.560948218006295        2.5000000000000000                1
   5.4619380171505769        7.7235125247128806        12.250658715925818        2.5000000000000000                1
   4.9507685572446265        7.5497768050135585        10.631798971326416        2.5000000000000000                1
   7.3505026600207639        4.5711094383554505        3.8732317281743427        2.5000000000000000                1
   6.2000849529952955        7.6831924793951289        3.6623390004319218        2.5000000000000000                1
   4.1949080849324236        6.8992855456901445        33.210890725504257        2.5000000000000000                1
   3.8216257999323471        5.3545346278085466        14.967447099787769        2.5000000000000000                1
   7.5900761227741196        5.0492003191205930        34.647759532960336        2.5000000000000000                1
   3.9257828494715095        6.2334471462273546        15.545784511213855        2.5000000000000000                1
   5.0685436950807841        3.8981074232685886        16.595382022268627        2.5000000000000000                1
   4.9293405471689073        3.9645082107404273        8.2815578493337831        2.5000000000000000                1
   3.8240725662343866        6.2351571110701638        30.746575414377936        2.5000000000000000                1
   7.6878326546766580        5.7286701407855638        30.141810496060341        2.5000000000000000                1
   4.0693382554067377        4.8273826481933435        1.7455111900696776E-002   2.5000000000000000                1
   7.2593162616021578        4.7673156077719341        7.7333372993237681        2.5000000000000000                1
   7.7013201651984380        5.4949118880778212        12.084013221379438        2.5000000000000000                1
   7.4702543435263138        4.7601839671482304        29.794255932511138        2.5000000000000000                1
   5.1160672969986374        7.5985501303319047        6.9267252262969601        2.5000000000000000                1
   5.7571885816933683        3.7893952567817335        4.8683426904170686        2.5000000000000000                1
   7.5388809285677336        5.0534878038577684        20.715006772420509        2.5000000000000000                1
   7.0271571825280184        4.2384823493388941        19.192176599475264        2.5000000000000000                1
   3.8190097603494348        6.2376970149855415        8.7015166268427997        2.5000000000000000                1
   7.4864615872650297        6.4022708968491600        14.744744414465845        2.5000000000000000                1
   5.8305786458937883        3.8658275304263205        19.130755788528887        2.5000000000000000                1
   6.0561062748230343        3.7901150680932036        32.642266222338201        2.5000000000000000                1
   5.8340462794954169        3.7592995938867309        6.7567646492480771        2.5000000000000000                1
   6.9675438438022432        7.3101496855478514        10.076082464696256        2.5000000000000000                1
   3.7988127214568510        5.7763152191979792        25.447938153853009        2.5000000000000000                1
   5.9641817124936987        7.7128764196273814        32.443637638703244        2.5000000000000000                1
   5.7781467017377439        3.7539092498399151        9.6429934600682508        2.5000000000000000                1
   5.4447514391599476        7.6749974894294182        1.2313621228233538        2.5000000000000000                1
   5.9519535894768989        3.7663590789181738        30.632895063140957        2.5000000000000000                1
   6.0489490576578593        7.7210708068359155        9.6048569194615663        2.5000000000000000                1
   4.9239916585891992        4.0028545248857608        7.2548213077106585        2.5000000000000000                1
   5.8830798412712548        7.6755134883831131        33.463197342558566        2.5000000000000000                1
   5.0419051447008671        3.8903427997624185        29.267936560083282        2.5000000000000000                1
   7.6985698260517426        5.5943496860702853        10.249103373150120        2.5000000000000000                1
   7.4515722591919316        4.7309310933941280        15.567714054217470        2.5000000000000000                1
   6.8352935190381192        4.1096526738779176        31.161867151206192        2.5000000000000000                1
   4.9098683938299565        7.5421944757514634        17.601995270830269        2.5000000000000000                1
   4.7688011980170266        4.1908575722938899        2.5289197116932938        2.5000000000000000                1
   7.3269648512794854        6.9652355410688003        18.217972494577200        2.5000000000000000                1
   7.1834394544090330        7.0825157776880090        1.1960203479974856        2.5000000000000000                1
   4.3766974974501220        4.3325320401836125        34.596722840065624        2.5000000000000000                1
   7.4586723100615808        4.7259468177952080        6.7122877917646324        2.5000000000000000                1
   7.4751806637528322        6.5259404339307165        29.575496512774851        2.5000000000000000                1
   3.9341760289303083        6.5615768254023443        2.0197945810966274        2.5000000000000000                1
   6.9708829895827487        4.2637359743870622        36.030817961184056        2.5000000000000000                1
   6.6550159513527936        3.9900094480822301        5.3071160225354026        2.5000000000000000                1
   6.9130603474889227        4.1326305749426240        32.233792595959258        2.5000000000000000                1
   3.8323163208048481        5.2663952252615704        12.895114366425153        2.5000000000000000                1
   5.2674065499917893        7.6266768772548543        3.0717927787040740        2.5000000000000000                1
   7.7101400865460539        5.5946210097646407        9.1804261144145389        2.5000000000000000                1
   5.2561840263194695        3.8906320477394498        37.005808265377425        2.5000000000000000                1
   7.2551657159999703        6.9092729496512133        38.451377917772305        2.5000000000000000                1
   4.8058553214044659        4.0798765457658552        4.4188600841176857        2.5000000000000000                1
   4.2890954178072320        6.7642604105572843        20.908335949258763        2.5000000000000000                1
   6.6871882382299415        4.0403815088947921        12.069021118699160        2.5000000000000000                1
   7.6594639897492378        6.3239735712115817        1.8788877949526732        2.5000000000000000                1
   4.3547083624959138        4.4660244762754031        8.9452211833337270        2.5000000000000000                1
   7.5371850788854013        6.4510844969683205        26.794076742251555        2.5000000000000000                1
   7.6753068500270567        5.5274892934921329        4.3353979843358026        2.5000000000000000                1
   6.4181267176308685        7.6078871299611812        27.577146123456082        2.5000000000000000                1
   3.9514140850319350        6.2397983033540179        28.957146249502660        2.5000000000000000                1
   6.7464554217970720        7.4759323219848515        8.8905746264363259        2.5000000000000000                1
   7.2679377034145674        4.6613498752864038        21.714721663224836        2.5000000000000000                1
   7.5609376385761298        4.9226865235194488        32.547835380267699        2.5000000000000000                1
   5.6951715265316061        7.7222315829322286        21.751524897338616        2.5000000000000000                1
   3.9163276698693670        5.2211661563332248        23.528060886317476        2.5000000000000000                1
   6.5482166852512158        3.9458152215482216        2.4635544794246593        2.5000000000000000                1
   4.1117006966738190        4.9912250761751080        38.987286486343088        2.5000000000000000                1
   4.4076558433565198        4.2744837998514695        23.477359279992008        2.5000000000000000                1
   6.1419445267523001        3.7939422619928802        29.119819923839763        2.5000000000000000                1
   6.6753781873823099        4.0001017260213363        10.130121360544715        2.5000000000000000                1
   5.3517662456248969        3.8037605201007625        21.647870435920829        2.5000000000000000                1
   3.8110463257494640        5.3018146900534218        20.081124635901574        2.5000000000000000                1
   3.9234375179003145        6.5248707687497083        14.029185954227740        2.5000000000000000                1
   5.1355838446814701        3.9022204779243630        32.149091466619943        2.5000000000000000                1
   4.8755693546742602        7.5374705441350294        26.964600303902557        2.5000000000000000                1
   7.0426456518854685        7.2419161995725556        5.1945598088810003        2.5000000000000000                1
   4.8148254785963012        4.0023046308046872        19.107455977666461        2.5000000000000000                1
   4.4188811196022781        7.2408156187942323        28.399521989170744        2.5000000000000000                1
   7.7010746323225607        6.1052790046794509        38.868804674046430        2.5000000000000000                1
   7.7256182749038711        5.4619381732638805        27.307903052785957        2.5000000000000000                1
   5.6864459292001710        3.7695424657253684        2.9587001522875855        2.5000000000000000                1
   6.0771986483263918        7.6179328288532995        16.582658684591419        2.5000000000000000                1
   4.4980747823636538        4.4476213842371912        35.692528148296489        2.5000000000000000                1
   3.9723423111896916        5.6442761633801863        1.4857901357408447        2.5000000000000000                1
   6.6670973029175693        7.4396196673479302        36.896388780192666        2.5000000000000000                1
   6.2178576684929432        3.9274379831361839        36.650212020633226        2.5000000000000000                1
   3.9085195573718732        6.2097575740829596        24.492767648721905        2.5000000000000000                1
   4.5336175555135441        4.2618461360384829        26.794823371790155        2.5000000000000000                1
   5.2774582011685682        7.6817808136383876        28.973565607116353        2.5000000000000000                1
   6.4861680532783259        3.9187210632112444        26.603222513228996        2.5000000000000000                1
   7.6539818803011110        6.2413565070197503       0.88196916484319332        2.5000000000000000                1
   5.8411192595363310        7.7112355524183078        35.206885287299023        2.5000000000000000                1
   6.7980084697920793        7.3947897543368786        25.040290972895281        2.5000000000000000                1
   4.2279197009435387        7.0151769177028722        9.2126517228617750        2.5000000000000000                1
   3.7542833033087275        5.8283367937187283        39.498022062939548        2.5000000000000000                1
   3.7657892978185612        5.5112319691423881        3.4865227990994292        2.5000000000000000                1
   6.7274976720308794        4.0232995984952007        7.3223217278269868        2.5000000000000000                1
   7.6180567360611278        6.4098305418142862        12.666831650019427        2.5000000000000000                1
   3.8554375537005376        5.1262374041268250        24.536991817097899        2.5000000000000000                1
   4.9556898726304102        7.5536723603676839        20.930949551945012        2.5000000000000000                1
   7.5100689106470799        6.5606579144316237        9.6073278267755633        2.5000000000000000                1
   6.1010649726461379        7.6677622262486640        6.4421401694618456        2.5000000000000000                1
   5.6907890521849636        4.7555771395103417        1.9303582694032302        2.5000000000000000                1
   7.5958723879268346        6.4746438662078702        13.706316476179504        2.5000000000000000                1
   3.7745722580812391        5.5711413001026342        4.5023066222312798        2.5000000000000000                1
   6.4008402665595252        3.8701116297542555        39.436985769992873        2.5000000000000000                1
   3.7837580228889958        5.8581115587446178        20.916785856882264        2.5000000000000000                1
   4.8522364417241448        6.0735243488837325        30.907011841563225        2.5000000000000000                1
   5.5891001680257357        7.4605580052732856        20.116062612628525        2.5000000000000000                1
   4.4816408360780988        7.2932436802649416        15.731091339287762        2.5000000000000000                1
   6.9467647486760873        4.1652040323471269        20.882752876427546        2.5000000000000000                1
   7.5385524870060685        6.6105903849712782        30.602261850865702        2.5000000000000000                1
   6.1662826982454240        3.7993861048567412        35.654650333527769        2.5000000000000000                1
   6.9152390295475321        4.3602985697454759        35.027189373403232        2.5000000000000000                1
   5.2231434330649522        3.9103476046892669        34.180648024590027        2.5000000000000000                1
   6.3847507450838030        3.8733259720201989        18.266384209450756        2.5000000000000000                1
   6.6199783078589176        3.9938361777450329        4.3022485956004735        2.5000000000000000                1
   3.8217987504700961        5.2499583700708614        10.176502975916591        2.5000000000000000                1
   7.7081562039403133        5.5068208701805919        22.186060317763680        2.5000000000000000                1
   3.8977583783251850        6.2298562942196547        23.390735484294602        2.5000000000000000                1
   5.5828183890528402        7.6724227719767137        39.172398205638750        2.5000000000000000                1
   5.9306651688749250        7.4970319103925442        31.413965961729641        2.5000000000000000                1
   3.9514969612806241        5.1221176258628986        35.144853449848547        2.5000000000000000                1
   3.8886238358259417        5.3354375065045758        30.183558251499942        2.5000000000000000                1
   3.8443878819099937        5.2776654619563592        21.770546050471324        2.5000000000000000                1
   7.3509974071276583        6.5999343211796306        31.617522031144105        2.5000000000000000                1
   4.0827605308475325        6.8420076659009821        19.390376276299808        2.5000000000000000                1
   4.4002162725011802        4.3776455749329246        32.751657953727509        2.5000000000000000                1
   7.2522015588729669        7.0122812845026008        24.223550145997493        2.5000000000000000                1
   4.2668602647065015        4.4654827023280887        29.751532751403502        2.5000000000000000                1
   6.7265133021243653        7.4678612291189639        34.022920135220602        2.5000000000000000                1
   3.7598876582427661        5.7342074708339439        27.117734401415184        2.5000000000000000                1
   7.6589164034883828        5.2471879366136465        39.438745910809430        2.5000000000000000                1
   3.8674505811636934        5.4810071289219682        5.5248499997197831        2.5000000000000000                1
   7.2951687625764050        4.5518898477297203        1.8532308508079771        2.5000000000000000                1
   4.1115635387171352        4.6141154613817577        3.9196312827983775        2.5000000000000000                1
   5.7351970009430566        3.8439678056428015        15.762603451039293        2.5000000000000000                1
   4.8313930334855284        7.4635420532136472        35.807525135624452        2.5000000000000000                1
   7.6687802464053911        5.5811361798686612        23.209977381262384        2.5000000000000000                1
   7.5735183524092884        6.5057956415592226        5.6788468518281006        2.5000000000000000                1
   4.2226034397459511        4.7794207683032122        27.734511381944046        2.5000000000000000                1
   4.1188126234509301        6.7195017405448594        38.120361308622591        2.5000000000000000                1
   4.7357926563738966        4.0268692641141284        17.558208512588394        2.5000000000000000                1
   3.9956329483887227        6.7075807499828715        26.944827126256087        2.5000000000000000                1
   7.5041235951110909        5.0827916070869659        25.800954835255663        2.5000000000000000                1
   7.4177234134785062        4.6720859134960406        17.048783302278771        2.5000000000000000                1
   5.2323461535029923        3.8261925059708517        35.204468335302280        2.5000000000000000                1
   7.2575879354924924        7.0326244086722802        39.493423400133260        2.5000000000000000                1
   4.4024745660615663        7.1621859406965358        16.760787678880813        2.5000000000000000                1
   5.0335711381190889        3.8967326450867290        13.160803243863912        2.5000000000000000                1
   4.7627924988146919        4.0349850400578582        5.4313603347317168        2.5000000000000000                1
   5.4316384534535826        7.7219980554451011        15.645031464230943        2.5000000000000000                1
   7.5463652669423249        5.6469198689896203        8.1804781863846063        2.5000000000000000                1
   4.6599829713708436        7.2607547515565880       0.51130182693828430        2.5000000000000000                1
   4.4822342541918854        6.9200038365948844        30.378897051395146        2.5000000000000000                1
   3.8067233400242544        6.1693868847211411        31.798388936577510        2.5000000000000000                1
   5.8382066446985608        7.7477018523753092        25.047448581895420        2.5000000000000000                1
   3.8340208004492689        5.3050070070339821        11.309607099518361        2.5000000000000000                1
   6.9629513283254827        7.3393753759668137        30.149997044309853        2.5000000000000000                1
   7.5284314555643137        4.9396525081411378        33.563385797798446        2.5000000000000000                1
   7.2345773970014209        4.4382655910003823        39.972655880921799        2.5000000000000000                1
   3.8836203085777496        6.4313926460657065        3.9521680776763679        2.5000000000000000                1
   3.8053987074354754        5.6288796426428709        2.4895725657527166        2.5000000000000000                1
   5.0112575093272937        7.5319091744568700        31.881734452502247        2.5000000000000000                1
   7.6707400318623371        6.0689744937948733        25.768931254675891        2.5000000000000000                1
   7.4718313859055270        6.7445819782631480        19.975313216351296        2.5000000000000000                1
   4.9471082787121485        3.9388840235611995        10.196073628320960        2.5000000000000000                1
   4.1822264271585912        6.7338290534679830        39.172565183974640        2.5000000000000000                1
   7.6473969674323632        6.0297834869519500        36.959161243315812        2.5000000000000000                1
   7.0630491092433756        7.2296778449255132        6.1966916284572315        2.5000000000000000                1
   4.1849100934504397        6.9728809636275964        10.211062445847981        2.5000000000000000                1
   7.6647242144871219        6.1506508297619797        39.875350263433383        2.5000000000000000                1
   7.4671618674137505        5.0950040468132833        36.390730798352536        2.5000000000000000                1
   4.2376006059028883        4.5027481401416738        16.523951023707276        2.5000000000000000                1
   4.4924525771546122        7.3030249388118857        1.6048330700823477        2.5000000000000000                1
   4.1923585703528161        6.9068628704548614        35.243333934689595        2.5000000000000000                1
   5.6237464943463440        3.7556380240130993        1.9533005247682049        2.5000000000000000                1
   4.4384257706961785        7.1412613089819823        4.4019826551631009        2.5000000000000000                1
   3.8645792742769718        5.2927783519084848        8.3543230813353251        2.5000000000000000                1
   4.9100770654425157        3.9808318280827506        22.577465963658991        2.5000000000000000                1
   7.3404572936736949        6.8292851924178164        35.384058538767810        2.5000000000000000                1
   5.1559104726015663        7.4811216113827594        22.593616757256012        2.5000000000000000                1
   3.9088758775187245        6.2426592728120216        12.619987852090155        2.5000000000000000                1
   7.0427772635562613        7.2411424035000413        7.2095742478862270        2.5000000000000000                1
   7.6255562473189693        5.1682570326406090        24.217146627421933        2.5000000000000000                1
   4.4435674551198705        7.2021495800399125        2.6283047232117616        2.5000000000000000                1
   7.2247143162114398        4.4358002467268109        18.207864694920314        2.5000000000000000                1
   6.1159698084164180        7.6988456960112002        7.6147304346162885        2.5000000000000000                1
   6.8321208923714494        4.0757487938830579        13.210994237544716        2.5000000000000000                1
   6.8500225585561827        7.3843905927590612        17.376425399411360        2.5000000000000000                1
   6.8620942425424820        4.0990019014219445        22.559186453575514        2.5000000000000000                1
   4.0645356120592124        4.7407225399871216        19.218362468227497        2.5000000000000000                1
   6.2521317843133195        7.6765585296954288        23.548367909863920        2.5000000000000000                1
   7.2798696019218072        4.5000983979428106        25.010844650472919        2.5000000000000000                1
   7.6962293526432912        5.2949320850263941        1.2471263984218697        2.5000000000000000                1
   7.5507656182201837        4.9355281986335706        19.684282062139022        2.5000000000000000                1
   3.7900000046647011        6.0091096886017459        36.711264223534180        2.5000000000000000                1
   4.4127176497880276        7.1028673730130372        21.884352335012458        2.5000000000000000                1
   3.7921157121709723        5.4316284909664825        28.377886686594660        2.5000000000000000                1
   7.4119942260421272        4.6623530476386916        10.520816593265380        2.5000000000000000                1
   7.7388954289095002        5.8070915785243926        32.098404013616786        2.5000000000000000                1
   5.2958164054958869        7.4741555669961892        24.213061286816160        2.5000000000000000                1
   5.8296236913414754        6.6797729173542457        15.785209172373568        2.5000000000000000                1
   3.8544428913155695        6.3710183555258899        17.290290473611911        2.5000000000000000                1
   4.9377891356256516        5.2135382819029372        4.9036975792854056        2.5000000000000000                1
   4.3448487725300966        7.1731477493905160        6.4232429908702118        2.5000000000000000                1
   6.0889889902677750        7.5876776028163695        14.863656558636432        2.5000000000000000                1
   4.1139476075946737        6.8948224140913217        34.245369136545442        2.5000000000000000                1
   7.2838884241366415        4.6675730458520199        14.480286803797481        2.5000000000000000                1
   6.3919082032127719        3.8987794123886501        25.082201888267235        2.5000000000000000                1
   6.7641147574218898        4.0291557563453848        15.113421082526365        2.5000000000000000                1
   6.7148786713181270        7.4556710400646127        35.875146777496326        2.5000000000000000                1
   4.1985231442831221        4.4900724671177974        7.8241239178914626        2.5000000000000000                1
   4.3643244985010989        7.1119335460750843        24.448731787726320        2.5000000000000000                1
   5.3241159674242038        3.8627741705163925        20.065012866267828        2.5000000000000000                1
   3.7859053187930511        5.8846030940182930        19.254108416488659        2.5000000000000000                1
   6.2987758295641196        6.4870652813952745        32.924626202167133        2.5000000000000000                1
   6.1460645970461467        7.6353978928435735        10.692998050336781        2.5000000000000000                1
   7.5560251980788946        5.6257448491951347        7.1769883079972701        2.5000000000000000                1
   6.2329042926000584        7.6526132414900765        28.562480188218824        2.5000000000000000                1
   3.8163539625197993        5.4082016206046601        7.3185488847096307        2.5000000000000000                1
   5.3854651154195086        3.7895886049273875        25.130732373008406        2.5000000000000000                1
   6.1226062940453598        3.8341561773351520        34.640389702329642        2.5000000000000000                1
   3.8313241191744645        5.4526632613385306        13.948496250948933        2.5000000000000000                1
   5.1918370908495026        3.8578191332013114        33.157391597805805        2.5000000000000000                1
   3.8650220887457629        6.0225125074382397        35.657018038080992        2.5000000000000000                1
   3.9028525989736589        5.1736038725861286        32.261836090909696        2.5000000000000000                1
   4.9780864524701638        7.5766009763290834        19.322111101453356        2.5000000000000000                1
   4.1195516247875412        4.7205281589834192        26.001022349000451        2.5000000000000000                1
   6.4786494848530438        4.0744011594900025        1.4499404594147924        2.5000000000000000                1
   6.0686884124177274        3.9517437313364026        33.646550343909631        2.5000000000000000                1
   6.1622307173311217        7.6762557442755632        2.6195228335925078        2.5000000000000000                1
   6.3308743739862345        3.9699942857201482        20.007264755740085        2.5000000000000000                1
   5.2842617331115163        7.6240863630806137        4.0784396736182869        2.5000000000000000                1
   4.3836575783739482        7.1090712801299674        29.397359722362623        2.5000000000000000                1
   3.8478271506387491        6.1661554305713704        10.740642812075766        2.5000000000000000                1
   5.9950339474161867        3.8096275352477038        31.633015551334353        2.5000000000000000                1
   7.6421299046462012        5.4706213162708117        5.3622548181963694        2.5000000000000000                1
   5.9272478752314735        3.7685723577348686        13.644350059207817        2.5000000000000000                1
   7.2788557849480693        6.9617641205767677        27.622202690462856        2.5000000000000000                1
   3.9804304965131352        6.6062888526306089       0.96769015902697719        2.5000000000000000                1
   7.7073085131787860        5.3800607842868979        2.2956892689008010        2.5000000000000000                1
   7.3652615035052618        6.7794392162642749        34.380444151282603        2.5000000000000000                1
   7.3333724977500534        4.5664551400385438        23.330519482275879        2.5000000000000000                1
   4.3419413146019101        4.4106310038969898        30.844198437716550        2.5000000000000000                1
   7.4354528482611970        4.6876595465185593        12.665798318095938        2.5000000000000000                1
   7.7207150020891122        5.5239778526964942        13.156312022052802        2.5000000000000000                1
   5.3007087453842594        7.3423107573309743        13.174321939356473        2.5000000000000000                1
   4.0898088796706968        4.6614089926904088        4.9372634571582852        2.5000000000000000                1
   7.7389655382474061        5.5963971955453626        14.174940722745614        2.5000000000000000                1
   3.9609814321871362        4.9438690798254159        37.163418686187818        2.5000000000000000                1
   4.8125952912716654        5.5461046740552913        11.177376422431278        2.5000000000000000                1
   6.1997130576667674        7.5366586694780970        4.6627344511040576        2.5000000000000000                1
   6.6778728384616413        4.0031243051783454        17.215591313788021        2.5000000000000000                1
   7.0057481384456253        7.2834766521725216        29.107736040897510        2.5000000000000000                1
   3.8640853218868796        5.2065182717448328        31.240091953728591        2.5000000000000000                1
   5.5064908276509712        7.6951852058256103        25.991567114596684        2.5000000000000000                1
   4.8240792728818329        7.4677795720954183        37.618776513753481        2.5000000000000000                1
   7.7322514358600580        5.9221609351553282        19.258912991387227        2.5000000000000000                1
   5.1036680920125930        7.5776884540686682        7.9363460516131283        2.5000000000000000                1
   7.4799138924657269        4.7474152354657191        28.790469846931213        2.5000000000000000                1
   6.6203225597780841        7.4884539771984544        20.013302913269168        2.5000000000000000                1
   5.4818693978530666        3.8497914387846586        26.694674211967772        2.5000000000000000                1
   6.3672485818204674        7.6360227962404288        22.549935279668329        2.5000000000000000                1
   3.9232564065938229        6.4228790896167514        7.0856008389536536        2.5000000000000000                1
   3.8276714466856876        6.1570038938557126        9.7147014055760721        2.5000000000000000                1
   5.9165154905587265        3.8209227045927090        10.787820405539456        2.5000000000000000                1
   6.3824923421258752        3.8583800645877888        21.658444786453032        2.5000000000000000                1
   6.8963165558420654        7.3750866942705757        21.582593379476595        2.5000000000000000                1
   4.1868445841705944        4.5140765399458589        15.524740439767664        2.5000000000000000                1
   4.1925631635475584        4.4969874909773138        10.764750351688486        2.5000000000000000                1
   4.2771901375849088        7.0719861547197427        13.137814127393629        2.5000000000000000                1
   7.3381749732587966        6.8379518577351188        36.398712909748014        2.5000000000000000                1
   4.6383669080025047        4.1013331284784300        39.617631670030249        2.5000000000000000                1
   6.8369882740559431        7.4182066113346306        31.904060755895436        2.5000000000000000                1
   3.8980851234126597        6.4214826305532018        5.0233670728674156        2.5000000000000000                1
   3.8856674311525996        6.3438912197358750        18.292232459809732        2.5000000000000000                1
   6.8553732341842615        7.3943427007758791        32.911390661080674        2.5000000000000000                1
   5.1242272281498007        7.5858229424966011        30.810171966223962        2.5000000000000000                1
   6.9569620754686206        7.0935894622732878        2.2275775376063720        2.5000000000000000                1
   7.2212405245810913        7.0194134836100170        26.019300342776607        2.5000000000000000                1
   4.7011121653080110        7.4065244688804750        38.638100767681586        2.5000000000000000                1
   7.7300872419118667        5.9832597159172662        35.907109899261542        2.5000000000000000                1
   4.1441263987685222        6.9102451450645503        37.114847189161075        2.5000000000000000                1
   5.5179728767217542        7.6609469407589170       0.17291572941180636        2.5000000000000000                1
   7.6408571020795062        6.3449341935223593        2.9074305553233049        2.5000000000000000                1
   4.4858977902144597        7.2221007726782576        5.4308632760259679        2.5000000000000000                1
   5.4706427873370780        3.7747104938206242        39.073260309640524        2.5000000000000000                1
   5.0874346459444633        4.1058730631791063        30.246438480067532        2.5000000000000000                1
   4.0750523714830020        4.7021249693151592        22.567903181953909        2.5000000000000000                1
   4.9169253073155694        4.0049710993109029        14.959578515364967        2.5000000000000000                1
   6.9441023706862790        7.3394263082696032        19.071878032831172        2.5000000000000000                1
   7.2510337333235668        4.5591888733472556        2.8706870816446126        2.5000000000000000                1
   6.3351803207018609        7.5863038122785014        11.738335644270936        2.5000000000000000                1
   4.2287319725170649        4.6012750257808248        28.756018711126046        2.5000000000000000                1
   7.7199689423939644        5.7455426369795903        15.691689782784167        2.5000000000000000                1
   7.0024778417896094        7.2609621296627900        16.133056989390351        2.5000000000000000                1
   5.9004181051062687        3.7772870429371403        22.531062962303036        2.5000000000000000                1
   7.3467616618788893        4.5692625928436978        26.890879628211355        2.5000000000000000                1
   7.5573562468891753        6.5718111423796115        23.307282789366667        2.5000000000000000                1
   7.5951254427989250        5.0268778112323727        31.044079250843243        2.5000000000000000                1
   4.0312368316723450        4.7722662912729019        17.581297903273075        2.5000000000000000                1
   7.7294142308826395        6.0304455566045174        18.248937288338951        2.5000000000000000                1
   7.7015713366533012        6.0881236146831075        20.760220294037442        2.5000000000000000                1
   5.3893178578879741        7.6920902015033654        14.122602080177092        2.5000000000000000                1
   4.0878081319539374        4.7094400653929309        1.0429031799303548        2.5000000000000000                1
   5.8662174274002945        3.7551154109306708        12.573678506455462        2.5000000000000000                1
   5.8733691423996452        3.8392700607844867        14.665175753575353        2.5000000000000000                1
   6.7159231636349315        4.0556321536119331        28.246182169579860        2.5000000000000000                1
   7.3336481012273822        6.9039507495024139        37.434213680104712        2.5000000000000000                1
   4.0340495407438777        6.7471382105227837        25.907086216953932        2.5000000000000000                1
   7.5968359170357260        5.1377471564153145        37.445197961878449        2.5000000000000000                1
   5.7078562863117979        3.7747813600750226        17.531723673299286        2.5000000000000000                1
   4.4233203304434312        4.2548432871210249        21.725445615313124        2.5000000000000000                1
   7.0430819687278943        7.2274539123465980        15.128854571211516        2.5000000000000000                1
   3.8048363137419887        5.8265003084872298        37.712765664019201        2.5000000000000000                1
   6.4755491439088155        7.6046278419547857        39.745417373987131        2.5000000000000000                1
   7.4996840018249804        6.6035817504724381        16.737169001912079        2.5000000000000000                1
   6.9900975598959691        4.1867686387677114        33.971604933506072        2.5000000000000000                1
   6.7536183223252451        4.0803903354365305        30.081023760749627        2.5000000000000000                1
   7.2080996683004104        4.3933331605740475        38.927258626156906        2.5000000000000000                1
   6.9792682179586150        5.0324788728438792        9.6976613702484507        2.5000000000000000                1
   7.6354895760668819        5.8652447358145752        34.012746597220520        2.5000000000000000                1
   4.2902207451186714        4.6514733460675330        6.8250455100472029        2.5000000000000000                1
   4.5058159319897175        4.1970981725973893        37.609817779404629        2.5000000000000000                1
   5.8558725586615328        3.7861627022383084        7.7692695081724779        2.5000000000000000                1
   4.7856419455219381        4.0600712093910696        1.4851341646805756        2.5000000000000000                1
   6.7771893038336604        4.0677301130016463        6.2997407907254805        2.5000000000000000                1
   6.4031722731354401        7.5966496905449894       0.82045742169774927        2.5000000000000000                1
   3.7893346738711076        5.4921442235036846        16.652048398006272        2.5000000000000000                1
   5.6946586349272978        7.6128075849293309        38.153230486863073        2.5000000000000000                1
   4.5420479460003040        4.3479826720879808        25.023437710934068        2.5000000000000000                1
   4.6526439408446487        7.4165727655930089        25.458362050768368        2.5000000000000000                1
   7.0733887395946331        7.1193959648123064        11.075835070062123        2.5000000000000000                1
   4.4260487564209061        4.3515207680692125        20.082889918185160        2.5000000000000000                1
   7.3011929897321579        4.7022720856860500        8.7336611817621979        2.5000000000000000                1
   5.0141140691269408        4.0124337544158193        12.047367907916682        2.5000000000000000                1
   7.5000046521033106        6.5066892035025887        33.159542011919875        2.5000000000000000                1
   3.8658475384437989        5.7158493033122477       0.49354164793075922        2.5000000000000000                1
   3.8453498827976151        5.1420155134922130        36.152330025277635        2.5000000000000000                1
   7.5386032039817481        6.5057530223759379        21.738391763363005        2.5000000000000000                1
   4.8242512849425667        7.5099221924752957        33.810990085019213        2.5000000000000000                1
   7.4314213763183261        5.2356962703214061        38.430401258947960        2.5000000000000000                1
   5.4857499007351498        3.8237863580456257        7.5423939281327332E-002   2.5000000000000000                1
   4.9161131635143747        7.5423867680668373        34.811596938610464        2.5000000000000000                1
   7.0831910126058952        4.3458795325539654        37.074523204175776        2.5000000000000000                1
   6.4593689096967655        3.9391087766650292       0.43723591110446736        2.5000000000000000                1
   4.9765737831188464        3.9227876828437100        24.227451593391258        2.5000000000000000                1
   4.2099491708602592        6.9865792761070731        31.344912664886873        2.5000000000000000                1
   6.8932971965507450        5.6243608022164597        29.125218527412812        2.5000000000000000                1
   6.9638364410159550        7.1133116868200972        3.3273616019235357        2.5000000000000000                1
   6.8812683835624506        7.3939102629177995        13.585929990845337        2.5000000000000000                1
   7.5829420555187328        6.5345537330896439        6.7028537586635464        2.5000000000000000                1
   4.0669981873421106        4.7203056251703073        2.0445190614599613        2.5000000000000000                1
   6.0045908825041350        7.7309521249677688        19.209255971094489        2.5000000000000000                1
   7.1228173449753056        7.1743742546514966        12.208184698545102        2.5000000000000000                1
   5.3551362639287756        3.8265553013638471        38.076818548074826        2.5000000000000000                1
   4.5391800775967148        7.2506795513683793        14.590075387900667        2.5000000000000000                1
   4.0424641293918686        4.7410305585123025        20.920592385687645        2.5000000000000000                1
   7.3705413218622029        6.6460167443800344        8.6198253698928564        2.5000000000000000                1
   4.4270969736356456        7.2094330686761623        18.423047606929625        2.5000000000000000                1
   3.8881508690331792        6.4398670438929502        27.908309322935413        2.5000000000000000                1
   4.5720773657028175        4.1544292106336966        38.619798335088781        2.5000000000000000                1
