     1000000
           1
  0.10000000149011612     
   3.0935593874311080        5.8094826978793819        39.206555448933926        2.0000000000000000                1
   3.0730536717209924        7.0368382111401555        19.487379952413967        2.0000000000000000                1
   3.3540705590032869        5.1001483289210015        14.726603692592455        2.0000000000000000                1
   3.0880300905027815        5.8300818101634517        35.107124978935701        2.0000000000000000                1
   8.0491860991417603        9.5790579172523618        38.933386558973027        2.0000000000000000                1
   3.2440338001130078        7.2711328039111347        6.3348130316761617        2.0000000000000000                1
   5.8988217437551675        9.8996572320614362        2.5668142580409068        2.0000000000000000                1
   3.3342856881576988        7.9600479471876548        2.3326809997549902        2.0000000000000000                1
   4.7318634098283834        8.0125142774353986        26.419043095853745        2.0000000000000000                1
   8.2931251101956605        3.6526534025511248        3.6978232930922292        2.0000000000000000                1
   8.6780712646396765        8.9689953750220326        23.117141785642605        2.0000000000000000                1
   5.4394692022795263        3.5642497679805833        33.280591626901263        2.0000000000000000                1
   6.6010533350266503        9.9737142961140641       0.37006655883734063        2.0000000000000000                1
   8.7629313094044772        3.8384012878397318        28.913040950739529        2.0000000000000000                1
   7.9034562925798282        5.5263615668558241        32.176839952538636        2.0000000000000000                1
   7.5185635306610212        9.5570522812228589        36.226969148210216        2.0000000000000000                1
   4.0203573534651564        4.3293567618944930        14.472074018007017        2.0000000000000000                1
   9.3388498818672421        4.7183599895113817        28.873509414837081        2.0000000000000000                1
   7.8657971015234924        7.3068540712840075        38.112912856768098        2.0000000000000000                1
   4.8361623124015667        6.3762384173911579        9.1147897850560273        2.0000000000000000                1
   4.0323545139604740        8.9226945533380029        29.167802060067686        2.0000000000000000                1
   4.0256186924931363        4.2855715748877898        16.507250148782216        2.0000000000000000                1
   9.5554918054699236        5.0756208839647377        8.4025510049941481        2.0000000000000000                1
   4.8131727410545846        9.4905137530478427        11.163098357976777        2.0000000000000000                1
   7.5987620583621815        5.3974344268964600        25.781203970347331        2.0000000000000000                1
   5.2965603158650412        7.5795833211961563        20.792663010193241        2.0000000000000000                1
   3.4709551121921405        7.9264164819847460        4.4050090878655066        2.0000000000000000                1
   6.9691226126458066        9.7384004610310324        7.6103390778927578        2.0000000000000000                1
   5.8403401934510786        8.0219163419067989        7.7660358604907556        2.0000000000000000                1
   6.2114167837908516        7.9714636918533044        12.615124395248964        2.0000000000000000                1
   7.6002817037894657        5.3653829114885836        21.291151009225580        2.0000000000000000                1
   6.0194139720516651        3.0746244144004402        35.650618596296965        2.0000000000000000                1
   3.3069880690527058        7.3191581695584267        37.079139751785625        2.0000000000000000                1
   5.4768562053601260        9.6746321276843599        9.2463088881024031        2.0000000000000000                1
   5.6830006702141409        5.3117603157638156        6.9544396703623725        2.0000000000000000                1
   4.1647775596400747        4.0268574869377325        35.257308380992932        2.0000000000000000                1
   8.0485250885713295        6.3944313070219394        11.527383293233392        2.0000000000000000                1
   9.9824696729143163        6.7507966522015748        16.819441265186690        2.0000000000000000                1
   6.2423139439562645        3.1417792802055549        30.839557259201175        2.0000000000000000                1
   3.7707972141013468        4.7150077588732922        32.903220776930162        2.0000000000000000                1
   8.0571120964051772        7.1126228709752324        24.853690334652612        2.0000000000000000                1
   9.7874579885818100        5.9169507905098477        35.246550184368289        2.0000000000000000                1
   8.0906162380614397        9.5096336645264685        5.4257972956960776        2.0000000000000000                1
   5.3970936578356721        7.6556785705793677        3.4872370253441294        2.0000000000000000                1
   6.1368928244301646        3.1054108777884735        39.855664114468425        2.0000000000000000                1
   9.9506912679816644        6.0200255952547339        39.856508354332057        2.0000000000000000                1
   7.8800952458449451        3.3165087287477690        16.277717415220565        2.0000000000000000                1
   8.2539115653934747        8.0454228989348895        35.087230316073871        2.0000000000000000                1
   6.2256110151213724        8.2385945454832310        37.125755837649258        2.0000000000000000                1
   5.8698674977306178        9.8994838630373625        29.840768732147978        2.0000000000000000                1
   7.4480444705747315        3.2332673938474104        24.818519775047452        2.0000000000000000                1
   7.6447557485254798        5.6931246210450261        36.945852346566824        2.0000000000000000                1
   7.6079802949228110        5.2169603494047152        5.1205766517852176        2.0000000000000000                1
   3.0068844504598635        6.3177748649989480        23.105423957799140        2.0000000000000000                1
   4.9983233825978042        9.3970895453114203        4.5161789733440036        2.0000000000000000                1
   9.9786094532078362        6.8266357245645972        37.751726402909760        2.0000000000000000                1
   5.4196606756464600        9.6363911712117343        31.880958688431505        2.0000000000000000                1
   9.6095664675602421        5.1493758470434372        31.080828239217684        2.0000000000000000                1
   8.1958282889292811        7.1982820710722315        9.4403557068625759        2.0000000000000000                1
   6.2847268584890132        7.6269058334503086        3.9641125318644215        2.0000000000000000                1
   6.0439679941161293        6.9924777278254746        20.305586888584983        2.0000000000000000                1
   5.5434198889431245        5.1308398280812524        4.7272329759427612        2.0000000000000000                1
   4.7989319944930919        3.4512313871993445        16.597556974345324        2.0000000000000000                1
   5.1375633417997753        9.7066430464292512        17.567161608198269        2.0000000000000000                1
   5.8040804068155598        7.8811716500887083        16.720503199340641        2.0000000000000000                1
   5.4093053505376760        7.6551892520278990        38.975372697202680        2.0000000000000000                1
   3.2960618343702550        5.1941988484799611        1.3549802917526024        2.0000000000000000                1
   5.0798100685300804        5.7201612002328952        35.891914676176498        2.0000000000000000                1
   6.1031696178200390        9.6113112589582848        4.8805565226592984        2.0000000000000000                1
   5.0472619377873151        5.8029645504655099        2.3516222141304493        2.0000000000000000                1
   6.8897824563690246        3.0796149948759308        16.362732258140063        2.0000000000000000                1
   5.4968179616332433        5.3091832699529347        25.933916605675780        2.0000000000000000                1
   3.3132999476072613        7.9134387378682414        39.543993408898004        2.0000000000000000                1
   6.2619840334902550        3.2317796791038829        11.970732724270709        2.0000000000000000                1
   3.1945771265520464        6.1632897447913608        17.578528464724577        2.0000000000000000                1
   8.1941665481436257        6.1239930346692093        9.5449879338317505        2.0000000000000000                1
   4.8103492449979326        3.5136363357431057        25.110243072038710        2.0000000000000000                1
   6.0750711972549567        5.4950500846314814        2.7521287007155335        2.0000000000000000                1
   5.5230697231571888        9.7936035051539196       0.18097713459310510        2.0000000000000000                1
   6.7896303882813172        5.0991610030420800        6.9470226476697148        2.0000000000000000                1
   5.6936659304977839        9.6304315351042433        23.644346698202767        2.0000000000000000                1
   9.7095011775225561        7.3190882174100906        12.612189739923108        2.0000000000000000                1
   6.0628243579866599        7.8241823084611548        14.674586995904653        2.0000000000000000                1
   3.4524854140262593        4.8199107589248253        35.079815415252966        2.0000000000000000                1
   7.4603277212653012        5.1408358426266041        29.983594138504241        2.0000000000000000                1
   3.3447608474157642        7.9386495774448225        32.993360888454241        2.0000000000000000                1
   6.4123673633944192        9.7656670171240965        13.700433259401434        2.0000000000000000                1
   9.4044169949687699        5.0044898951011785        39.690168265656041        2.0000000000000000                1
   9.9529526022079313        6.1274858925430475        4.0461717840261580        2.0000000000000000                1
   5.2293152864436623        3.3782406388189745        12.123187511744115        2.0000000000000000                1
   9.7246257758209804        7.1613128986761962        21.349393878511862        2.0000000000000000                1
   6.7628727429929238        3.2716894163768453        14.306004949422841        2.0000000000000000                1
   6.0614592012460182        9.9212673375609128        7.1140987503379378        2.0000000000000000                1
   9.2049882595839776        8.4632194250995578        27.550215799903423        2.0000000000000000                1
   7.5383869141370878        9.7964683974767706        27.673499624543098        2.0000000000000000                1
   7.2920673604035642        7.9272655919862300        4.1224460139122669        2.0000000000000000                1
   5.2210759036433592        7.5547045731815095        1.3668107293994958        2.0000000000000000                1
   6.6001032927042411        9.9438389559599507        36.046166615088808        2.0000000000000000                1
   9.8668575337485223        7.2871035643383264        39.993946034294012        2.0000000000000000                1
   8.7870887473795882        9.1345130765499167        3.4992868756726074        2.0000000000000000                1
   7.1478696930921499        7.8046754444027826        6.1752681154042550        2.0000000000000000                1
   5.5073533668457415        3.1483076892418631        3.2723370475307134        2.0000000000000000                1
   5.0568902331501606        3.4064781416396119        35.271415167520118        2.0000000000000000                1
   4.6729396677960882        3.6225733593817093        9.8291743202395949        2.0000000000000000                1
   9.7491081397136981        6.8848119271355372        33.335481440030527        2.0000000000000000                1
   7.4824356282578419        9.5716188315495749        31.912163242348061        2.0000000000000000                1
   5.7615061224504514        6.2662497706169527        26.082531159685050        2.0000000000000000                1
   5.3665191091764690        5.3274014255839077        13.348467162928316        2.0000000000000000                1
   7.1010031203261876        3.1698440611090786        35.559090837594113        2.0000000000000000                1
   3.7676164463830788        8.6339275424861732        31.145615590069326        2.0000000000000000                1
   6.3539871588767305        7.2205406679399307        8.0876880902631108        2.0000000000000000                1
   9.8442352392229839        7.1357111058746510        6.2580825221240763        2.0000000000000000                1
   7.8459981664595757        3.3201464394086866        29.111404011516324        2.0000000000000000                1
   7.2601143613354289        3.1497577879439329        31.055626215382549        2.0000000000000000                1
   9.7481493865143829        7.6738196074607190        10.623513223829555        2.0000000000000000                1
   7.3111486885381591        3.1750236116935460        12.232166519740934        2.0000000000000000                1
   3.5191479096789173        4.8144096286013447        8.6316246559014491        2.0000000000000000                1
   6.0699056460809002        7.2466332676854393        37.083215570581018        2.0000000000000000                1
   4.2678622741700325        6.8179107205429625        24.863681278927675        2.0000000000000000                1
   8.4647823962889603        9.2653645413761847        10.028558331566611        2.0000000000000000                1
   6.1884817393120031        9.9760809139044060        38.277500489259481        2.0000000000000000                1
   7.9701998258394440        7.5045129515853040        11.552003018896118        2.0000000000000000                1
   6.1019338074840910        4.8645142511604949        17.443219811502182        2.0000000000000000                1
   7.2132190043650741        6.0582008475537723        27.807360413919664        2.0000000000000000                1
   7.3501296360875852        7.8554171729654794        2.0849480440609116        2.0000000000000000                1
   4.9682908399217096        6.0407625338105708        7.1080255623953033        2.0000000000000000                1
   8.4399776696167130        9.2858099862174228        36.798195129158522        2.0000000000000000                1
   4.9875483339986841        6.6849675608876034        22.655996314534335        2.0000000000000000                1
   9.7667697329517438        7.4209814130820790        4.0225817402438055        2.0000000000000000                1
   4.5238561799483605        9.1940789911391079        13.149221267170430        2.0000000000000000                1
   6.9536021019253713        9.6685877223026075        2.8889758605410738        2.0000000000000000                1
   7.9354323537456146        7.1044342932336617        29.541778060520080        2.0000000000000000                1
   4.0713210722706998        8.8999577576217703        2.4555775898047072        2.0000000000000000                1
   8.9990256231528925        8.8339444375139671        19.095613517827285        2.0000000000000000                1
   9.7488884756201095        7.6527845366752558        1.9743312394962460        2.0000000000000000                1
   7.4029358974673602        5.9729940545361586       0.57021572619789829        2.0000000000000000                1
   9.5818242370716575        8.1158433205285316        30.190192480729724        2.0000000000000000                1
   6.8062067882237383        4.8209629368261702        3.0033352731420369        2.0000000000000000                1
   9.5574480369653507        8.1763122069083849        6.0691917717502442        2.0000000000000000                1
   7.8934965264051318        5.7778437733108214        15.552843647359959        2.0000000000000000                1
   8.0388020825543727        9.5574197493882611        29.941767582032288        2.0000000000000000                1
