     1000000
           1
  0.10000000149011612     
   11.035921112761478        9.3472117498100840        33.546003614167653        3.5000000000000000                1
   6.6786124016239210        5.7128577273155772        9.2312032674261157        3.5000000000000000                1
   11.138314873628003        7.7057662318885454        31.985676217591749        3.5000000000000000                1
   7.4064759227704311        11.110783077283795        1.0906463761020451        3.5000000000000000                1
   7.4406009624644813        6.4520227724700030        39.882901243847229        3.5000000000000000                1
   10.807602784504732        9.7333998846190433        18.264617744667500        3.5000000000000000                1
   7.1986065535872301        5.5125204377813608        15.533892480606587        3.5000000000000000                1
   7.9027318158595934        5.3368395820975598        26.613380574686733        3.5000000000000000                1
   9.6346882679132761        10.882735686184869        21.990092752586957        3.5000000000000000                1
   6.3095930743125095        10.502777498785724        6.4865810470372987        3.5000000000000000                1
   6.3195186272476178        9.0828316728511655        22.760029634786228        3.5000000000000000                1
   10.974263856069054        6.9958427373937955        37.648377147139158        3.5000000000000000                1
   7.9205150086599119        5.2778996232796880        31.392206981673901        3.5000000000000000                1
   5.8575797672434291        6.5862701525734488        18.874186031137743        3.5000000000000000                1
   9.0891311292768950        11.115570420467622        9.2694166893256735        3.5000000000000000                1
   10.267043344700070        6.0708052974179756        32.289503337510865        3.5000000000000000                1
   10.180200126333906        7.7139095666080371        13.477307486154709        3.5000000000000000                1
   9.5713739231821631        9.7236535200030723        9.6039109390253721        3.5000000000000000                1
   10.059019685609464        9.5062752333266420        33.831257403078304        3.5000000000000000                1
   11.080615708283446        7.2834370277324609        19.450685587771666        3.5000000000000000                1
   8.9944044971666326        10.205700318696229       0.23902255816121515        3.5000000000000000                1
   5.5599728033225748        9.5768484259967011        18.767673303344889        3.5000000000000000                1
   7.4400338286103480        11.069742719997672        5.9313102314052557        3.5000000000000000                1
   5.4676485582709011        7.1602458743603661        7.7534526357705733        3.5000000000000000                1
   5.6362123979151910        9.7161147124322564        8.8360259406431876        3.5000000000000000                1
   8.3222102023316449        11.208837027843098        27.308001708222061        3.5000000000000000                1
   11.091165666247830        8.9036472649642828        14.070806661995624        3.5000000000000000                1
   11.148474219513838        7.5065080266855730        34.074060160210486        3.5000000000000000                1
   11.208432324766486        8.0347849644859242        33.197306606436271        3.5000000000000000                1
   10.848366460981861        9.6569322793661971        8.3426047879206280        3.5000000000000000                1
   5.4517750225337487        7.3115409044084805        33.070306189959005        3.5000000000000000                1
   10.788548408033401        9.7009971533515067        13.416542934505642        3.5000000000000000                1
   10.554744567359624        10.151839573139648        17.353949113762479        3.5000000000000000                1
   6.1680979626371464        8.6050965455225406        33.390213469892458        3.5000000000000000                1
   5.6790755277251010        6.9996592058506488        17.425856651126491        3.5000000000000000                1
   6.4114015356092171        9.0238672616362852        17.908231700547923        3.5000000000000000                1
   10.178186997974040        10.421778727312946        5.9499169465092283        3.5000000000000000                1
   5.2801456276662204        8.0069047151192692        22.094932641042298        3.5000000000000000                1
   7.8952866776362853        11.055124021445909        9.6330795717232327        3.5000000000000000                1
   9.2384669782878994        5.4486102657411761        1.6185669288274749        3.5000000000000000                1
   9.9452851695099120        10.687316145171312       0.24819113403327869        3.5000000000000000                1
   6.4560324733304828        5.9617521590900484        6.4863793510149543        3.5000000000000000                1
   6.6976584540151194        9.8075021108884073        22.168971636252333        3.5000000000000000                1
   6.6995146711266500        6.7790384708055242        9.3239681084337303        3.5000000000000000                1
   11.240930289382366        8.3335192745079993        19.792791099164159        3.5000000000000000                1
   11.117482600230044        8.8946435211192494        37.320230760662810        3.5000000000000000                1
   5.5837732658354229        9.5904234857347408        13.915986998572924        3.5000000000000000                1
   7.0383196343879675        10.884834841064340        37.388125244077671        3.5000000000000000                1
   6.2552018664091413        10.460710307567082        27.996617687476252        3.5000000000000000                1
   5.6126300746363809        9.5100217003321141        6.9464433899210105        3.5000000000000000                1
   9.4716260295786707        5.5246656354600523        6.6212433301961724        3.5000000000000000                1
   6.9632788790278983        10.923210282776939        30.573864565776269        3.5000000000000000                1
   11.087406789716040        9.0446329521300122        2.3011171555645755        3.5000000000000000                1
   9.8697373603562273        7.7459365216245226        33.127576730892180        3.5000000000000000                1
   7.8049967844744215        11.126508109628491        31.251797957079674        3.5000000000000000                1
   6.9318777401757394        5.5698515769042718       0.92722048439212168        3.5000000000000000                1
   10.343465436462902        6.1102847341629438        2.1751618168367539        3.5000000000000000                1
   10.069575173985051        9.1296599213978062        18.985285983923863        3.5000000000000000                1
   11.054569499484789        7.6419134991730946        36.883998264739255        3.5000000000000000                1
   9.9127639114727675        9.4026454531095087        38.922049751618083        3.5000000000000000                1
   5.9915298450279098        6.4017008648749449        28.557472090848808        3.5000000000000000                1
   5.2699322061324372        8.4070184697785244        19.183525330973549        3.5000000000000000                1
   7.1888009340356502        6.5273095946812258        15.412941261744868        3.5000000000000000                1
   5.4026763480660289        8.9373306870643905        17.923779237331090        3.5000000000000000                1
   5.3737821838554609        9.0717541427921642        3.2603339036036454        3.5000000000000000                1
   11.142779311652523        9.0410425639104979        9.1233511956800584        3.5000000000000000                1
   6.3745111094638993        5.9213390393238878        29.823962546181967        3.5000000000000000                1
   6.0461784473999298        10.022347530512901        35.900813950529233        3.5000000000000000                1
   10.220039383781319        10.452886241685327        10.831589729221255        3.5000000000000000                1
   9.3084815513361114        11.012089484493064        29.632410367533794        3.5000000000000000                1
   8.4352168032673358        11.207803465107281        10.523349870243026        3.5000000000000000                1
   9.2270096265585977        5.4467757644301793        36.921823053242740        3.5000000000000000                1
   11.222699137902506        7.9171202092632944        6.6131940679711274        3.5000000000000000                1
   6.0117468282061512        6.2812990319938509        5.4186128438169634        3.5000000000000000                1
   9.3355285730158215        10.966916710804684        24.701694985092374        3.5000000000000000                1
   11.204786655331764        7.9467679093690968        23.468802689784290        3.5000000000000000                1
   7.2610284480861260        9.9655170847466401        1.3882088674925492        3.5000000000000000                1
   5.3177251779885841        8.3664329131310495        14.149218645392256        3.5000000000000000                1
   8.3031287573943970        10.276372897172287        30.890551101674173        3.5000000000000000                1
   10.177555155753703        7.7104284449140135        37.813967573787110        3.5000000000000000                1
   11.028202744212734        9.1505204905707469        23.836993776906287        3.5000000000000000                1
   10.800334117594652        9.6999149729695393        25.074563269249900        3.5000000000000000                1
   5.3005841002685452        8.4110805496445682        12.140429481778364        3.5000000000000000                1
   10.825487732573379        9.7296185144528273        30.015584799632546        3.5000000000000000                1
   7.3664929993421708        5.4163502225969431        37.228735154262139        3.5000000000000000                1
   5.2726416310765849        8.1448887840356061        28.971019209251093        3.5000000000000000                1
   6.4454199659384859        5.8647891068890408        39.530296149976515        3.5000000000000000                1
   6.5918033568625880        6.9164729054680416        39.523713909501922        3.5000000000000000                1
   6.6635350607909043        10.736328616847716        19.202484353467796        3.5000000000000000                1
   8.5749450026737648        6.6833009066854085        1.2800345887490074        3.5000000000000000                1
   11.246480740032826        8.3670473373693515        10.165114954867276        3.5000000000000000                1
   5.2697485316654786        7.9137965628669518        38.763463060050313        3.5000000000000000                1
   10.947876629640570        9.4578797049087040        38.436208141014895        3.5000000000000000                1
   6.6056108680399959        10.694264291009988        26.923263345085445        3.5000000000000000                1
   10.084744451196903        10.588236138606632        25.491443285744264        3.5000000000000000                1
   6.5797887226886287        6.9877058089723834        29.578178533263564        3.5000000000000000                1
   5.3789700469838708        9.0769413827076537        13.074412670897521        3.5000000000000000                1
   5.5561873738703262        9.4098847928764791        16.683810872257315        3.5000000000000000                1
   10.786364838167675        9.8447656261582850        34.910956620525710        3.5000000000000000                1
   8.6493156990770395        11.145574793050887       0.53471079235649421        3.5000000000000000                1
   7.7986779293001751        5.3752537900085580        21.647456609261152        3.5000000000000000                1
   9.0227554256084250        10.219113417189554        35.535716566213409        3.5000000000000000                1
   9.2836906758274154        9.9159439475945845        34.418297359647411        3.5000000000000000                1
   6.0593718341732128        6.2135553794919840        8.1762622244893173        3.5000000000000000                1
   5.4969893618609076        7.3181573774648516        2.8942804189210007        3.5000000000000000                1
   11.139158727340099        7.8350730417005412        13.741114541367725        3.5000000000000000                1
   7.2434938488245724        11.071962688214843        18.035769285492851        3.5000000000000000                1
   10.176439657060925        10.488484775882048        3.7852951192878193        3.5000000000000000                1
   11.157177986674439        7.7354343812248478        1.7477807856369181        3.5000000000000000                1
   8.8219403906621654        11.174155266342852        30.921305760502179        3.5000000000000000                1
   5.4753774581124874        7.4707294751135906        28.136224583702646        3.5000000000000000                1
   9.0564685634145867        11.131437927066155        4.3970491818869499        3.5000000000000000                1
   6.3675204863378152        7.8371484502792166        28.992151149779904        3.5000000000000000                1
   8.0736698329938701        10.372793104691441       0.80473172635632473        3.5000000000000000                1
   7.2532068364831357        5.4358699112477034        20.522892422338405        3.5000000000000000                1
   10.509332186805546        10.205701251978359        26.429635497126306        3.5000000000000000                1
   5.8871001625685553        6.4307616008253925        30.534042531450837        3.5000000000000000                1
   9.1239852770674297        11.032463362434994        39.475984512400437        3.5000000000000000                1
   6.1995698362502472        8.8852422925103838        12.207381163930778        3.5000000000000000                1
   9.3383578848165438        5.4949305388032013        29.879906792662020        3.5000000000000000                1
   7.0021240521280887        5.5430543356124646        5.6553788465057515        3.5000000000000000                1
   8.4633708496655213        5.2859007387849148        15.936618511419601        3.5000000000000000                1
   5.9112356299650228        6.4018369711012468        23.649325510206687        3.5000000000000000                1
   9.9261370607573784        5.7661780509987874        3.0470956150845803        3.5000000000000000                1
   10.257057362375571        6.0593840023911589        37.281677689605871        3.5000000000000000                1
   8.1679606986627871        10.251442140890664        5.8244504062315086        3.5000000000000000                1
   5.4768347091416221        9.2940635472382276        26.543542244090997        3.5000000000000000                1
   6.9194878683618954        10.911331799199614        12.197030034324353        3.5000000000000000                1
   7.8008072881315522        5.3035032221214697        19.694040133037593        3.5000000000000000                1
   6.4265604663091924        10.625565554255029        36.629132700621547        3.5000000000000000                1
   10.475020604390558        10.096089999336707        14.511162132453766        3.5000000000000000                1
   7.9949597150540139        11.130951604979725        11.734930181739118        3.5000000000000000                1
   8.5908202615714977        6.3051183135399738        11.341767798438982        3.5000000000000000                1
   8.0995115590287536        10.368882300867615        35.928624966852226        3.5000000000000000                1
   5.2754359857222717        8.6037637433139462        34.643597477603080        3.5000000000000000                1
   9.1152055436268746        11.117591597783978        26.052310099173251        3.5000000000000000                1
   8.3386922389540583        11.156006738675607        25.255841378953313        3.5000000000000000                1
   6.3237350479976628        10.456768325743962        13.392522892296938        3.5000000000000000                1
   5.3755797767762781        7.5332316042305170        23.369863109054645        3.5000000000000000                1
   11.102132557957065        8.8249637149382405        39.377300478525818        3.5000000000000000                1
   6.9741756125792724        5.6357465030610001        35.793754172866066        3.5000000000000000                1
   9.9764297959936972        7.1100716057625419        7.1451900948416007        3.5000000000000000                1
   11.079767054489411        7.2599367763557447        17.355830386027812        3.5000000000000000                1
   7.2638184132612933        10.041854141758874        36.456540799326703        3.5000000000000000                1
   8.4241767626766570        5.2612895991013504        4.1255597375343989        3.5000000000000000                1
   7.8930056582018446        11.177914845502945        4.6853895857137013        3.5000000000000000                1
   10.833433949287574        6.7998625722595687        22.998639489744082        3.5000000000000000                1
   6.1308363711565343        6.1900910622881922        9.9711038382857158        3.5000000000000000                1
   11.203746992065637        8.1193801993509904        38.073324653684949        3.5000000000000000                1
   8.2442665341009640        11.204362831565071        34.872239232164674        3.5000000000000000                1
   6.8359443738224064        10.838258223467212        17.071448715285786        3.5000000000000000                1
   5.3752480534331353        7.4518758076455933        34.978374953888618        3.5000000000000000                1
   7.1490111950085593        6.4495334035230272        25.189726937925190        3.5000000000000000                1
   7.8899731285564147        5.2861685475434985        36.315588516605843        3.5000000000000000                1
   10.999942584722136        9.4454822949935586        10.428616811623513        3.5000000000000000                1
   10.015307403053692        10.385286611769121        8.8081038115837949        3.5000000000000000                1
   6.3561566960319995        10.558743491486394        8.4766007705237669        3.5000000000000000                1
   10.473662532806360        10.174251665687068        29.180243874850888        3.5000000000000000                1
   6.0288098758370703        10.204682784849282        30.895096873377643        3.5000000000000000                1
   7.2839415925348954        11.060561694320901        10.891800087471832        3.5000000000000000                1
   10.705299984246825        9.8025866402191308        39.776884189233940        3.5000000000000000                1
   5.6927567951434037        6.6815234199908522        16.110804126175530        3.5000000000000000                1
   8.4685419543561586        5.2816272019979200        20.862787527614419        3.5000000000000000                1
   5.7189470953702664        9.8489947121548855        22.463233472212512        3.5000000000000000                1
   10.654368163771155        6.5449886135500961        3.3320652752994504        3.5000000000000000                1
   8.8795642552236966        5.3218121202097084       0.52555446116843996        3.5000000000000000                1
   10.117465333048731        5.9657729446880676        27.507203706993849        3.5000000000000000                1
   6.6842971419710429        10.798866927040558        21.949873834548960        3.5000000000000000                1
   5.5522727626103983        9.4895871366094493        11.727065415754472        3.5000000000000000                1
   7.0706012335499429        6.3564539556814568        20.174650811241207        3.5000000000000000                1
   7.1615179315463227        11.013397878605478        20.733832286771811        3.5000000000000000                1
   7.8040984013889485        6.1379941544622527        10.743113983547110        3.5000000000000000                1
   10.796275308776830        9.7461158007445086        22.966562515994632        3.5000000000000000                1
   5.8456595151992108        6.5975692045835972        25.684538237128464        3.5000000000000000                1
   8.8031961536906227        5.3168199165525287        12.224244527601364        3.5000000000000000                1
   10.148398889929245        10.570793773350962        15.761972271707181        3.5000000000000000                1
   5.4924691450140237        9.4041718540694141        33.447082826337052        3.5000000000000000                1
   7.0505336735803548        10.979913942618328        25.700209172541282        3.5000000000000000                1
   5.2758643907876506        7.9210137949064938        3.6727488669166974        3.5000000000000000                1
   6.3239932096147706        7.6763854633835136        8.7045477206603277        3.5000000000000000                1
   10.076093906334320        5.9063990633814916        7.9247158613099824        3.5000000000000000                1
   6.1042617057002984        8.4872151264447613        38.416652574621992        3.5000000000000000                1
   11.194545817634372        8.6515124093219917        29.548979911285105        3.5000000000000000                1
   5.3770299144106843        7.5047211363270687        18.408006608610783        3.5000000000000000                1
   5.5384690907367107        6.9874844540015006        29.334440584279047        3.5000000000000000                1
   5.8493387725502615        10.001993110428153        12.559585995418967        3.5000000000000000                1
   10.678210037930569        10.008742825537004        4.6695090754079391        3.5000000000000000                1
   5.7168584040222719        9.6298137855136261        1.8903053274606474        3.5000000000000000                1
   7.9593052384938794        5.2974580659999866        24.571795942170500        3.5000000000000000                1
   9.6592706772363481        10.894740603953354        14.930795936216322        3.5000000000000000                1
   8.2256223154286197        11.180273116923416        36.937787395157621        3.5000000000000000                1
   7.6075563766255643        5.3221504499728560        7.1343276411274775E-002   3.5000000000000000                1
   5.5474724315945609        7.3754759380174031        4.9107666883495114        3.5000000000000000                1
   5.3668085096780676        7.7028332220629006        30.047761528339567        3.5000000000000000                1
   10.430911473597693        6.2445839261836751        23.807122284938167        3.5000000000000000                1
   7.4490027760395616        6.3987701942343946        4.7437727354873527        3.5000000000000000                1
   9.9114452942381224        7.0266305551565269        32.395666492652360        3.5000000000000000                1
   5.3335961081994654        7.5781612555732849        13.403924266837118        3.5000000000000000                1
   9.5719937781050568        5.5620266408117818        4.4491461336107765        3.5000000000000000                1
   11.107976200264526        8.4818636681384056        12.772451239072423        3.5000000000000000                1
   9.5860554002367486        5.5784841684965603        21.398750426308652        3.5000000000000000                1
   9.7093374203970040        5.6324776642545276        36.025245302751408        3.5000000000000000                1
   10.967814294456980        7.2845224640549677        12.422246924980520        3.5000000000000000                1
   8.9176544104056141        10.978007673527683        14.232735569628346        3.5000000000000000                1
   11.192240100919879        8.3865327293468859        7.9049224674285501        3.5000000000000000                1
   9.5777505720240708        5.6097703159559194        23.460574244135270        3.5000000000000000                1
   6.1527081787904265        8.3376892754261593        3.2716111353430413        3.5000000000000000                1
   6.1494745253629990        8.3447514933040345        13.063189646843103        3.5000000000000000                1
   10.640130415680606        6.4382916982741580        38.453524019381149        3.5000000000000000                1
   6.2333329719920068        10.420535823220945        1.3984261151897845        3.5000000000000000                1
   7.8203047683268387        6.1786661510579055        5.8292436121347837        3.5000000000000000                1
   8.9178842489074430        10.247309679260495        5.1451471482441127        3.5000000000000000                1
   6.5655809098337192        7.1372441056799234        19.662690939934677        3.5000000000000000                1
   6.0182961875229521        10.245651241699674        21.214862472392525        3.5000000000000000                1
   10.240238648038169        8.5246410766592096        23.723373067170265        3.5000000000000000                1
   5.7298631567189950        6.6886525874189999        9.0354328077776120        3.5000000000000000                1
   11.166438374934961        8.7702342872013670        32.453086611217202        3.5000000000000000                1
   5.9444398938346676        6.6727959345605665        13.776361162559889        3.5000000000000000                1
   5.9214549132141254        6.3667519870901508        33.323869811755927        3.5000000000000000                1
   6.6829576254734908        5.7233800427279871        26.113492037450236        3.5000000000000000                1
   7.7916665498846989        5.3055822935941590        9.7082123526683599        3.5000000000000000                1
   9.6004515000302231        10.662599959078882        17.123806896932759        3.5000000000000000                1
   10.641551959454684        6.4659252514397298        33.502725664566057        3.5000000000000000                1
   7.9916553957331802        6.1779735657435886        20.828373711338536        3.5000000000000000                1
   5.2910786433450960        7.8248920841240306        8.5270901160336408        3.5000000000000000                1
   10.747768510698391        6.6005147870595922        1.2957917229562392        3.5000000000000000                1
   6.2598068763158556        6.0099429086462797        24.840543337559286        3.5000000000000000                1
   10.579952247962140        6.3736881648505026        28.747972389525845        3.5000000000000000                1
   9.1465776731660480        6.4446311589900773        31.956239882787390        3.5000000000000000                1
   11.177313006591147        8.8685209655437340        4.2308825974376543        3.5000000000000000                1
   10.563652012937526        6.3558010942099186        21.732462298711695        3.5000000000000000                1
   6.2289424903639965        10.453895302053450        23.116839645316503        3.5000000000000000                1
   9.8804485433644871        10.765256842965004        30.433433346415015        3.5000000000000000                1
   5.2965419846739081        8.3887455211790716        9.4020087939420680        3.5000000000000000                1
   10.424387920609941        6.2013995678295855        7.0101575105196101        3.5000000000000000                1
   8.0219411647913805        11.150433372578229        39.702473630761325        3.5000000000000000                1
   7.7950059496122419        6.2507602256429360        35.572002070943391        3.5000000000000000                1
   7.3320962515154200        11.094198331232262        13.142956629476760        3.5000000000000000                1
   9.4090065360707662        5.6568307850425938        11.460221862351586        3.5000000000000000                1
   9.9831280320627585        10.697086642677302        35.239975603237603        3.5000000000000000                1
   9.9451579148160416        5.7804635695529649        10.538230844731304        3.5000000000000000                1
   6.3225623643816879        7.5660215200061591        3.9980878249619569        3.5000000000000000                1
   9.9660046836595999        5.7982040500461629        15.556877656052803        3.5000000000000000                1
   10.425580317629061        6.2225513834939443        11.898241760738578        3.5000000000000000                1
   5.6626743061925655        9.7110695402340959        3.9735379673714331        3.5000000000000000                1
   5.4848800137305451        7.1279143402888545        19.659283147867544        3.5000000000000000                1
   9.2664577297695310        11.034129429380672        34.528092683311819        3.5000000000000000                1
   7.3063202917087988        11.072709467362243        8.1607312843461006        3.5000000000000000                1
   6.9910928761337408        10.804983320246274        35.357248253550942        3.5000000000000000                1
   7.4172706515691980        10.205285245876958        26.593526201294090        3.5000000000000000                1
   11.131644595726366        7.8577266984279026        11.508296566862269        3.5000000000000000                1
   7.6125080730714210        5.3196086739174255        35.046150836561630        3.5000000000000000                1
   11.191491398015852        8.3423248587449450        3.0230357502437064        3.5000000000000000                1
   6.6016410601822439        5.8834513637425703        21.279329670976285        3.5000000000000000                1
   10.282684739353693        7.9719288750563333        7.7928531093806086        3.5000000000000000                1
   8.2337182062577963        11.179668795565153        30.069328733477079        3.5000000000000000                1
   10.025974190933193        5.8676043817026757        5.7420260937288123        3.5000000000000000                1
   10.134788341794540        10.525300956402463        13.660494300615166        3.5000000000000000                1
   6.9233958127154827        9.7906888228957740        17.169947795620686        3.5000000000000000                1
   6.3666028062918496        9.3374224263872563        37.915456393961087        3.5000000000000000                1
   6.0626421754098594        10.295830328115041        37.799420317817599        3.5000000000000000                1
   5.3332899037154924        8.0284374480641088        33.804375558591403        3.5000000000000000                1
   5.3069403751401438        8.3718151053547611        37.330031375108987        3.5000000000000000                1
   6.0500869482762507        6.2299448294184536        15.029913764457778        3.5000000000000000                1
   10.588684573231912        10.123092815808713        19.423500103101464        3.5000000000000000                1
   6.7955584882287745        10.789218213745933       0.19383566823114168        3.5000000000000000                1
   11.044534348088606        7.4903527699878909        22.267121287702341        3.5000000000000000                1
   7.9020347377736622        11.195579236157723        16.673405436806281        3.5000000000000000                1
   5.3783326032490812        9.0882029417652319        8.0067731355618381        3.5000000000000000                1
   5.3278399433497530        8.4961138377437422        32.598422181091699        3.5000000000000000                1
   7.8862697791458878        11.177664405251790        21.489220402778496        3.5000000000000000                1
   10.022977909035491        7.0721801435456699        2.2689610216349809        3.5000000000000000                1
   8.3538068017282878        11.199401703276818        15.437107802682872        3.5000000000000000                1
   5.3259705440847487        8.2762182721321373        24.099017042098062        3.5000000000000000                1
   6.1854364253944389        10.388375988372550        18.387188709691625        3.5000000000000000                1
   11.188232419986351        8.7240590181884077        34.417005784436085        3.5000000000000000                1
   6.4328144780789236        9.2363947005813039        7.7549524397695544        3.5000000000000000                1
   6.0708152380268485        10.163240213840668        7.6007095473337865        3.5000000000000000                1
   5.4605527365056146        7.2159739729171575        14.703674848120601        3.5000000000000000                1
   7.5380590954240301        10.159209226086448        21.735192893792703        3.5000000000000000                1
   10.696085559025095        9.8653478844324418        27.882560966740680        3.5000000000000000                1
   10.954790613664398        9.5176939205253781        15.301980893166016        3.5000000000000000                1
   5.4843812516970996        7.2600781125461120        38.014524556814223        3.5000000000000000                1
   10.518497881721460        6.4929565349145903        26.719335046698003        3.5000000000000000                1
   9.0563960353172792        11.107392124332151        21.056643579263326        3.5000000000000000                1
   10.896354076388482        9.5716713488618570        20.289128753537959        3.5000000000000000                1
   5.4600123648989545        7.3160098995198100        9.7799145336030779        3.5000000000000000                1
   11.146249228240833        7.5554047057346745        29.109562362535943        3.5000000000000000                1
   6.6887953004695486        7.1869999328437171        24.684538760264843        3.5000000000000000                1
   7.0340854750468136        5.5119181268333097        10.519377995874201        3.5000000000000000                1
   10.284414235362082        7.9717468351586840        2.7683223966601620        3.5000000000000000                1
   6.9565179992505106        5.5579758748124855        31.010415272224350        3.5000000000000000                1
   8.8549174213901072        10.334374463498053        10.080913618968497        3.5000000000000000                1
   10.035134127457056        9.2375888847229710        29.025343432861046        3.5000000000000000                1
   5.9814436316930060        6.4278656125522113        35.403136325204478        3.5000000000000000                1
   5.8382641439435652        9.9524961184026051        17.550899048155856        3.5000000000000000                1
   7.2604238846843963        5.4252119860686854        13.201203004213108        3.5000000000000000                1
   7.0415905562021948        5.5230632048975572        33.725975111939292        3.5000000000000000                1
   10.371240305008699        8.5372295062228734        33.566102084106532        3.5000000000000000                1
   8.5317665407953385        6.0877643572192239        36.424194913881642        3.5000000000000000                1
   5.3060008155928760        8.7726589526906924        22.855346055791937        3.5000000000000000                1
   10.633633024686954        10.051290866700528        9.6616021116909927        3.5000000000000000                1
   6.0893014317215757        10.314032817626920        26.150942221651459        3.5000000000000000                1
   7.5474389866685776        5.3393043327873464        30.201597737226010        3.5000000000000000                1
   6.1748043785321469        10.344937414139729        16.404561878600393        3.5000000000000000                1
   9.8210967961238644        9.7130954144814439        30.105962486833246        3.5000000000000000                1
   5.7173420693709076        6.6455397699825012        4.0871547336174840        3.5000000000000000                1
   9.3040863762377750        6.5440463309609864        6.6297366449609871        3.5000000000000000                1
   6.6212945491312976        5.8363880617793074        14.201439079773980        3.5000000000000000                1
   9.8523985999697210        6.9628951468073792        27.600396143399685        3.5000000000000000                1
   8.9583359195466929        5.3567004953489068        22.147530971390772        3.5000000000000000                1
   9.7609646157325063        10.731149858871738        19.659937082325150        3.5000000000000000                1
   11.120533916724938        7.6338640238900810        3.7333010933906206        3.5000000000000000                1
   5.5689061468749719        7.0175484588688075        24.602943687621469        3.5000000000000000                1
   9.2612783744613729        11.064181943723790        1.3465344256559384        3.5000000000000000                1
   7.7122511254154489        5.3604131590982123        16.728197065049144        3.5000000000000000                1
   10.951400702897283        7.0280169708642850        32.705179018780875        3.5000000000000000                1
   6.7337755472702110        9.6707285788266368        31.953258845617768        3.5000000000000000                1
   6.8938220558208840        10.750361226347055        2.1914016522535880        3.5000000000000000                1
   8.3641110057764809        5.2848387197849815        10.958514404501058        3.5000000000000000                1
   5.3594284461377848        8.5975463102409968        27.744918369588053        3.5000000000000000                1
   9.0598642283536535        5.6015701845145145        27.021591329887038        3.5000000000000000                1
   9.7902247855561164        6.9205759830087219        22.702422648892288        3.5000000000000000                1
   9.2012138549286160        11.075696154488536        6.2374480884082049        3.5000000000000000                1
   7.2199287444067872        11.057389696295168        22.858854213421171        3.5000000000000000                1
   7.4520805012761677        10.183192479104671        31.418303842633886        3.5000000000000000                1
   11.088630048675027        7.4086167336654292        24.340893387628057        3.5000000000000000                1
   5.5906537492743036        9.4895799705088262        23.539537496501968        3.5000000000000000                1
   6.3604086214457807        10.466962851704674        11.495983492197343        3.5000000000000000                1
   10.019088178618446        10.594502356990125        20.793658999892671        3.5000000000000000                1
   8.8523593523168191        11.154583818013426        35.861005781152926        3.5000000000000000                1
   8.9866835807798946        5.4609911365372277        10.115198085326933        3.5000000000000000                1
   7.2829250999812816        11.036598037015752        15.765692299358648        3.5000000000000000                1
   7.7329435994686984        5.3084644993362948        4.9474744726406472        3.5000000000000000                1
   11.213926404109099        7.7991247110258772        8.7649722531766798        3.5000000000000000                1
   10.946395072237998        7.3023917575465758        7.3723683847331056        3.5000000000000000                1
   11.197024144344772        7.7393848110699341        18.514035609518761        3.5000000000000000                1
   5.3080037238718933        8.3348580180275817        7.2603804763635802        3.5000000000000000                1
   7.0304964675412940        10.855962565912879        32.611086446708185        3.5000000000000000                1
   9.9304027383993727        5.8348127695216485        17.719941961706009        3.5000000000000000                1
   10.770486162259321        6.7209945442602512        18.191313724073705        3.5000000000000000                1
   6.5069944016700418        5.8616346695995762        16.342046047086143        3.5000000000000000                1
   8.2462839340501031        5.2669317624518746        6.1174346376361761        3.5000000000000000                1
   5.4345354297327138        7.3302579847385267        39.719685221830275        3.5000000000000000                1
   9.0139153195377819        5.3526620293264013        20.003220792637862        3.5000000000000000                1
   5.8900058596633498        6.4004322071319528       0.27275602506714403        3.5000000000000000                1
   8.6512478483922557        11.190584533186282        5.4002661648761316        3.5000000000000000                1
   11.038379142294668        7.1932712570742350        2.6103560717748491        3.5000000000000000                1
   6.1883863407080471        8.1100494904084428        23.187728033317594        3.5000000000000000                1
   5.7827695999669260        9.8697162083600034        27.302228427517512        3.5000000000000000                1
   9.1651795959248119        5.4293587081226029        31.890077440747806        3.5000000000000000                1
   6.0258987774453754        10.159217273670430        2.8203311904767836        3.5000000000000000                1
   10.892458790259065        6.8952641163222692        27.867428620178181        3.5000000000000000                1
   9.7499561398625936        5.7084484050649866        26.286897750028832        3.5000000000000000                1
   5.5972843062627877        6.9168706669829367        34.156866531773204        3.5000000000000000                1
   5.2756220119009205        8.2832353312904718        2.4879793867253039        3.5000000000000000                1
   6.5030467504235583        9.2691320249766349        2.8058795203984426        3.5000000000000000                1
   6.5127983577159672        5.8656541207777755        34.609333118356332        3.5000000000000000                1
   8.7644880049753002        5.3157253655430292        17.113624957092217        3.5000000000000000                1
   6.8775634391073179        9.5857477944210085        27.245293137372840        3.5000000000000000                1
   6.6118908152347657        5.7672244000750688        4.5286455179485872        3.5000000000000000                1
   10.303030151043965        10.396793674694598        1.1883088339419652        3.5000000000000000                1
   6.4168017496169467        10.604196491663359        3.6867797849316157        3.5000000000000000                1
   10.832172546568675        6.7796295803466498        6.2873931526049889        3.5000000000000000                1
   8.0759944865006119        11.220470346618100        6.7646593168727049        3.5000000000000000                1
   10.243040497958495        10.487237915699227        34.050008580424880        3.5000000000000000                1
   11.151490996159447        8.7623998794759252        22.650219734041421        3.5000000000000000                1
   10.398090451365896        6.2351081821306229        19.028977860960605        3.5000000000000000                1
   10.419278204810304        6.2693338317519336        16.922885902307449        3.5000000000000000                1
   8.3583456900325626        10.315210894002636        26.117779961705523        3.5000000000000000                1
   5.2587125181858907        8.0648616209679531        17.170177178594930        3.5000000000000000                1
   8.0455409861632141        5.2703550854963188        1.3105219123321696        3.5000000000000000                1
   7.7456308749015479        11.189348830520826        26.465640652029354        3.5000000000000000                1
   10.608415381317144        6.5450056242143395        31.477158443334694        3.5000000000000000                1
   5.8136044945889198        6.5948399079399369        21.018438927948310        3.5000000000000000                1
   9.1934434923710633        6.4509506179649581        16.596010929047246        3.5000000000000000                1
   7.3742693790468099        5.3863836867995900        25.395296384123707        3.5000000000000000                1
   11.164115752544848        8.5577455592596188        24.647584084137641        3.5000000000000000                1
   11.146055262605858        7.6467055937152582        38.968255322508419        3.5000000000000000                1
   9.5625386797607419        9.7613246566145904        14.807915260889068        3.5000000000000000                1
   9.4227384170563422        5.4927458297789551        16.343467845796663        3.5000000000000000                1
   8.3117777485830739        11.243861509703214        32.137441072683870        3.5000000000000000                1
   10.285315056838474        7.5889066952098876        23.287315741418944        3.5000000000000000                1
   9.7011357676455354        5.6403487060839916        30.990358029916639        3.5000000000000000                1
   10.838402397380840        6.8621038684970364        11.213882372472773        3.5000000000000000                1
   8.7896602762763703        5.3899717923325534        5.2516753969336030        3.5000000000000000                1
   8.5783530730456121        5.2707567594957760        25.750170788212106        3.5000000000000000                1
   11.167088133995740        8.2297761353432932        15.002926624612225        3.5000000000000000                1
   5.3967478137605962        9.1525872602803986        38.164784880082358        3.5000000000000000                1
   7.2694909933785778        6.3364963719360210        30.076401565515329        3.5000000000000000                1
   9.0734297777171324        11.107510958467936        16.186778151913746        3.5000000000000000                1
   11.115391806439428        7.4615046888900931        27.044316938939122        3.5000000000000000                1
   5.8063761795970699        9.6619680447872867        36.952821627425706        3.5000000000000000                1
   6.2750387069991040        7.5506652540543229        38.738928406985835        3.5000000000000000                1
   5.4995007622926302        9.2987214102412832        28.565170947467916        3.5000000000000000                1
   9.8734132427794332        10.653672741895498        23.527690909363692        3.5000000000000000                1
   8.0457701019442780        10.325833595979502        10.811737493365383        3.5000000000000000                1
   8.2754290053972959        11.185808903600096        20.360864848708701        3.5000000000000000                1
   6.3092832689164009        7.5668777276645933        33.837920740688148        3.5000000000000000                1
   7.0545551300488931        9.6550800723174124        12.161322350659173        3.5000000000000000                1
   5.7347155647653087        9.7526858984286502        32.101766179474801        3.5000000000000000                1
   9.3922631375232370        6.4780486612492920        36.958205206039104        3.5000000000000000                1
   6.8776531161504995        10.878788649578773        7.2255062857916412        3.5000000000000000                1
   6.5187218917424241        9.3357039012759504        13.052257235362658        3.5000000000000000                1
   10.084837151546731        5.9197377057028424        22.614417455020828        3.5000000000000000                1
   11.069555536992626        9.0247560925425230        19.065774466819942        3.5000000000000000                1
   9.8742666151683309        5.7368922122089296        12.686049924365758        3.5000000000000000                1
   10.228256024562777        10.432958727686763        39.076962265935258        3.5000000000000000                1
   10.738752619664620        6.6252818546170005        13.177966331318313        3.5000000000000000                1
   9.1725910768277696        11.072859034034714        11.298225370539107        3.5000000000000000                1
   6.6800450988016191        6.8487622031515594        34.488964730938193        3.5000000000000000                1
   10.321382309508536        8.2554782256603136        18.510170012722039        3.5000000000000000                1
   11.128211362871497        8.2182265078893177        28.335689818676702        3.5000000000000000                1
   8.0609764915093685        11.240955806564992        1.8653508347994048        3.5000000000000000                1
   6.7319780880636992        5.7067359518700833        19.375002166949344        3.5000000000000000                1
   10.652934863396775        6.4647224421170515        36.426812651328142        3.5000000000000000                1
   6.8470274719001027        5.6159081737475409        28.963966767473575        3.5000000000000000                1
   9.7873529969693340        10.825578187876411        5.0992931663709262        3.5000000000000000                1
   7.5997035844899994        6.5459729273171803        9.8065475424491755        3.5000000000000000                1
   7.8102845333679198        5.2904745204836949        14.707199380645925        3.5000000000000000                1
   9.7116857449435852        9.7459740203391032        4.6502423142786773        3.5000000000000000                1
   10.066517444436021        9.0139943227595936        14.023341128952312        3.5000000000000000                1
   9.7847308835529390        10.824504644669668        10.001863883702615        3.5000000000000000                1
   6.9264938003457930        5.5590220055375754        24.199205526061689        3.5000000000000000                1
   10.322356843195090        8.6006712450945493        38.357952677059515        3.5000000000000000                1
   10.996600536926094        9.4561774911629719        3.3854056959462566        3.5000000000000000                1
   5.3436036686238957        8.5534321278871985        39.568400459829590        3.5000000000000000                1
   7.2256038177931208        11.035718771735350        27.633506605267200        3.5000000000000000                1
   5.2840698925409830        8.6070612021476745        4.4639446294137244        3.5000000000000000                1
   7.9050384494622854        6.0626403083120888       0.68220926843699814        3.5000000000000000                1
   7.5208968032581689        11.152946965879678        36.186459478582805        3.5000000000000000                1
   9.8284397574791491        5.7815279806838928       0.76264773389592133        3.5000000000000000                1
   10.231178558986104        7.8787062264921284        28.017717479699659        3.5000000000000000                1
   8.6866737541524124        5.3176856731461859        30.643322252470398        3.5000000000000000                1
   8.0297447310732704        6.2285722884765171        25.704581110371208        3.5000000000000000                1
   8.9546920877614937        5.3972880957087108        15.044160403276907        3.5000000000000000                1
   11.005608499890283        9.3246327293499487        28.751401217057179        3.5000000000000000                1
   5.4488989936032475        9.1786169884107096        31.195263259148348        3.5000000000000000                1
   8.5710952817885424        5.2679751345289993        2.4334961475989894        3.5000000000000000                1
   5.6830227026889046        6.7608424715902000        38.931804037007375        3.5000000000000000                1
   8.6980538935091811        5.3370192834030270        35.421613988789481        3.5000000000000000                1
   10.643329452082090        10.008893994811434        37.655060675656813        3.5000000000000000                1
   10.414807950622073        10.257741613880139        24.316082018699664        3.5000000000000000                1
   7.5905701503134786        5.3684052914096041        11.770532549294350        3.5000000000000000                1
   8.0578653697322462        6.2439877138800766        15.841348964552031        3.5000000000000000                1
   6.4644110900722511        10.659633872773547        31.790378302850790        3.5000000000000000                1
   10.107710695277028        10.584265646538574        18.529992385304386        3.5000000000000000                1
   9.5045306774747740        5.5685604808883076        28.226948746809352        3.5000000000000000                1
   6.0893262904226964        10.272926198484383        33.027700542227471        3.5000000000000000                1
   8.3964609845387113        11.217215076216846        22.353730806609203        3.5000000000000000                1
   10.752930534225817        6.6447747790949565        8.1728789978684411        3.5000000000000000                1
   6.0644486566607334        6.2057423202311028        20.070749017656752        3.5000000000000000                1
