     1000000
           1
  0.10000000149011612     
   6.5334872881191268        5.3495784756264300        39.164684643455423        3.5000000000000000                1
   7.2110492675465814        6.0015063994066171        20.488854006202928        3.5000000000000000                1
   6.2838178420246251        6.2328471688389309        26.204822613527345        3.5000000000000000                1
   7.1979650977362253        5.9591123538583055        30.230696460561091        3.5000000000000000                1
   6.2587496185068145        6.2439771633663792        38.530821761570145        3.5000000000000000                1
   7.0974328570430858        6.2464287074781097        12.351277159043351        3.5000000000000000                1
   6.2503205312059897        6.2499164310734026        34.774996841510493        3.5000000000000000                1
   6.3489022436647788        5.3521193623509236        8.6685516317153422        3.5000000000000000                1
   7.0444647875301882        5.8995937503625386        33.923972287861254        3.5000000000000000                1
   7.0169051454691429        5.6821196607997138       0.14255876806991852        3.5000000000000000                1
   6.3038018692559392        5.2518419442920932        7.5748788874522957        3.5000000000000000                1
   6.2644544744562847        5.4737309162235510        14.713840794189878        3.5000000000000000                1
   6.2612821917157886        6.1437004989321906        21.057237115195548        3.5000000000000000                1
   7.2310895132523507        6.1063523695630186        16.939723656678222        3.5000000000000000                1
   7.1780160672720630        6.1132620740306951        25.706982563119197        3.5000000000000000                1
   7.1269427744074809        6.0565682016457618        11.222971452856003        3.5000000000000000                1
   6.9603134743283581        5.5640731276180988        24.572541450149934        3.5000000000000000                1
   7.2132964005685070        6.2435726926246833        31.264329027095926        3.5000000000000000                1
   6.4227933544901328        5.2710670142535765        25.415453030684340        3.5000000000000000                1
   7.1864690388906061        5.9015125500896808        7.5980281413767878        3.5000000000000000                1
   6.3036540213291410        5.2873837323159112        21.792197341703169        3.5000000000000000                1
   7.1288869664699162        5.8952166126571273        3.0157465056838508        3.5000000000000000                1
   6.4405679145001393        5.4391519581937109        31.046797068009305        3.5000000000000000                1
   6.3569637468599600        5.2558986385641777        2.9918195788700115        3.5000000000000000                1
   7.2165088791889405        6.0062103903090396        26.710161828259590        3.5000000000000000                1
   6.2635544427248346        6.2494594236151757        30.458334544168089        3.5000000000000000                1
   6.9850171035786452        6.1287724397657950        8.6155839319361061        3.5000000000000000                1
   7.2470573410941821        6.1983298163701930        34.857028386475456        3.5000000000000000                1
   6.2893000793281733        6.2307973387309037        3.5270481242509675        3.5000000000000000                1
   6.2504798267712109        6.2316107748114389        7.8021744164202431        3.5000000000000000                1
   6.5216801936739346        5.2885640984128885        26.495026746001709        3.5000000000000000                1
   7.1422090695826084        5.8666720384413829        21.812013308539282        3.5000000000000000                1
   6.4872254153864271        5.3040588338520473        12.393909715227132        3.5000000000000000                1
   6.2918003442681245        6.2423170330806386        39.578128530756807        3.5000000000000000                1
   7.1841097687025055        6.2306861565553673        4.0245488764314405        3.5000000000000000                1
   6.4189899299297952        5.2741374170607358        18.256449364707851        3.5000000000000000                1
   7.2165762967411995        6.2443472085797209        14.771642811559589        3.5000000000000000                1
   6.6168057271785043        5.5041938144861646        35.609299336558209        3.5000000000000000                1
   6.3637514254216061        5.4418006901864251        16.835352168373081        3.5000000000000000                1
   6.7925439976079431        6.2349151263159719        18.336545895451895        3.5000000000000000                1
   6.3733277261847388        5.2604626320400802        20.462777274221320        3.5000000000000000                1
   6.4175068179232362        5.3486878805318838        4.0291617213235655        3.5000000000000000                1
   6.2641923557011179        5.2503166734195466        38.197702765481559        3.5000000000000000                1
   6.5336454531637722        6.0392952693836470        13.245569493492376        3.5000000000000000                1
   6.3496300285518501        5.2823070409505721        30.047355253691986        3.5000000000000000                1
   6.2751067279738431        5.2675603638233843        34.541887627515599        3.5000000000000000                1
   7.2259880062574089        6.1139650956373561        39.061440653250536        3.5000000000000000                1
   6.3067833506357696        6.2468747727130847        25.202710706843327        3.5000000000000000                1
   6.3744841803737007        5.2977739259593530        11.206474149027255        3.5000000000000000                1
   7.1681277325224428        5.9982945727408792        15.940405316181382        3.5000000000000000                1
