     1000000
           1
  0.10000000149011612     
   9.7761027603851733        8.8783233424750385        29.689076449744952        4.0000000000000000                1
   6.8969542999236335        6.3452268071556466        32.458748178968420        4.0000000000000000                1
   6.2438157366619844        8.8724462854571424        25.196604242757576        4.0000000000000000                1
   7.9460321827038065        6.0421092091524331        14.509973861911337        4.0000000000000000                1
   6.0062740598680708        7.9525133142129363        26.879277523554247        4.0000000000000000                1
   6.2432527180478683        7.1387353759287979        33.779856438770352        4.0000000000000000                1
   7.5384926661501996        9.9390070537353630        7.7820378074679812        4.0000000000000000                1
   6.3669658304948911        6.9737511820022009        9.0235243064817627        4.0000000000000000                1
   6.7952754967080082        6.4050443433971074        37.686133575523861        4.0000000000000000                1
   6.2737530065834379        7.1436720256875850        20.235991870452263        4.0000000000000000                1
   9.8140135981694065        8.8356107132567860        21.890567431675770        4.0000000000000000                1
   6.6402410890396579        6.5429630995203087        30.575224416539339        4.0000000000000000                1
   9.6133697320472660        6.9170865163030957        3.8451012160766775        4.0000000000000000                1
   8.7902808252072866        6.5685462197077644        2.9395515333182418        4.0000000000000000                1
   9.9520533374647062        8.0174334585089877        27.945458635189659        4.0000000000000000                1
   8.8129263797550763        6.1790307279296970        3.9031101442266971        4.0000000000000000                1
   9.6720242476333382        6.9399029706832174        16.884164796395080        4.0000000000000000                1
   7.2032674069878420        6.3117934094076826        2.5174192375215969        4.0000000000000000                1
   8.0081947968317699        6.0152475975439197        37.299437920672844        4.0000000000000000                1
   7.8261622481132829        9.9727005895794445        4.8341997463121862        4.0000000000000000                1
   8.6166911722057939        9.8790422098663022        17.129604151732117        4.0000000000000000                1
   8.8653973516022830        9.7457333144773930        13.021676738131628        4.0000000000000000                1
   6.0200605227805122        7.7897337766037813        24.349467862726154        4.0000000000000000                1
   7.0634113773707448        6.2390541337054337        13.820041266463738        4.0000000000000000                1
   7.8293671041926860        9.8747789531622043        23.834417777501574        4.0000000000000000                1
   6.0245530388570288        8.1463635823901779        38.959910274201889        4.0000000000000000                1
   9.3874005738064170        9.4269873555017227        17.656221090881292        4.0000000000000000                1
   7.0683692564222280        7.3008957318021022        32.193830913930512        4.0000000000000000                1
   7.1592517114293734        9.7617804776438977        13.014141894476063        4.0000000000000000                1
   6.2542774426471786        8.9684101255799362        6.4120544892281455        4.0000000000000000                1
   7.9853499753089290        6.1253746389084434        20.742367251165714        4.0000000000000000                1
   9.7529974006019611        8.8983275868552187        34.867826245089688        4.0000000000000000                1
   7.1364938612985895        6.2484973228398557        15.076302469822934        4.0000000000000000                1
   6.2553062924606948        7.0602795802152487        26.326706452068933        4.0000000000000000                1
   9.2852859833005468        9.4824406588707628        22.536797061099200        4.0000000000000000                1
   8.9845317305733428        6.3881691031812116        36.851113450312447        4.0000000000000000                1
   6.0197000600100727        7.9579439867191812        30.950810028866080        4.0000000000000000                1
   7.9519081825057727        9.9721269187629336        6.8408051969558317        4.0000000000000000                1
   6.0200579954774485        7.8924274996878028        20.856054675111121        4.0000000000000000                1
   7.6191452809724973        9.9066104194727007        39.536293561566694        4.0000000000000000                1
   9.7014394925744281        6.9586049080731067        37.490674651544197        4.0000000000000000                1
   6.8745414693326694        9.5836573307646500        7.0986365391029445        4.0000000000000000                1
   7.1210831445684999        9.7936255281392750        11.805966856969700        4.0000000000000000                1
   9.6766370431945674        6.9731000064927695        10.148559212284079        4.0000000000000000                1
   9.9833821179325550        8.0367078210508733        35.644142779117864        4.0000000000000000                1
   7.5375036533490567        6.0591004583162311        38.267821232614750        4.0000000000000000                1
   6.7650116767840922        6.4327540823092182        26.985484079025248        4.0000000000000000                1
   6.0575322010832373        8.0184275715114932        7.1482533142621651        4.0000000000000000                1
   6.3029333065913757        6.9697951980789723        21.257880453426061        4.0000000000000000                1
   9.7786229817961043        8.9002703367751064        28.395332059379285        4.0000000000000000                1
   9.5240082670365709        6.7831270871569647        15.878553027194293        4.0000000000000000                1
   9.8072657765738249        8.8289100435399810        23.219865902365264        4.0000000000000000                1
   6.4232709162309733        9.1971936733229214        12.390443548048237        4.0000000000000000                1
   6.4585768321769326        6.7764364628189595        15.602310613946022        4.0000000000000000                1
   6.9479243616289024        9.7003332060464036        1.2299458798441445        4.0000000000000000                1
   6.2733327576453313        7.0528690647987533        25.310628737531623        4.0000000000000000                1
   6.8237121795108777        6.3831631059914891        20.611648319625619        4.0000000000000000                1
   6.8436761554386587        6.4582724981218211        24.712510145165041        4.0000000000000000                1
   7.6849464625699335        6.0309626804074972        19.769774218401999        4.0000000000000000                1
   7.9054136186366284        9.9916061185606608        5.8366804752120443        4.0000000000000000                1
   9.9763103879973833        8.0460311526123682        10.695623824883981        4.0000000000000000                1
   7.9807712171621157        6.0112288024889891        31.826592118832821        4.0000000000000000                1
   8.9998364787483904        9.7310589028222676        10.774844010676079        4.0000000000000000                1
   9.0082869957685912        6.3058686218018538        37.899382205914371        4.0000000000000000                1
   7.8154337990975487        6.0224494013431897        7.9121321500448101        4.0000000000000000                1
   7.8224440352948514        6.0165437584716335        9.1120361645679715        4.0000000000000000                1
   6.8091980436490491        9.5963207871304039       0.15009675156293451        4.0000000000000000                1
   6.0624538815294828        7.9541532327876023        33.190703609116426        4.0000000000000000                1
   9.8670749197194425        8.6518878146718556        17.152618825970329        4.0000000000000000                1
   7.4858847606780543        9.9047026306333077        28.980928014080927        4.0000000000000000                1
   7.0296832289546547        6.2533749688231985        3.5723289095055675        4.0000000000000000                1
   9.8963633981561490        7.4268142622633579        1.7020885497047067        4.0000000000000000                1
   9.9369557876284329        8.2753371561400968        11.731531040572570        4.0000000000000000                1
   6.4097792591265064        8.8865101277060567        7.7112986865834596        4.0000000000000000                1
   8.9423778927676736        9.7065197067530633        11.850403859748059        4.0000000000000000                1
   6.2801483349304315        9.0071682755506348       0.76690609221961870        4.0000000000000000                1
   6.2566682993983891        7.0780604043160782        32.741883129705862        4.0000000000000000                1
   9.2778044640135011        9.5347802152285261        34.116679425311077        4.0000000000000000                1
   6.9019008505499073        9.6327259338460767        5.9845811982825952        4.0000000000000000                1
   9.6551241071393434        7.0604307250306055        2.6086324307027970        4.0000000000000000                1
   9.9875980004099532        8.1412605266930260        23.925999131779680        4.0000000000000000                1
   9.0017105204071868        9.7033968272115398        6.6499630126051352        4.0000000000000000                1
   9.2001949470291962        9.5596291021452817        27.812944932342795        4.0000000000000000                1
   8.9334298373355381        9.7027029019128737        18.554380526780260        4.0000000000000000                1
   6.2981054712810840        8.9946148523080449        39.531505656899931        4.0000000000000000                1
   8.0535089895815481        6.0062878260704311        15.633494262780598        4.0000000000000000                1
   6.0423116776951202        8.1782413363151107       0.11434340180081079        4.0000000000000000                1
   7.5617949251608492        9.0827764454744067        6.5497215663116997        4.0000000000000000                1
   6.4828012338000214        6.6993231721313204        7.6905687172022965        4.0000000000000000                1
   6.0705562918050351        7.5308283242577696        15.011426887226790        4.0000000000000000                1
   9.1348198419852231        9.6303707555788751        36.642737556811923        4.0000000000000000                1
   8.0193454446532257        6.0107293227534555        3.3089300703541640        4.0000000000000000                1
   7.3147244669750382        9.8164524541785578        35.475093776601625        4.0000000000000000                1
   6.0015755695510666        7.9619746928428006        19.651971897411308        4.0000000000000000                1
   9.3309859647114450        9.4822116599985442        23.814516752792493        4.0000000000000000                1
   9.9860602158365097        7.7791305627144807        3.2284074793826565        4.0000000000000000                1
   8.3414627350950621        9.9622360543404493        35.986334183104461        4.0000000000000000                1
   6.3250021836273849        9.0913093255491511        13.762473326621688        4.0000000000000000                1
   9.4725901169284175        9.2888218929344610        16.480088793513236        4.0000000000000000                1
   7.0069804700305962        6.2728292717064598        9.7132613452730823        4.0000000000000000                1
   9.9754951251619310        7.7003465105503945        17.571932244868076        4.0000000000000000                1
   9.9217536868948546        7.7472936196092181        16.339185264097903        4.0000000000000000                1
   8.3910561940559614        9.9514377488683401        29.424453020123039        4.0000000000000000                1
   7.3442508019722510        6.1270614245029940        16.356995301692951        4.0000000000000000                1
   8.4907268302856718        6.0750452780848736        27.053948780990599        4.0000000000000000                1
   8.5957398562593088        6.1584813200167625        9.8188480891256518        4.0000000000000000                1
   8.4507929001935835        9.9471975301607642        28.418104126361275        4.0000000000000000                1
   6.0404121969893039        7.9036301000679510        25.798091660671222        4.0000000000000000                1
   7.5989194621619163        9.9425056360151149        39.500843592505007        4.0000000000000000                1
   9.1706294697667374        9.5373922664987312        35.427419141391674        4.0000000000000000                1
   7.6827438729504633        9.9478918805082177        22.724521387104218        4.0000000000000000                1
   9.9492247483598781        8.0440439222719338        22.513508037957191        4.0000000000000000                1
   8.5132254787485593        9.9279749080136472        3.0319985419815509E-002   4.0000000000000000                1
   9.8893137953503842        8.0885983332513494        36.701581040864703        4.0000000000000000                1
   8.1302225645122963        9.9320543504251653        11.244816658173169        4.0000000000000000                1
   6.3536321709701520        7.0125732811492814        31.535233620686601        4.0000000000000000                1
   6.7886917822949604        9.5629365366023560        38.807737868140002        4.0000000000000000                1
   6.8306975330605431        6.3860839684962123        33.460912709134320        4.0000000000000000                1
   8.0573266034870397        9.9887159643659658        12.279829682712331        4.0000000000000000                1
   8.1764313569418761        6.0084486060960973        2.2501534600181570        4.0000000000000000                1
   7.0881588549552950        6.2548807764035494        31.425140361234092        4.0000000000000000                1
   9.6148842905316645        9.0578655367534733        11.193865040913240        4.0000000000000000                1
   6.0284179454004159        8.2953089335841543        13.052300861198153        4.0000000000000000                1
   6.8920654498186327        6.4323810718772050        25.805540283687211        4.0000000000000000                1
   9.9909604557915053        8.1130203755026109        29.009654322216058        4.0000000000000000                1
   9.1733472096025661        6.4351262578647468        1.9378684923690095        4.0000000000000000                1
   6.2099384119645498        7.1663184708112171        18.999576196230919        4.0000000000000000                1
   8.9362236930994356        6.2592024868373421        15.144878695917088        4.0000000000000000                1
   7.3244054407295529        6.1381675533346733        21.503467236080098        4.0000000000000000                1
   6.0841689034068240        7.8016502148611249        14.038072506202855        4.0000000000000000                1
   6.0082420860778072        8.0047780189610620        6.1482004394165441        4.0000000000000000                1
   8.0820560759210327        9.9608278766462544        18.011428965636128        4.0000000000000000                1
   7.0127255065835259        6.3307490755840661        8.4790131396287141        4.0000000000000000                1
   9.0643301718024212        9.6922978591634230        30.117576079518766        4.0000000000000000                1
   9.2178485692205552        9.5601189254661598        29.009863415105389        4.0000000000000000                1
   7.6130014730621696        6.0661564413114881        26.443012481209358        4.0000000000000000                1
   9.6563739462213931        9.1057019703190338        12.390050174954114        4.0000000000000000                1
   6.7237303828049839        6.4945923905937457        19.596632522884928        4.0000000000000000                1
   9.3880745354503095        6.5639936254704709        9.2794792511262791        4.0000000000000000                1
   8.2900386112656399        9.9743038677729672        34.952936684636072        4.0000000000000000                1
   7.6634512723329600        6.0645195857436827        25.277312062435850        4.0000000000000000                1
   6.4638666062431458        6.8029311658202136        14.420940385514390        4.0000000000000000                1
   7.7808884668840994        6.0312396855098074        32.817647454717104        4.0000000000000000                1
   9.8781599344009692        8.6278601305488554        18.239494340702542        4.0000000000000000                1
   6.8568465781218837        9.6389577140275442        4.9493513739474198        4.0000000000000000                1
   6.0573800496191330        7.8994947272975411        32.175792746839164        4.0000000000000000                1
   7.6761272774054383        9.9663355767014981       0.59057579128831750        4.0000000000000000                1
   9.7550359251454122        8.9267016206922989        36.064296615610793        4.0000000000000000                1
   6.2363314340620555        8.9395630012052685        5.3835130913508786        4.0000000000000000                1
   8.6248173945190221        9.8997382021359588        23.188088335727350        4.0000000000000000                1
