     1000000
           0
  0.10000000149011612     
   6.0081181034119417        6.9625087880066774        12.797525171926237        3.5000000000000000                1
   13.240820473991894        9.1654962214644566        2.2385673289616475        3.5000000000000000                1
   9.0390994297897347        8.8071095151905734        12.844785068134893        3.5000000000000000                1
   5.9076232539452871        11.419398589621970        7.3962495597710758        3.5000000000000000                1
   5.7828970283625054        11.219629179317298        11.285996202294941        3.5000000000000000                1
   7.3408662754577758        12.763532993018195        3.2485679230086264        3.5000000000000000                1
   5.9559796191731982        11.512976815311905        3.4449258137776799        3.5000000000000000                1
   13.133022830911612        9.9986088227160472        25.604252669667073        3.5000000000000000                1
   5.6140317299514590        7.8746555501042375        22.611370793910798        3.5000000000000000                1
   5.3709830019478053        9.9600711591478639        14.584156109168687        3.5000000000000000                1
   7.6219712262089843        5.6184475231889754        34.149884260384717        3.5000000000000000                1
   11.558966437667388        12.439268777039418        37.524773380142889        3.5000000000000000                1
   9.0718582551363767        13.209513854233789        30.561343220589983        3.5000000000000000                1
   12.392368164623051        11.662148745562687        34.198828314662542        3.5000000000000000                1
   9.9921811198952657        5.3416941123911723        23.725194482185429        3.5000000000000000                1
   9.5867961487846891        9.6297447614658935        18.675934016848085        3.5000000000000000                1
   10.057524076403801        13.145398405485981        25.787462573371542        3.5000000000000000                1
   10.557503845335830        13.025762085588507        10.135310015657591        3.5000000000000000                1
   12.036180398365349        12.090078147397962        4.5032589678234638        3.5000000000000000                1
   13.236168687030766        9.4754779810126823        23.347262814304187        3.5000000000000000                1
   12.544537228763209        11.466178045504082        8.9404010809993100        3.5000000000000000                1
   6.1461211234874158        11.759372114029357        14.181312245206152        3.5000000000000000                1
   5.6143377184370289        7.6245303181385236        11.961421755675737        3.5000000000000000                1
   11.851745581325160        6.2866257541232766        3.9508579177384435        3.5000000000000000                1
   5.5941388241433740        7.7876005628445899        26.581890524677465        3.5000000000000000                1
   7.0779337241721700        12.580156061469379        33.372955179050876        3.5000000000000000                1
   5.5963946829280040        7.7423752180400154        34.723900938525375        3.5000000000000000                1
   7.1531077597277735        12.652358933767038        7.0068219641362592        3.5000000000000000                1
   11.940401870743928        12.169065907248994        26.985161920247894        3.5000000000000000                1
   6.3564093186546895        11.970177447521340        11.789730098758437        3.5000000000000000                1
   12.311983040165838        6.6960165107858076        32.980790274399965        3.5000000000000000                1
   10.565084688623346        5.4839687474278387        38.109625128914942        3.5000000000000000                1
   5.6650528862738216        11.007043922810162       0.41041708675143690        3.5000000000000000                1
   6.0970846200102828        11.650900317691075        8.8323097983965422        3.5000000000000000                1
   12.786867922299079        11.053890657173019        15.736425498367856        3.5000000000000000                1
   13.173131958037361        9.9094073174202464        29.975279566099719        3.5000000000000000                1
   12.452459234550814        11.631936520814643        12.752287817807023        3.5000000000000000                1
   8.8358647135792516        9.5238386095672958        10.655734023464110        3.5000000000000000                1
   8.7560821654534724        9.3490285227216443        22.066619855631789        3.5000000000000000                1
   9.1934841599262249        9.7444131118635582        31.483907597456131        3.5000000000000000                1
   11.532459488952640        5.9926579619298073        20.125303511794144        3.5000000000000000                1
   8.8757962458444908        8.9315375335045406        11.460656714523362        3.5000000000000000                1
   10.074112398925523        5.3461753879326874        31.657743302559215        3.5000000000000000                1
   8.9276766747381711        13.226231438279433        6.6920766313053095        3.5000000000000000                1
   10.760514169101231        12.943317109826815        6.3091626528050648        3.5000000000000000                1
   10.284418429769241        13.097295284363042        31.783509084571428        3.5000000000000000                1
   10.153815389085761        13.122489900388718        12.554584728060540        3.5000000000000000                1
   8.9086826623012421        9.5991974058778435        26.588438761238134        3.5000000000000000                1
   11.313181701052750        12.650927692717234        9.2615127164321187        3.5000000000000000                1
   9.1783908862466905        9.7795261664558044        27.701332983088690        3.5000000000000000                1
   9.4825767127348843        9.7361098076345076        11.435573864735414        3.5000000000000000                1
   13.022232528723757        8.0230550305070611        30.864674175211803        3.5000000000000000                1
   13.035000752168221        7.9819440539027164        12.114382659795433        3.5000000000000000                1
   8.9221570718623777        9.5435667807519025        29.673819251711585        3.5000000000000000                1
   8.8089850643427940        9.5227478216175871        35.764481614972190        3.5000000000000000                1
   13.017824737868214        10.561103622190434        22.690397325507227        3.5000000000000000                1
   9.3753651350744587        5.3641601057442418        2.7806530888201841        3.5000000000000000                1
   5.8801789161685409        11.376696747741821        34.213350391336931        3.5000000000000000                1
   5.4781736016368008        10.444550743398043        12.113884017168676        3.5000000000000000                1
   7.3460743668241104        5.7465093300107730        13.194732673462905        3.5000000000000000                1
   7.2303548862257268        5.8083399230473258        3.7711048354655117        3.5000000000000000                1
   6.8963673868228810        6.0329607888930461        1.6152285840423464        3.5000000000000000                1
   9.8346159232166830        13.196608996742894        24.311472181782367        3.5000000000000000                1
   8.9006165957100372        9.6377978567268183        15.078135699883971        3.5000000000000000                1
   13.050254538293984        10.455286745395213        28.178857015911618        3.5000000000000000                1
   9.3904859485583358        8.7945569793956437        26.208942729036565        3.5000000000000000                1
   6.3637829061701332        6.5276500634941694        36.262491279829490        3.5000000000000000                1
   9.1938763834738833        13.246500553576618        38.898727401937862        3.5000000000000000                1
   5.2512284139326528        9.2969967289283719        36.967445480853186        3.5000000000000000                1
   6.4289460560518163        6.5046516807465737       0.21995407028927441        3.5000000000000000                1
   6.5878947323307315        12.228794913497561        13.242034985705562        3.5000000000000000                1
   5.5485650056404534        10.604498029156490        2.8969764827833480        3.5000000000000000                1
   12.610484088763856        11.394826058445945        18.192713544161315        3.5000000000000000                1
   8.5462676202606431        5.4077581816211246        25.903864584240260        3.5000000000000000                1
   5.3423396075198832        9.9806621036155150        39.908323617642345        3.5000000000000000                1
   6.7030099057858958        6.2086824044404940        21.615398594503173        3.5000000000000000                1
   9.4637304281390566        8.8079680639588265        29.128899747790332        3.5000000000000000                1
   5.2793641821019808        9.6284559963333525        34.016822483910900        3.5000000000000000                1
   9.3888289673235672        13.231195939632546        13.458812103795539        3.5000000000000000                1
   8.2429045795982638        5.3884661019583540        31.365675607840444        3.5000000000000000                1
   13.206879325738312        8.8681194856540309        7.6326121571355490        3.5000000000000000                1
   5.3463789862136668        10.121201668990629        23.898313895190650        3.5000000000000000                1
   8.6093397809348051        13.174500986654747        5.2421563139154479        3.5000000000000000                1
   9.6280920863537514        9.5987097808640947        19.766018558670726        3.5000000000000000                1
   6.7309069906339145        6.2118025244253978        12.199349584856133        3.5000000000000000                1
   6.0511100107417457        11.641898483602185        35.303670465028709        3.5000000000000000                1
   8.5122525076323221        13.107761378302799        14.426030470647708        3.5000000000000000                1
   5.5700035230428044        10.752531403232840        17.524522386686726        3.5000000000000000                1
   9.5932646544565827        13.221708487181465        19.362092190166805        3.5000000000000000                1
   5.4940177044848326        10.531670654850387        33.548701269279341        3.5000000000000000                1
   7.2369873779900811        5.8070487541299958        9.2994815324837639        3.5000000000000000                1
   5.4874663870093929        7.9113437123872457        13.417589295502726        3.5000000000000000                1
   5.3531357775677462        8.4593986610207050        25.688260066383837        3.5000000000000000                1
   13.223748689806767        9.2200905357065253        24.757578936763792        3.5000000000000000                1
   10.819702150974845        5.6554959175319173        9.9753262253218189        3.5000000000000000                1
   6.3898097088292705        6.4543260856255253        9.8289147659817768        3.5000000000000000                1
   9.6699588952370963        9.5167900822051994        38.565516758420912        3.5000000000000000                1
   8.6386978094550866        5.3052461299825753        38.626515079019164        3.5000000000000000                1
   13.239718189921733        9.3329360036322750        36.733242798107206        3.5000000000000000                1
   7.1875980406274262        12.664979516510959        16.209005962395501        3.5000000000000000                1
   12.846673597778558        7.6467300772145625        36.331398537529061        3.5000000000000000                1
   11.693810322710519        6.1624835825780586        32.146563936468368        3.5000000000000000                1
   6.8898078984548228        12.470571001266412        36.269189863524332        3.5000000000000000                1
   9.2889427943046741        13.217168749130268        35.346784224531994        3.5000000000000000                1
   11.337671685830871        5.8510534381997905        6.9931077514130244        3.5000000000000000                1
   12.640690326606345        7.2160143988285750        25.968589068406228        3.5000000000000000                1
   9.5876671597646368        13.230799375714090        36.580297086900607        3.5000000000000000                1
   9.4069568032010729        9.7458530283855698        1.4695383445689489        3.5000000000000000                1
   5.4581087157901660        10.351126527573232        37.611828951806466        3.5000000000000000                1
   5.4691269216689395        8.0180237110089134        32.006929808916624        3.5000000000000000                1
   6.7550988563534613        12.341940049867889        27.806810797653505        3.5000000000000000                1
   13.096785776539281        8.2000817965766277        25.387844151230336        3.5000000000000000                1
   7.6133528184071970        12.849843821002654        4.6637695130561649        3.5000000000000000                1
   12.441878870669969        6.8420655735880933        36.771554719241429        3.5000000000000000                1
   8.8456506904512011        9.5633765112090323        20.762021345676320        3.5000000000000000                1
   12.379967122997488        6.7643710656922300        14.261893363404642        3.5000000000000000                1
   9.1416104394839159        5.3168119437991308        13.523495178647053        3.5000000000000000                1
   7.8575107452581161        5.5391934202683624        1.0326173171726158        3.5000000000000000                1
   12.005198831219660        6.3914677936167621        38.450251109308631        3.5000000000000000                1
   12.838317219748845        11.011158370084685        19.785454127363423        3.5000000000000000                1
   11.282940930477757        5.8065490432895039        30.936150111250903        3.5000000000000000                1
   9.4657867553998969        9.7031594266136896        33.539074839820159        3.5000000000000000                1
   6.5785023033885857        6.2773083230228801        26.823866588834235        3.5000000000000000                1
   6.0015225427198642        6.9851515947069034        35.336802898136234        3.5000000000000000                1
   11.996496992274723        12.109284273309855        23.004416255314176        3.5000000000000000                1
   8.8908527733288452        8.8876692632741978        8.5960516908476539        3.5000000000000000                1
   11.852835912716332        12.273705713251088        35.202075740641035        3.5000000000000000                1
   5.3547122148280009        8.7423298234259637        3.2646497925657205        3.5000000000000000                1
   5.7879466040820304        11.215971999817537        2.0609252827755720        3.5000000000000000                1
   7.5346009915773555        5.6457406505489258        2.3934360207113903        3.5000000000000000                1
   9.2393142917866644        13.234919099181102        17.326456903963415        3.5000000000000000                1
   7.2259296735229457        12.608520425084933        25.542101685613286        3.5000000000000000                1
   7.9887682794517785        13.023130248507130        33.950217837253639        3.5000000000000000                1
   13.217115829746824        9.4177622003994621        32.733566066154800        3.5000000000000000                1
   9.5227603484522039        5.2631057936446961        21.316939229040177        3.5000000000000000                1
   12.707539187206466        11.261229024443363        23.629531088718306        3.5000000000000000                1
   11.169039846271341        12.753532919156772        22.491001424949513        3.5000000000000000                1
   12.544730574753165        7.0826014512837761        12.724337215282722        3.5000000000000000                1
   5.4059440092848217        8.3226286194635026        1.6463018755559331        3.5000000000000000                1
   5.8212687870565860        11.167268038811503        24.483777614862685        3.5000000000000000                1
   6.5115589316596427        12.158703939267435        38.764501428137201        3.5000000000000000                1
   6.2828491798235877        11.912868547244715        32.856230440972652        3.5000000000000000                1
   6.0070175877521246        6.9616493975400697        30.293638866098068        3.5000000000000000                1
   10.821572280692706        12.895994600740513        2.5304050364872070        3.5000000000000000                1
   5.4607243105988443        8.4527368009543089        16.352771400494426        3.5000000000000000                1
   5.3989824823881092        10.317721730133430        25.173635246380385        3.5000000000000000                1
   6.6045068949844552        6.2578156482830005        17.663270815922264        3.5000000000000000                1
   9.3695030050202099        9.7795132638088411        28.808293450459349        3.5000000000000000                1
   9.0748004204957908        5.2951489010150130        32.034204478534619        3.5000000000000000                1
   9.6230293445804289        9.6368970780230061        10.020431882725520        3.5000000000000000                1
   6.0795500396137010        6.8517519001809566        26.029725461078282        3.5000000000000000                1
   11.124599887386944        12.766073454290428        30.633156554296697        3.5000000000000000                1
   9.2365185752347010        13.233083592586075        8.1410781107386079        3.5000000000000000                1
   5.2951731887410185        8.8701459055243443        27.253911426897499        3.5000000000000000                1
   9.6534610363504587        9.6073182691746517        12.867808164184934        3.5000000000000000                1
   5.3195439418747847        9.9210743430315507        3.7776802174973403        3.5000000000000000                1
   10.701313497447936        5.5486292788605551        36.826801026578245        3.5000000000000000                1
   11.924966643110920        6.2782658470928068        39.504654019852921        3.5000000000000000                1
   5.8845118116670205        7.0979903481208266        8.9119748231961360        3.5000000000000000                1
   12.917541515337742        10.831676502248847        26.568475667196545        3.5000000000000000                1
   11.384025478201035        5.9509252106043640        37.710632189129257        3.5000000000000000                1
   13.160142722750207        8.5219438976355377        27.796238565682110        3.5000000000000000                1
   12.657261296883183        7.1867897098457059        7.2964277469733538        3.5000000000000000                1
   8.8020937498018963        13.210535397629190        10.540294812513366        3.5000000000000000                1
   8.3917979225047201        5.4294631493144792        17.976915762438001        3.5000000000000000                1
   10.540722951861520        13.014478726461688        33.091947834868265        3.5000000000000000                1
   5.3569115026941674        9.7131775813306653        13.085815812721988        3.5000000000000000                1
   10.187529643409686        5.3786942616853448        3.6749170691825750        3.5000000000000000                1
   11.915522608108848        12.227723305897529        8.3793234123755536        3.5000000000000000                1
   13.177904697940404        9.1933253118220453        19.825988216171371        3.5000000000000000                1
   12.471892994721374        6.9285704415041716        18.078948738702117        3.5000000000000000                1
   7.9152250027223596        12.995658419437325        28.557120462794529        3.5000000000000000                1
   9.5396895927290490        13.194537249262879       0.34433243724544305        3.5000000000000000                1
   9.3392369194119969        9.7266706502113003        2.8516104121141321        3.5000000000000000                1
   7.8789486373423676        5.5234890833293857        28.737837825829441        3.5000000000000000                1
   13.083079354849779        8.1280068267545058        6.7312556441917648        3.5000000000000000                1
   9.6464027480191952        5.2821257952168583        1.1268184219350461        3.5000000000000000                1
   6.1218293711746306        11.735843666379102        4.9213683067741343        3.5000000000000000                1
   5.2633178502262004        9.0682528142827366        4.8685142023907186        3.5000000000000000                1
   5.6691963134092918        11.024403357690646        15.103363222448415        3.5000000000000000                1
   13.140175990662417        8.6046214663442235        39.874272472491896        3.5000000000000000                1
   5.3929808930452037        9.3813537298941565        6.1818667001158021        3.5000000000000000                1
   12.492128342875029        6.9080433413891562        3.3268001544906611        3.5000000000000000                1
   9.0352151340703415        5.2661426696711384        9.5877298288930035        3.5000000000000000                1
   5.8349611434323094        7.1796196431608159        14.374229175007851        3.5000000000000000                1
   9.0417478715254394        13.234410751541795        2.7353981120358153        3.5000000000000000                1
   9.7398734638816826        9.5129486759728525        15.774698877428024        3.5000000000000000                1
   5.4684202201539049        10.339817027875412        29.384134152736099        3.5000000000000000                1
   10.664655585723301        12.931130139281500        28.881361398490196        3.5000000000000000                1
   9.7953331883985442        13.210198761237645        11.106718719737444        3.5000000000000000                1
   11.778253283888462        12.349382665036428        12.279000293061204        3.5000000000000000                1
   12.700163132348653        11.118706744054315        37.144861548086944        3.5000000000000000                1
   13.246893954371329        9.2017083555937109        20.848018050628649        3.5000000000000000                1
   5.4494326685577850        10.368047779876427        6.7638960505478938        3.5000000000000000                1
   9.2383266713501158        5.2573353790914501        26.753337602054948        3.5000000000000000                1
   5.5314420339355683        10.706462129159560        30.664274334939179        3.5000000000000000                1
   12.744969406647693        7.3905378951794756        5.8517904785536787        3.5000000000000000                1
   12.418995003562543        11.646001915509045        20.697863282834941        3.5000000000000000                1
   5.9110172196361548        11.447999130693983        12.665368367922508        3.5000000000000000                1
   12.236941926204667        11.903284772766753        28.445406751312959        3.5000000000000000                1
   10.642111815882620        12.999486374263167        36.998423551286486        3.5000000000000000                1
   12.091478653552356        6.4871627870979784        21.040442752814137        3.5000000000000000                1
   6.2215670285209130        11.853351380684487        25.219840298918609        3.5000000000000000                1
   8.4270358719585072        5.3539787857581684        35.022016243805901        3.5000000000000000                1
   6.8304429926111059        6.0864218143060818        16.104375862855388        3.5000000000000000                1
   9.1216277652336348        9.7541096526632405        34.612250785750575        3.5000000000000000                1
   7.8324716458039694        12.990278357214075        6.0248952066658976        3.5000000000000000                1
   6.4385196779918630        12.086537173998268        17.158814998040633        3.5000000000000000                1
   5.3114937211351787        9.3471393600397441        11.558930310918868        3.5000000000000000                1
   5.6827885915494569        7.4580401856751264        25.129795907828360        3.5000000000000000                1
   7.4448349591146057        5.8405211829241814        22.566775983851187        3.5000000000000000                1
   9.3873300476696286        13.150411101802256        4.1927047882272310        3.5000000000000000                1
   12.725774613814876        11.103982552113623        28.941607211796480        3.5000000000000000                1
   11.929563024337686        12.217720929315071        39.231015426647041        3.5000000000000000                1
   9.6754108898957654        8.9921368687772336        6.4141680544908519        3.5000000000000000                1
   7.2348716687918762        5.7976202878328609        27.431217612438317        3.5000000000000000                1
   8.7417421381020386        9.4479085423753570        19.283038949306381        3.5000000000000000                1
   7.0861150213738755        12.590225487240124        10.900192331898094        3.5000000000000000                1
   10.640750947209032        5.5007546574999289        30.099010202529222        3.5000000000000000                1
   9.5813856824987145        5.2681472743181503        29.261453929922496        3.5000000000000000                1
   9.6459638664437968        8.9395406198711260        13.644900969320281        3.5000000000000000                1
   9.2510204198280270        5.2546937270157166        4.2355760874836736        3.5000000000000000                1
   7.9666058498457035        13.034701825460520        37.894932806366548        3.5000000000000000                1
   5.3773234648163974        9.5433182599162745        17.053018868698302        3.5000000000000000                1
   7.9383130047933657        5.4754273560129434        10.217836803366488        3.5000000000000000                1
   5.3835160673723177        8.8312755946138886        35.411097879634369        3.5000000000000000                1
   6.5067816593050782        6.5207750827519675        19.195234657050516        3.5000000000000000                1
   5.3901238869821775        8.3987623590291953        29.364406534484605        3.5000000000000000                1
   12.284121798105421        6.6625120239691560        10.265923113926629        3.5000000000000000                1
   5.3067816530770955        9.9131987351265192        28.005533550737177        3.5000000000000000                1
   12.002933240465023        12.146615569744389        17.696686825646495        3.5000000000000000                1
   7.4730419823833483        5.7191759373160433        38.412388372072478        3.5000000000000000                1
   13.127067762977553        10.171605329474705        37.778011859691361        3.5000000000000000                1
   6.5538984723126967        6.3202000495776485        30.852515749086244        3.5000000000000000                1
   12.942566670909956        10.727144627233077        30.554224483840230        3.5000000000000000                1
   13.157984632381195        8.7603934590901691        31.715303440299380        3.5000000000000000                1
   6.8711431650721080        6.1409060391419699        37.585422233989092        3.5000000000000000                1
   8.7587980722644438        9.3514070916784977        2.1240092964594393        3.5000000000000000                1
   5.8612182700159305        11.326047274898942        38.185640062138518        3.5000000000000000                1
   5.2540832034465623        9.2329066103279480        15.407389138386431        3.5000000000000000                1
   11.056875492560943        12.795451844496586        26.319009493082671        3.5000000000000000                1
   11.903696096601486        12.193929162064160        31.022427637013752        3.5000000000000000                1
   13.017203288703113        10.504155769639983        13.402634592957817        3.5000000000000000                1
   9.6118409938490093        8.9032508833520296        5.1378998040883692        3.5000000000000000                1
   7.0000151614011576        12.453024101131280        5.5295321903182568        3.5000000000000000                1
   10.196875903484919        13.117273113081609        3.3483870131122933        3.5000000000000000                1
   6.2542266270748783        6.6137801213015210        11.353225976687662        3.5000000000000000                1
   8.4567057578429399        5.3349803211236910        1.8435780658818730        3.5000000000000000                1
   13.106548852021865        8.2033111111220371        19.970902447465118        3.5000000000000000                1
   9.1147712713777995        8.7509403936879320        21.339787638303761        3.5000000000000000                1
   9.6899850594280199        9.0023098131980941        9.2347769225461818        3.5000000000000000                1
   8.8634825994210775        8.9045143094621828        5.8138672793965824        3.5000000000000000                1
   9.7036047371219247        9.0404665378233293        37.256128837402613        3.5000000000000000                1
   12.056629003252111        12.080093334860232        32.485515689366942        3.5000000000000000                1
   9.2298010862036470        5.2557188162326796        36.070430448730825        3.5000000000000000                1
   5.5334506896804072        8.1302443276437000        9.4646835284490329        3.5000000000000000                1
   5.9467308002816752        11.503867780757657        21.894090738805751        3.5000000000000000                1
   10.350159196933236        5.4344286104277444        16.854691364250773        3.5000000000000000                1
   13.180832373451752        9.5347334221405369        18.880070637665529        3.5000000000000000                1
   8.3210344002191015        5.4071633507111159        27.350396759493428        3.5000000000000000                1
   12.815312493732877        7.4536767319065849        24.371486806552205        3.5000000000000000                1
   9.1862606565440412        9.7468124666745535        39.613903304266508        3.5000000000000000                1
   8.8534992883279244        8.9160428674700132        17.261270356541559        3.5000000000000000                1
   8.8574213099588448        9.5324595591040708        32.761498123995032        3.5000000000000000                1
   7.6302246543575256        12.767925194738975        23.165621773527835        3.5000000000000000                1
   12.187510475676413        6.5473234654655528        6.4212506049378106        3.5000000000000000                1
   10.870603505074525        12.877073740376268        38.525176849054844        3.5000000000000000                1
   6.5324997236028439        12.180417316152399        26.543070081356849        3.5000000000000000                1
   7.4000133483034318        12.782079799703569        39.297699318829913        3.5000000000000000                1
   13.144542024762030        9.0524740952842233        11.518754281663291        3.5000000000000000                1
   10.522517801622168        13.020561580208454        18.056062392552779        3.5000000000000000                1
   5.5970764225879943        7.6325458989885808        17.245488928251106        3.5000000000000000                1
   9.6820632691144688        8.9936355599998556        28.063341421517933        3.5000000000000000                1
   9.2556627739772637        5.3063263627906716        22.735452257823958        3.5000000000000000                1
   6.2552306964975655        11.865939900143161        36.943549499745131        3.5000000000000000                1
   9.4394377056348144        9.7173561070710814        5.7220659757990360        3.5000000000000000                1
   5.3379158678272871        8.6490912716010637        12.531322352445656        3.5000000000000000                1
   9.7505682871098518        9.2671456943432649        27.024975011667088        3.5000000000000000                1
   9.3949031400534935        5.3741702205154205        34.758014065513230        3.5000000000000000                1
   9.6017423477261250        9.6128188202362548        4.3911890991744116        3.5000000000000000                1
   6.1311038147926205        11.646411509878174        39.606555380044050        3.5000000000000000                1
   6.3601561059677456        12.013374475060919        6.5378750683745794        3.5000000000000000                1
   6.2768515849261544        11.912101595559713        23.491131565956561        3.5000000000000000                1
   13.237271356767904        9.2656396468388653        6.1924861661330661        3.5000000000000000                1
   8.1374951528563315        5.4274303695727353        39.484526842304078        3.5000000000000000                1
   9.5812417583440652        13.233935772774352        22.872442528822340        3.5000000000000000                1
   11.400919717893672        5.8777598401799622        16.216562303268017        3.5000000000000000                1
   12.107668144139243        6.4563893705034774        34.315202536173985        3.5000000000000000                1
   5.2818982113392625        8.8171776971379305        17.893977657093895        3.5000000000000000                1
   13.080801464966809        8.1576195853027578        16.131248358654418        3.5000000000000000                1
   7.2391777737427416        5.8226423875466207        14.635749831682705        3.5000000000000000                1
   13.237720687073473        9.5253114251726618        27.260810678875174        3.5000000000000000                1
   11.373653690675221        12.523513018402795        27.937530369680243        3.5000000000000000                1
   9.6725823580115122        8.9789679159122500        12.077612181247645        3.5000000000000000                1
   13.137460058878842        9.7699359696683175        12.466511267442968        3.5000000000000000                1
   12.031680992377167        6.3844361569745027        30.501904543516353        3.5000000000000000                1
   12.784150011353418        11.107884533153754        10.336161489881698        3.5000000000000000                1
   7.0278965519834893        6.0200067265315003        10.779422081713697        3.5000000000000000                1
   8.8972317887164163        13.134502320876869        15.852314775037613        3.5000000000000000                1
   6.0768498629584560        7.0970898000131246        22.143039697381983        3.5000000000000000                1
   7.0883669605827242        12.614551579851137        20.118760796295419        3.5000000000000000                1
   5.5805065048570794        10.813534584399170        26.817972093810813        3.5000000000000000                1
   12.614834602342915        11.358083083147935        35.882904662818575        3.5000000000000000                1
   10.693246641875346        5.5328861792501955       0.54314188526819640        3.5000000000000000                1
   8.7505490523478180        9.2356852574224462        38.852237993571336        3.5000000000000000                1
   11.194716649259670        5.7578293847900035        21.647407846052360        3.5000000000000000                1
   7.0252206554952590        12.486579032210830        37.331099791973706        3.5000000000000000                1
   6.8298839928785871        12.400953504526429       0.13921972413129308        3.5000000000000000                1
   13.201206804194856        9.7145686709553143        8.5561433760228702        3.5000000000000000                1
   9.3845795929198719        5.2853164884298973        17.440181867457198        3.5000000000000000                1
   6.9706130749109363        6.0029810860070629        28.415954692988663        3.5000000000000000                1
   12.379080241014012        11.604424920120316        7.4625943445269165        3.5000000000000000                1
   13.034322892928280        10.291128326510153        36.239748977557696        3.5000000000000000                1
   7.6681408539154674        5.5819522222557652        11.567933293727103        3.5000000000000000                1
   7.7446495895894714        5.5889529879331468        37.089869477546209        3.5000000000000000                1
   8.7078025449041636        13.204545093510278        33.189427365269857        3.5000000000000000                1
   5.5360944395880907        10.722970463163751        13.608330154013560        3.5000000000000000                1
   9.3943319351336214        9.7369384987079446        22.733918815817511        3.5000000000000000                1
   13.192923017807276        8.9007096490594240        16.912628123844193        3.5000000000000000                1
   10.837127321807868        5.6152358204235471        19.271509532164128        3.5000000000000000                1
   7.3231565086273438        5.9276308691133011        18.643765065896364        3.5000000000000000                1
   11.613157383376066        6.0374896991825340        33.460717679912676        3.5000000000000000                1
   9.8892079336133474        13.186787261709439        29.636669649039451        3.5000000000000000                1
   13.177239701645867        9.8997606699865308        7.0720126100423428        3.5000000000000000                1
   8.7522299398315226        9.0793541497620414        33.886778864774691        3.5000000000000000                1
   9.4533853813655995        8.7796260385348166        33.126472526784006        3.5000000000000000                1
   8.8887179286632279        5.2943515587067758        5.6123066724454542        3.5000000000000000                1
   5.5791936136498927        9.7767389609477640        31.106484023067704        3.5000000000000000                1
   9.1137726818908895        9.6968578108103269        37.738556329874676        3.5000000000000000                1
   8.2279055170443982        5.3908474155616046        3.1341816872462669        3.5000000000000000                1
   11.099100763157551        5.7481840389024788        27.155990457564819        3.5000000000000000                1
   6.4245291061680412        12.041786243892005        2.6247418835294094        3.5000000000000000                1
   5.6931499956897307        7.5655118636572602        15.882516065376317        3.5000000000000000                1
   13.092942749205795        8.3398548546012705        33.317171115991457        3.5000000000000000                1
   6.6157933810421081        6.2420830284141982        8.2909757162045583        3.5000000000000000                1
   12.877273848021799        10.842818488308568        34.616408355347005        3.5000000000000000                1
   9.6993170858684650        5.3211055646512522        25.354892853960934        3.5000000000000000                1
   5.4243119908308381        8.1184355197389131        27.976080137285216        3.5000000000000000                1
   12.142326550051900        6.5015742712755058        28.985074752603250        3.5000000000000000                1
   11.241265776246271        5.7955249644384148        3.0546019531562347        3.5000000000000000                1
   13.002229185975818        7.8795590878819795        8.2059236879829189        3.5000000000000000                1
   12.194871308181717        6.5568974222622707        15.720905554358106        3.5000000000000000                1
   12.754117265461478        7.3402735810423154        11.203150349791372        3.5000000000000000                1
   9.6252717929943117        8.8811625726672592        31.214474818418978        3.5000000000000000                1
   9.5603261537580657        8.8930775580275956        16.553631807415005        3.5000000000000000                1
   10.563111534291837        12.982487492040658        19.512187687088442        3.5000000000000000                1
   7.1818536948213296        5.8389888248776751        23.922470023616711        3.5000000000000000                1
   9.6629423804267489        5.2901106392669952        38.553983131084550        3.5000000000000000                1
   11.497470484857050        6.0987110548852499        24.152205534354639        3.5000000000000000                1
   12.093460624293847        11.992080126111592        9.7904854562557961        3.5000000000000000                1
   9.6529645016705796        5.3239380839911306        15.965468155882300        3.5000000000000000                1
   6.2612457184704828        11.859483154220692        28.868559376613398        3.5000000000000000                1
   8.8549652646159487        8.8442157348669426        3.0134634523856181        3.5000000000000000                1
   11.073744887485237        5.7200291345211269        35.008024227911548        3.5000000000000000                1
   10.511068604663762        13.030876190850606        23.404354742154535        3.5000000000000000                1
   10.215180802040535        5.3856659533929614        35.473092063829966        3.5000000000000000                1
   12.989840871322814        10.531973173802148        4.1434338273042153        3.5000000000000000                1
   5.4530239615849130        8.0929061162456719       0.28820748868305524        3.5000000000000000                1
   8.8663489341958073        9.5635777976079748        6.5737072236998833        3.5000000000000000                1
   9.6559693380897826        9.6500369154796601        7.1911661216092062        3.5000000000000000                1
   12.411632727105749        6.8495052246599295        23.466916264894444        3.5000000000000000                1
   5.3591473907589080        8.7790384663167593        8.6292935732936940        3.5000000000000000                1
   5.4983976999511963        10.566853668896085        21.335959760086904        3.5000000000000000                1
   12.843296740554516        10.918355543453904        33.336467233416442        3.5000000000000000                1
   10.426268731308827        13.036050361283355        14.019575010690982        3.5000000000000000                1
   8.3699922219002563        5.3778264520269810        12.586538707712947        3.5000000000000000                1
   11.279920453145111        5.8313175386060196        12.351910288768089        3.5000000000000000                1
   11.902580358562931        6.2795681442511784        26.725016081678962        3.5000000000000000                1
   10.189618716879059        13.095461585462509        34.051840991928728        3.5000000000000000                1
   11.251790638621795        12.645225327283542        31.772524686789644        3.5000000000000000                1
   5.4642957827921697        10.437096708392369        16.058330416834835        3.5000000000000000                1
   6.6411122117316417        6.2202555316249155        34.799201978038312        3.5000000000000000                1
   11.409516475761782        12.594943691122598        23.936266012173210        3.5000000000000000                1
   8.1962823515279393        13.094178694353884        16.759510669803038        3.5000000000000000                1
   12.290458751737077        11.683064845405911        2.0067692932369394        3.5000000000000000                1
   12.561212361878159        11.481965756621507        39.612041371274699        3.5000000000000000                1
   13.201416134772055        9.3003706433552491       0.85531384511965769        3.5000000000000000                1
   13.183525481108973        9.9570022371600526        35.043404786605045        3.5000000000000000                1
   8.6637523155432437        13.155322507911700        19.818767816472903        3.5000000000000000                1
   7.1295266219663400        5.8756383181777316        5.4558288931017911        3.5000000000000000                1
   12.105221339299318        12.046532410947819       0.60734271995216249        3.5000000000000000                1
   6.1260612716369867        6.7933264428983273        16.683985697428351        3.5000000000000000                1
   13.141565962430311        8.4887675365164199        14.489716441862035        3.5000000000000000                1
   8.8963207162501483        5.3264037962235253        28.252099027128267        3.5000000000000000                1
   6.8509195134644525        6.0500974852477132        6.9100056577372841        3.5000000000000000                1
   6.8532969999724127        6.0756317244067590        29.417524317965189        3.5000000000000000                1
   5.2647330980820728        9.4372277722103899        25.978429661350678        3.5000000000000000                1
   9.0403828934805954        9.7372683762256358        24.697187608952245        3.5000000000000000                1
   8.8191704480149244        8.9947277215412704        25.383927283235149        3.5000000000000000                1
   5.8882105620134793        11.384156775699918        16.678927333769181        3.5000000000000000                1
   6.5653379512578516        6.3303868630905216        13.709104042468311        3.5000000000000000                1
   13.227202419638299        9.4801748930700285        13.946257836616011        3.5000000000000000                1
   8.6201006500489399        5.3289226704687405        16.492720629612485        3.5000000000000000                1
   8.5803542129669648        13.181682634265487        27.675666881177360        3.5000000000000000                1
   13.124349665319080        8.3359661515645929        29.292676568514626        3.5000000000000000                1
   9.6803771473654994        13.212035659616703        5.8593696186180457        3.5000000000000000                1
   12.377360011334520        11.743608554622575        29.921810317038123        3.5000000000000000                1
   12.843397115674579        10.885552809961906        2.5150120472401007        3.5000000000000000                1
   12.755254960297860        7.3349272496168290        20.425626195924497        3.5000000000000000                1
   10.352527960781101        5.4316156689106689        34.337477163316024        3.5000000000000000                1
   12.272326895770071        6.8001678783626041       0.99939053646493947        3.5000000000000000                1
   5.2901940690560059        8.9828709986155140        23.249777419241333        3.5000000000000000                1
   10.877708265475782        5.6322572258341870        32.534365198698715        3.5000000000000000                1
   13.067288075916288        10.411912375385720        32.395674799985343        3.5000000000000000                1
   13.104384170366790        10.305356295985456        5.6719756346177297        3.5000000000000000                1
   7.8208898600222678        5.5325680355297813        6.2810739043659849        3.5000000000000000                1
   12.243301612035664        11.878483343980667        36.667587372908251        3.5000000000000000                1
   5.2872547077403578        9.6940351070453801        30.129671928467300        3.5000000000000000                1
   12.097795365979476        12.053544063530238        19.091989903921451        3.5000000000000000                1
   12.154704132008970        6.5304013496014690        25.043583274628990        3.5000000000000000                1
   5.2750531391134103        9.6582356138880794        22.361503287822494        3.5000000000000000                1
   9.2858243931697508        8.7612564955713381        1.2795200947359295        3.5000000000000000                1
   7.4596439741615166        12.722413619321593        17.832769921323020        3.5000000000000000                1
   6.7485982226312480        12.350973551424435        22.656417121273574        3.5000000000000000                1
   5.3280457239773993        9.1507213283932547       0.91645976178289401        3.5000000000000000                1
   7.5784251757608532        5.6613407721596980        30.193693255988478        3.5000000000000000                1
   7.7253555120900010        5.5587998854270939        20.947831970989458        3.5000000000000000                1
   8.3140027992806953        13.089599281860963        22.209021900861941        3.5000000000000000                1
   12.883203134272277        10.907414501112443        11.861557822426594        3.5000000000000000                1
   6.4500424730078221        6.4353981779682989        4.4958087550063057        3.5000000000000000                1
   12.046990109390858        6.3943986281297152        2.4652743088469129        3.5000000000000000                1
   6.0809882600280947        6.8167091090527308        2.2505120836231325        3.5000000000000000                1
   8.7657719569902461        9.1614392079680691        18.284575214893444        3.5000000000000000                1
   9.0059437625924499        8.8355252079301110        20.071583432508213        3.5000000000000000                1
   5.2964552687776090        9.7833223287097812        9.1811643721542531        3.5000000000000000                1
   5.4230066206228109        10.330804783198641        1.5990520973986380        3.5000000000000000                1
   8.6701119225760266        5.3154201366623299        37.602151567797485        3.5000000000000000                1
   5.2546746563587474        9.0996298767306705        28.637979208758857        3.5000000000000000                1
   9.4838626241470081        9.6750027447592988        30.511084485891693        3.5000000000000000                1
   9.2138009365252831        13.243516711473738        34.301113088186462        3.5000000000000000                1
   8.1784731977016261        5.4451807168210040        14.105127739428355        3.5000000000000000                1
   13.110317738848277        8.4118985398925865        5.2909810618172974        3.5000000000000000                1
   12.705456826104793        7.2817738821550577        29.981954085000655        3.5000000000000000                1
   8.6194306821231290        5.3004721185717436        33.634059566820369        3.5000000000000000                1
   9.5143414731576090        13.127275275616954        9.5812198538822368        3.5000000000000000                1
   5.8496844866256916        11.314983307824923        29.885266409068816        3.5000000000000000                1
   6.8560137555594380        6.0872225079695852        33.596455295172262        3.5000000000000000                1
   9.5344392316686459        9.6482898407291060        21.514650293669643        3.5000000000000000                1
   12.502609612364182        11.438234356060326        31.499634391774517        3.5000000000000000                1
   8.3350798698242272        13.034332030125549        12.882434891936851        3.5000000000000000                1
   12.993049444316819        7.8823042355291744        17.563449642733541        3.5000000000000000                1
   9.0411213058388480        13.234915099170522        25.242346019545426        3.5000000000000000                1
   13.097375053200377        8.5488927532595991        35.901439957284403        3.5000000000000000                1
   12.288547526412575        11.848214144664121        15.187000888232273        3.5000000000000000                1
   10.226431540624070        13.094670841061362        39.365744730763723        3.5000000000000000                1
   7.8332336553757766        12.945114338791447        24.517490185832958        3.5000000000000000                1
   8.4025941130497372        13.157480831734810        9.1398834836650824        3.5000000000000000                1
   11.164455805928458        12.713424329615394        35.835743339905925        3.5000000000000000                1
   5.4692942016629340        7.9618513171758574        30.919554584159485        3.5000000000000000                1
   5.5673964957320337        10.745926545993054        8.2388468655603369        3.5000000000000000                1
   7.3733930830772971        12.743466968660348        8.5281096879520000        3.5000000000000000                1
   9.7354001731419846        9.1036501759766377        3.5351487168664382        3.5000000000000000                1
   8.8430454158687546        13.228969396264619        29.081656518954361        3.5000000000000000                1
   5.5918017880528250        10.777021842176113        4.2798381126456455        3.5000000000000000                1
   13.197134186085055        8.9830627128809617        38.421579502477968        3.5000000000000000                1
   5.6510054236429053        7.5047703869134414        24.025886140478576        3.5000000000000000                1
   6.8584719029191819        12.454381477107656        14.680401061645540        3.5000000000000000                1
   8.1743977622223269        5.4013763133453683        4.8122630896752199        3.5000000000000000                1
   12.681205838205807        11.227443786850465        5.0655023837972566        3.5000000000000000                1
   11.017330445594435        5.6734677995219247        13.837480314476441        3.5000000000000000                1
   10.056892280329089        5.3671783627650465        27.626848050109079        3.5000000000000000                1
   9.6853881384129394        8.9775977706181234        2.2283365356168163        3.5000000000000000                1
   6.3104619455474396        6.5740300715634792        15.339128874292269        3.5000000000000000                1
   5.7265255672167701        7.4759931099906689        32.937430480425554        3.5000000000000000                1
   11.407019211522345        12.481665276286783        14.683536341250072        3.5000000000000000                1
   12.233230769237229        11.875192404091198        5.9390569738946848        3.5000000000000000                1
   6.1103273711025121        11.713291868856139        27.341991975741902        3.5000000000000000                1
   11.464210736718513        5.9317619005937576        1.4893846193232068        3.5000000000000000                1
   9.4503131270976493        9.7113867127100377        17.118734029577872        3.5000000000000000                1
   7.2501180276043469        5.8569869301395281        39.656687569130320        3.5000000000000000                1
   13.177003767709706        9.9698682656037683        16.364683435426571        3.5000000000000000                1
   8.7116119101470240        9.1307195184987187        30.843064110478544        3.5000000000000000                1
   12.826935595001842        10.952435865908626        25.064368531603677        3.5000000000000000                1
   13.202347523983887        8.6448145682883588        22.375654742708200        3.5000000000000000                1
   12.596940735183294        7.0670673538265936        21.986585960001801        3.5000000000000000                1
   8.0897965178192379        5.4619612508642206        23.410919018235699        3.5000000000000000                1
   12.579621225352886        7.1493226216567516        37.923333340828087        3.5000000000000000                1
   9.6701659987432453        13.143368560620276        15.067805538197684        3.5000000000000000                1
   5.4569296536362151        8.0208054409364689        18.786022633110665        3.5000000000000000                1
   12.455089427479324        6.8908902857516106        8.7601081248367940        3.5000000000000000                1
   8.8722493425947029        9.5803744541249127        13.511149979627975        3.5000000000000000                1
   11.771391940362678        6.1610771639858015        18.694780537418687        3.5000000000000000                1
   8.0563507374406225        13.007016590326325        2.2068158972359453        3.5000000000000000                1
   7.8407433308012227        12.915139136993428        19.216275773725723        3.5000000000000000                1
   9.6700151003759824        9.0254597777419470        17.845550751327920        3.5000000000000000                1
   13.214977124109730        9.6948419450201602        39.240106989945239        3.5000000000000000                1
   9.4834354824656106        8.7742975164406314        19.191144313578516        3.5000000000000000                1
   9.0920053691753999        13.222714598127709        11.961468488537092        3.5000000000000000                1
   7.7780655270278238        12.937898786893879        36.786746287236490        3.5000000000000000                1
   5.2695994020543866        8.8603600105810276        31.418455368740894        3.5000000000000000                1
   9.0979042609051426        8.7517760897316634        4.2821560384260176        3.5000000000000000                1
   9.7282596961334402        9.4347387979585360        35.344494942600960        3.5000000000000000                1
   7.9405903574139716        5.4709357006837864        19.468665579860623        3.5000000000000000                1
   9.6466803051662389        8.8983320643126440        22.181619328712024        3.5000000000000000                1
   9.7999827045372800        13.202438278306539        1.8721167046510223        3.5000000000000000                1
   13.225992602104430        9.1249405104750725        34.190832156669693        3.5000000000000000                1
   13.144777623512010        9.4717321323998345        4.6162631999094730        3.5000000000000000                1
   5.2634196588603404        9.4927995846524276        38.123692860945660        3.5000000000000000                1
   10.190995619814032        13.125322225143858        30.783175522853881        3.5000000000000000                1
   5.6629902275343609        7.4886707832124442        36.826920771618639        3.5000000000000000                1
   5.9787839588722127        11.549658102892753        31.154194740695701        3.5000000000000000                1
   6.2422210019124886        6.6192415945882166        28.755486565145063        3.5000000000000000                1
   10.248483337275994        5.4539156511035785        12.865454195095062        3.5000000000000000                1
   8.0678362713481366        12.999456634412363        20.676593029015446        3.5000000000000000                1
   11.999320651084659        12.132731754810727        13.605177020223968        3.5000000000000000                1
   8.6911360885067079        5.2994425384125510       0.45630520961934962        3.5000000000000000                1
   12.313401061415505        11.813691270924785        24.638184306011954        3.5000000000000000                1
   5.3462398556227111        8.4389763120824615        24.257074448509805        3.5000000000000000                1
   9.7280174974571008        9.3573147903965008        32.288211793806042        3.5000000000000000                1
   11.892464186823032        6.2594131693327064        7.7830461420449497        3.5000000000000000                1
   5.3081931902969810        8.7537000249499002        21.893964928948094        3.5000000000000000                1
   12.901307267811697        7.6350744414283840        28.285428747202513        3.5000000000000000                1
   6.0119711553698032        11.573697140329363        17.972572205989845        3.5000000000000000                1
   8.3035758373267541        13.089067177200244        26.168280065781488        3.5000000000000000                1
   9.4877606679907114        9.7158412387709525        36.535806130910025        3.5000000000000000                1
   11.002458429880486        5.7998723844048667        8.4496748941848008        3.5000000000000000                1
   8.9092218925499349        13.175885310641295        37.352585006677124        3.5000000000000000                1
   10.943716155775357        5.6392215089867861        39.212490032312452        3.5000000000000000                1
   13.148612154549477        10.115459125348510        1.7605216421942602        3.5000000000000000                1
   13.219142663760797        9.3436989791868701        15.340686300970779        3.5000000000000000                1
   5.3709190839203211        10.148771793252106        10.690703811405232        3.5000000000000000                1
   8.8697697032699967        9.5830782451137200        16.283756087508650        3.5000000000000000                1
   11.613977309555718        6.0770499685492068        14.789098202006002        3.5000000000000000                1
   10.097269480473180        5.3634368764166735        18.262897154319948        3.5000000000000000                1
   12.636859071109136        7.1954596469947436        16.615945190452166        3.5000000000000000                1
   9.2148209562142078        8.7509513790078906        38.083349869739777        3.5000000000000000                1
   9.4286675331770020        9.7487974243592106        8.6210194059008138        3.5000000000000000                1
   12.823374019060177        7.4887616866324782        19.043389387438605        3.5000000000000000                1
   5.3371862584611769        9.8591297863370393        18.510164868846775        3.5000000000000000                1
   10.525814412494716        5.4829780289384420        20.774579503767743        3.5000000000000000                1
   8.6522678278348444        13.161509273286210        23.789683184982970        3.5000000000000000                1
   11.972262532107766        6.3664169377408424        17.140045330794273        3.5000000000000000                1
   13.140886852977683        10.142534024797857        20.331060257761752        3.5000000000000000                1
   9.0612368599493500        8.7765795508880906        7.1923013775083682        3.5000000000000000                1
   12.688294765446482        11.293476877648528        14.281676356530618        3.5000000000000000                1
   5.2620995249471649        9.5189010287750264        2.3356470379456207        3.5000000000000000                1
   12.616196134044213        11.159605857917342        1.1071033319834864        3.5000000000000000                1
   8.8850241839911384        5.3203798632513326        14.886562310738000        3.5000000000000000                1
   5.8474395122022784        7.2013353501149959        31.530279269877649        3.5000000000000000                1
   13.085331760588518        8.1463455463418182        2.8713968298658301        3.5000000000000000                1
   7.5693685570410576        5.6529012148218643        7.7436026705722556        3.5000000000000000                1
   7.8110738870791030        12.980731520874746        32.489820506742525        3.5000000000000000                1
   9.6663029985034203        8.9457618871541253        10.828267910458285        3.5000000000000000                1
   9.7159730290285555        9.4680485270855428        23.935600493241598        3.5000000000000000                1
   9.8470240124044928        13.190076295173384        20.415940028608407        3.5000000000000000                1
   11.547464429387379        12.515160971199958        20.048992010591583        3.5000000000000000                1
   11.031130002592148        12.808465401057987        7.8192684989069106        3.5000000000000000                1
   7.5008789369603912        5.7284750237028002        26.437483105087409        3.5000000000000000                1
   5.2864339164772689        9.6398600459810346        20.917586319122055        3.5000000000000000                1
   5.7688621483143523        10.887473622965874        19.084107028861794        3.5000000000000000                1
   5.6967645757760792        11.045644394841910        5.9004992823513200        3.5000000000000000                1
   6.0006701243845342        6.9256925164055989        34.257451418347351        3.5000000000000000                1
   10.685369418995464        5.5894755444358433        24.763550594005551        3.5000000000000000                1
   12.964750008341868        10.728953062874030        38.648543730868326        3.5000000000000000                1
   12.905584991841252        7.7136858065504281        35.096439193127516        3.5000000000000000                1
   5.2998734902674789        8.8171082075411231        39.268746714369470        3.5000000000000000                1
   13.096442509203166        8.3859636644858337        23.819570725997281        3.5000000000000000                1
   8.8815882562411836        9.5784435686257421        12.224020641277990        3.5000000000000000                1
   9.6071369055684279        5.3737178650166424        37.031487442476589        3.5000000000000000                1
   6.6295535337519480        6.2600731221457977        23.078617357915924        3.5000000000000000                1
   8.4318052732265318        13.156905940955022        39.910594334558887        3.5000000000000000                1
   10.827626226949176        12.918188293380856        11.719167308661147        3.5000000000000000                1
   6.2269725183130902        6.6779841773462776        20.619194354235415        3.5000000000000000                1
   5.6115983940519882        10.872960501625606        9.7858941174447693        3.5000000000000000                1
   13.213918442351602        8.7437150739556664        3.7559532240118272        3.5000000000000000                1
   5.6150331890255414        10.813721677617572        22.775151802727837        3.5000000000000000                1
   5.4135280990228418        8.6130586567166709        7.0789666092373995        3.5000000000000000                1
   12.973817568727949        10.609423016491679        17.386522515479804        3.5000000000000000                1
   5.9425336882592710        7.0020796112069323        3.6575752534385240        3.5000000000000000                1
   13.049019065248732        10.456112366255796        9.4883606451699958        3.5000000000000000                1
   11.012450059902593        5.7375562609503374        17.758391630282166        3.5000000000000000                1
   7.5937316871254801        5.6481151833910017        17.007791465039070        3.5000000000000000                1
   13.103531249342195        10.301845151530001        24.222511960812714        3.5000000000000000                1
   13.201433634897768        8.7020261335140052        13.100588018403451        3.5000000000000000                1
   9.8669775330210374        5.3033397584434985        19.771843287322138        3.5000000000000000                1
   10.743197063100334        12.956772070824073        24.818686451599977        3.5000000000000000                1
   8.5014273780242160        13.141164746293821        18.378294188406528        3.5000000000000000                1
   5.4563384274618327        8.1193810239785940        19.855046072422990        3.5000000000000000                1
   13.050357533449846        8.0425080632657995        37.578882210885197        3.5000000000000000                1
   12.512900819402507        6.9944555478489345        27.445026143443489        3.5000000000000000                1
   9.6436511384876802        5.3718180437047005        6.6009257325566848        3.5000000000000000                1
   5.5645572753517110        7.7613129456075960        8.1192002993749046        3.5000000000000000                1
   10.325515166547541        5.4981773571861776        7.5753985283417578        3.5000000000000000                1
   13.170878394307351        9.8302945325735696        21.700148622883564        3.5000000000000000                1
   13.244363083128064        9.3200343434128712        28.794967294480575        3.5000000000000000                1
   5.8157012182905019        7.2079984229224188        39.734136817942584        3.5000000000000000                1
   12.589005348339954        11.420467171652314        27.520866316943163        3.5000000000000000                1
   5.2667620099171684        9.3131526946277852        32.805042475491554        3.5000000000000000                1
   6.6571581983432822        6.2541018675998021        38.842662866697914        3.5000000000000000                1
   12.961902448878190        10.684617514409785        8.0016969795436932        3.5000000000000000                1
   7.5080832545605576        12.785570123986519        35.379455068550548        3.5000000000000000                1
   7.2276134500360119        12.647904778138429        29.500541756698990        3.5000000000000000                1
   5.8524102268556764        7.2666181515489940        5.0141515937674566        3.5000000000000000                1
   10.302210007854482        13.097193066747899        27.221184425148206        3.5000000000000000                1
   6.1686986319395736        6.7046834238515807        7.4559948106243095        3.5000000000000000                1
   12.793914831116558        7.4887011590404962        32.486157446420471        3.5000000000000000                1
   6.0570744907038314        6.9068701469135325        38.296216376583949        3.5000000000000000                1
   10.459893932095698        5.4389709333595384        26.094096713238400        3.5000000000000000                1
   9.0075039967464221        8.8083036806816821        15.654482963686510        3.5000000000000000                1
   5.8200481283961594        7.3653137416266210        10.423208574326566        3.5000000000000000                1
   10.522449117138567        5.5327720765424200        11.494667218084382        3.5000000000000000                1
   8.7843923217533479        9.4448815026929918        23.546188178185410        3.5000000000000000                1
   11.688365049531296        6.0927566642854547        28.157932461613591        3.5000000000000000                1
   10.050119379936090        13.162156219496485        16.450979677025618        3.5000000000000000                1
   5.5653533751415321        7.7032282015183462        2.5983777006643085        3.5000000000000000                1
   13.164897460619613        9.8342758769263554        3.1536598799404616        3.5000000000000000                1
   7.0257159214383966        12.546694578441269        1.6203234732844933        3.5000000000000000                1
   5.4947121192554231        10.542534086132958        34.693443023729806        3.5000000000000000                1
   7.5782644279419591        12.865402810093240        13.933390594550925        3.5000000000000000                1
   11.532473851894350        12.534625364327981        1.4903159111439916        3.5000000000000000                1
   12.804821820569112        7.4209700241587990        15.097699958152768        3.5000000000000000                1
   8.8314130003516915        9.5215321711528578        7.8212491608903996        3.5000000000000000                1
   13.116212758451605        10.059482567749393        10.970453609636699        3.5000000000000000                1
   6.7807343683358345        12.381636871614873        9.3938474084189743        3.5000000000000000                1
   12.867042657200054        7.5692731027686770        9.7171668241125335        3.5000000000000000                1
   5.6659744763208586        11.016203645511725        36.191323603986127        3.5000000000000000                1
   10.656307125427693        5.5061355276111419        6.0355060149283419        3.5000000000000000                1
   8.5849788869449011        5.3310568318567340        21.957094520964660        3.5000000000000000                1
   9.5752698594328773        13.153800576291800        18.363362649626051        3.5000000000000000                1
   9.7519739797303782        9.1432671744959642        20.663978230486535        3.5000000000000000                1
   10.301359196178849        13.027748840055507        8.6702658627614024        3.5000000000000000                1
   9.8686977412962804        5.3054142215122821        10.544711533731792        3.5000000000000000                1
   12.349103649961224        11.742361567207077        11.344540076891821        3.5000000000000000                1
   5.4396940742973703        8.3439745512173662        11.042213557629887        3.5000000000000000                1
   11.585814069774987        12.476006536624723        10.759746293583760        3.5000000000000000                1
   8.8232298840157526        9.5175506490297224        9.3900432066045258        3.5000000000000000                1
   8.7249582575045874        5.3134738506481263        20.418828569531030        3.5000000000000000                1
   11.502129725689217        12.523173717479413        5.3465452874444281        3.5000000000000000                1
   8.9005227846808364        8.8943749468179849        31.960715889149721        3.5000000000000000                1
   12.977000883120208        10.525861817782278       0.16417511641924551        3.5000000000000000                1
   9.6926849081450364        9.0010851940959355        34.285185266073874        3.5000000000000000                1
   12.582284404517761        7.0554442061776284        39.491786891121663        3.5000000000000000                1
   11.344184323013341        12.655014626955865        18.547275951619095        3.5000000000000000                1
   5.9119556577722587        7.2635585107849518        27.516209836623169        3.5000000000000000                1
   10.068178175006263        5.3962719359382367        39.749813237912413        3.5000000000000000                1
   9.6425170936952398        13.159087067215317        32.594116542055012        3.5000000000000000                1
   11.730539109410522        12.324354763499755        2.9548902966534301        3.5000000000000000                1
   12.844930578115694        7.7040906674334488        22.976317530410977        3.5000000000000000                1
   5.5226842191332022        7.8487719093396624        38.836633495320108        3.5000000000000000                1
   5.2532760624016008        9.1119079220561083        19.323205935600011        3.5000000000000000                1
   7.2132496249083484        12.664329969143667        12.423565011108012        3.5000000000000000                1
   6.4386666114226454        6.4489611577590180        24.583753259562020        3.5000000000000000                1
   5.9080511541101304        11.402077527594782        26.071607576929509        3.5000000000000000                1
   9.3323834688241902        8.7519758666449512        30.151269742212726        3.5000000000000000                1
   5.7254438337773781        11.138708826511772        20.482177564540009        3.5000000000000000                1
   8.3180528600697077        5.3622016755323747        8.7459244770107780        3.5000000000000000                1
   13.127430233390065        10.056134397464993        33.777700508033725        3.5000000000000000                1
   5.6283592465139076        7.5876344603678803        21.252232053775447        3.5000000000000000                1
   13.207279133837014        9.2951058557850637        10.072363343168528        3.5000000000000000                1
   5.3270457830936584        9.8316442586375690        35.580793130531575        3.5000000000000000                1
   8.8096609629889606        9.4606543304565545       0.68153170153512710        3.5000000000000000                1
   11.391608556805307        5.9002025383626338        10.891121512540218        3.5000000000000000                1
   5.3673904196604605        10.171173512474128        19.942000656810873        3.5000000000000000                1
   7.0664293965855611        5.9177795366415360        19.986294545309768        3.5000000000000000                1
   6.9077420106268868        12.426205254004174        18.645550070581905        3.5000000000000000                1
   10.892675180155823        12.881350965549387        20.965158705670248        3.5000000000000000                1
   5.6871181933688488        7.4406571396650705        1.0450082941659744        3.5000000000000000                1
   5.3718496266068092        8.3486752397528434        36.336914438836111        3.5000000000000000                1
   10.949931865074864        12.869855121964136        16.955975634341645        3.5000000000000000                1
   6.1990218954543712        11.821852986295267        10.309205234229422        3.5000000000000000                1
   12.940766832781861        7.9447076265120851        21.475136075653669        3.5000000000000000                1
   5.3473948503931892        10.071481264552638        5.3412551335468148        3.5000000000000000                1
   7.3263408367258949        12.722692777396594        21.662931670151341        3.5000000000000000                1
   6.2304651272609126        11.850992356978681       0.96791697750913319        3.5000000000000000                1
   10.052720242637685        5.4992476996649771        8.9970895797219317        3.5000000000000000                1
   7.7244040819668793        12.942036356193581       0.78253741347391881        3.5000000000000000                1
   11.462525753351493        5.9384604983800209        29.479297782104176        3.5000000000000000                1
   12.862516979221452        7.6999481023855108        4.3509051573225745        3.5000000000000000                1
   8.9488453036988300        5.2855378468916605        18.879430350244448        3.5000000000000000                1
   8.7646866615827452        9.0614124777075062        28.458138569667039        3.5000000000000000                1
   12.426931186907005        11.604691988438715        16.749255745240177        3.5000000000000000                1
   8.1354904027430024        13.066246189013331        30.041949790934559        3.5000000000000000                1
   12.912886858506610        7.6749122495986351        13.589919168587995        3.5000000000000000                1
   13.121624307331547        8.2505195800930835        10.614593321148936        3.5000000000000000                1
   5.3356386224773136        9.4338901953834799        24.694974431779144        3.5000000000000000                1
   12.708368587805037        7.2410056018981663        33.857760659489486        3.5000000000000000                1
   13.163566205154423        8.8113659346145496        26.317455120788601        3.5000000000000000                1
   12.982138169282164        10.543038485162949        18.698766740234412        3.5000000000000000                1
   8.6848569978788213        5.3059634611302222        11.059542820570504        3.5000000000000000                1
   5.3358340921464196        9.1034639458714359        10.044227605726352        3.5000000000000000                1
   12.045114389017334        6.4053086974684872        11.781497012581337        3.5000000000000000                1
   5.3592544589390512        8.3627957401793758        5.6413252602865089        3.5000000000000000                1
   12.435849495748490        11.572885484883141        26.087404238891086        3.5000000000000000                1
   5.3459617274582820        8.6592648352182096        20.703328583161774        3.5000000000000000                1
   11.658989051038102        12.384442803717080        6.8244297081716718        3.5000000000000000                1
   6.2922621211269503        6.5810002727884473        6.0110428525367379        3.5000000000000000                1
   9.6869302610312484        9.1244915088141223       0.29991540656130022        3.5000000000000000                1
   8.1441716298231821        5.4199964085198893        32.607884965954469        3.5000000000000000                1
   9.3694651061050500        8.7709708228405212        36.184714363626370        3.5000000000000000                1
   11.789783405604824        6.2508530357448242        35.867412487015947        3.5000000000000000                1
   12.721832063826650        7.2805472965115392        1.7854687271278937        3.5000000000000000                1
   6.3242320862998360        11.976347836319675        19.534000725248514        3.5000000000000000                1
   8.8452356810256454        9.5511739399449258        3.7228245655305736        3.5000000000000000                1
   6.9184774674709981        6.0206128229307776        25.365949977725268        3.5000000000000000                1
   7.0808683160415384        5.8995089389635105        32.133346019918442        3.5000000000000000                1
   9.7273881474297959        9.0601558594738059        24.968543228386078        3.5000000000000000                1
   7.5095695099522404        12.809721462906172        27.095935339908749        3.5000000000000000                1
   10.918600456274161        5.7329088823932368        4.3896191138125467        3.5000000000000000                1
   9.5338982490435704        8.8426715105714813        39.338161401540944        3.5000000000000000                1
   12.477052678058071        11.571189882927095        3.5010270747568120        3.5000000000000000                1
   9.9191052884955369        13.171023930949804        37.999822471428708        3.5000000000000000                1
   10.273777444922095        13.049269091513631        35.447230505264400        3.5000000000000000                1
   13.215292265387177        9.6908983967749940        17.841787962222799        3.5000000000000000                1
   7.7460367733261739        12.883282854626394        9.9951346962287726        3.5000000000000000                1
   11.609458631251089        6.0274907944017064       0.44604792653249664        3.5000000000000000                1
   6.4901163519094105        12.125556513085032        21.148987966894456        3.5000000000000000                1
   10.689387321271049        5.5275048460551188        15.336491173041116        3.5000000000000000                1
   8.4885037613113639        13.095704917969634        35.935282292924590        3.5000000000000000                1
   9.4760950915320734        9.6697333593094843        25.727254533115172        3.5000000000000000                1
   12.983662803397287        7.9020155939645074        26.964626358757513        3.5000000000000000                1
   9.6851822992502470        8.9962942426714800        14.906545181882752        3.5000000000000000                1
   13.162622456324415        8.5214215321339690        9.1826275046744428        3.5000000000000000                1
   10.212173915318173        5.3694588470580609        22.195708461626051        3.5000000000000000                1
   5.2639634421448029        9.0154323346879117        14.046919156438811        3.5000000000000000                1
   9.5011332887614994        8.8249525462945915        23.195598621623915        3.5000000000000000                1
   5.7226939088498820        7.4629061748575305        29.136841290771450        3.5000000000000000                1
   9.6064851089027865        5.2735675198077292        33.144459439485054        3.5000000000000000                1
   13.149009718164715        9.6561559950336786        31.260094827772679        3.5000000000000000                1
   9.5475009129778421        5.2983074997480539        12.030574601935832        3.5000000000000000                1
   9.6121955895872713        13.229709710819078        28.178389707549865        3.5000000000000000                1
   9.1203107473216818        13.189333083062291        21.258808301471145        3.5000000000000000                1
   6.3239731072411152        11.954446540685328        15.786453631010941        3.5000000000000000                1
   11.911959778155866        6.2732920923908901        13.272908605559364        3.5000000000000000                1
   11.186783989520588        12.749263430050954        13.106314312800487        3.5000000000000000                1
   10.971013814802493        5.6421533328056386        23.268869795194384        3.5000000000000000                1
   5.6661337054395267        10.970253302191448        32.263396853492829        3.5000000000000000                1
   10.004153039681846        13.169395290047573        7.2093047894411280        3.5000000000000000                1
   8.7560727743033553        9.1307583182165981        36.925019678270075        3.5000000000000000                1
   11.729695699476784        12.350513192297623        25.493673800943522        3.5000000000000000                1
   13.089769151396263        8.2187962128666090        1.2962565133241017        3.5000000000000000                1
   5.5280246234597703        10.693014960103035        39.009133070623001        3.5000000000000000                1
   5.4082312298367148        8.3480522032168203        14.958691279880311        3.5000000000000000                1
   8.9665200890007490        8.8526739332571118        35.030846295172147        3.5000000000000000                1
   7.7790845171116834        12.958741105941350        15.284456698328560        3.5000000000000000                1
   10.604758849448997        13.013097047303187       0.85999622628894712        3.5000000000000000                1
   7.4221755896593447        12.787838506268717        31.253003066255346        3.5000000000000000                1
   12.388427249962186        6.7833123017676975        4.7674913764200602        3.5000000000000000                1
   5.3389192438964752        8.4202190275409219        37.488596546737007        3.5000000000000000                1
   9.2837845650574611        5.2595009389361902        8.1612435873378502        3.5000000000000000                1
   6.2994544233052912        6.6171563030568361        32.546114301402284        3.5000000000000000                1
   8.0227947542251137        13.047507325779598        11.430716348271837        3.5000000000000000                1
   6.5824896682214424        6.2931846907891336        3.0723674932608480        3.5000000000000000                1
   9.5286277033701268        9.7359491387596080        14.251302974671495        3.5000000000000000                1
   5.6605383868801491        10.997772981469858        28.646584117509214        3.5000000000000000                1
   10.979908228127664        12.754427507807691        34.562205923267342        3.5000000000000000                1
   12.982651098501854        7.9639363257884686        38.915362377935658        3.5000000000000000                1
   8.1141841187219086        13.075508605348727        7.5390366694146183        3.5000000000000000                1
   9.9924848142632747        5.3405693742916265        14.413659784087661        3.5000000000000000                1
   12.267498082303311        6.6845352616682554        19.607047433702906        3.5000000000000000                1
   7.1838265014507474        5.8559288640285807        35.973133548323204        3.5000000000000000                1
   9.8392494095992689        5.3784954408494023        5.0711748652823365        3.5000000000000000                1
   11.244033078477447        12.703343979173200        39.937658679136426        3.5000000000000000                1
   12.487712403310104        11.580798405664975        38.077583575973392        3.5000000000000000                1
   6.5465351339697042        12.183751757416854        7.9419611131837264        3.5000000000000000                1
   7.7779144918000513        5.5728875313581536        24.922524163040862        3.5000000000000000                1
   10.482129517102052        5.5304840402852573        2.0864930596871520        3.5000000000000000                1
   8.8446945329628441        8.9092661902891841        27.331516939637293        3.5000000000000000                1
   13.083914841691174        10.276527701816438        14.870903883974201        3.5000000000000000                1
   5.9705820177095683        7.0481173790952854        18.163904878707104        3.5000000000000000                1
   5.8625231125737729        7.2190239020164757        19.676263116699442        3.5000000000000000                1
   12.865053755350898        10.845151034093979        21.258266261211261        3.5000000000000000                1
   12.469034835042414        6.9110630953499310        35.503713796964917        3.5000000000000000                1
   5.6989994568363072        7.4870839899389487        6.5447767276043081        3.5000000000000000                1
   11.619419875711062        6.0478894628101285        5.4501092999308396        3.5000000000000000                1
   8.8875600416865357        5.2873817726848165        24.322037918655457        3.5000000000000000                1
   10.201468033232462        13.075857179095097        21.907894418964421        3.5000000000000000                1
   11.731368270339178        12.373327526290856        21.454832363305098        3.5000000000000000                1
   9.1040146569236633        8.7725183902835777        10.017063830244584        3.5000000000000000                1
   13.189589756099240        8.5722768775637395        18.422471532941326        3.5000000000000000                1
   9.3431439853465559        13.185761388611388        26.708276557665492        3.5000000000000000                1
   5.3994906409545251        10.014711122116463        32.067438483695682        3.5000000000000000                1
   11.598664019295605        12.442919049264345        29.771383411083601        3.5000000000000000                1
   5.5556357442295541        7.9539573214441086        4.2218664171115838        3.5000000000000000                1
   12.863554349220321        7.6555620407164211       0.40466630683780908        3.5000000000000000                1
   8.3886855352755774        13.154452903887799        31.578035326065933        3.5000000000000000                1
   6.6545445312971330        12.244754049445397        34.718801448412997        3.5000000000000000                1
   12.525541024718642        11.502867547327268        22.106617083883577        3.5000000000000000                1
   11.193737774072247        12.729481954161422        3.9373124963501769        3.5000000000000000                1
   9.1852902866252411        5.2644410884902690        31.032144152450758        3.5000000000000000                1
   13.125630157049999        8.9541088755314089        30.314514908891450        3.5000000000000000                1
   11.939031206347980        6.2887536454811030        22.663521892284631        3.5000000000000000                1
   12.397298009736163        6.7853474223909345        31.664063940603672        3.5000000000000000                1
   11.514040318562095        12.541540337449179        33.284949885552592        3.5000000000000000                1
   8.6041435380499536        5.3087228209912372        29.735180933686351        3.5000000000000000                1
   11.714794042949620        6.1282517994220829        9.4007037953870967        3.5000000000000000                1
   11.300491717014225        5.8862404154087224        25.564742556044106        3.5000000000000000                1
   5.3059546596542138        8.5964138276030351        33.504856763123733        3.5000000000000000                1
   6.5821325519309628        12.137158126311602        30.492703153742603        3.5000000000000000                1
   10.764778682570533        12.909410344500721        15.592574752501525        3.5000000000000000                1
   10.465029985615415        13.019070540432818        4.8591266978854950        3.5000000000000000                1
   8.3524187811879180        13.145881238259102        3.6374360432037678        3.5000000000000000                1
   6.9640273329186613        12.520615054996467        24.002997363868406        3.5000000000000000                1
   8.7648054894883991        13.213358454650495        1.3083856971932679        3.5000000000000000                1
   7.8937139780864323        5.4905076534139869        15.477235636778083        3.5000000000000000                1
   10.805590801282595        5.5654036425259656        28.739575633489402        3.5000000000000000                1
   5.3276220921699551        9.5700283835982294        7.7377148857027409        3.5000000000000000                1
   6.0448724714532300        7.0686307994268809        23.180872136313983        3.5000000000000000                1
   8.7751980106307670        9.4432345594475269        4.9469126927750562        3.5000000000000000                1
   9.0542447450213590        8.7829600034802855        24.256657311232551        3.5000000000000000                1
   8.8796242448593592        8.9209888336513199        14.308504418642357        3.5000000000000000                1
   6.7774173603380081        12.357842965558353        31.931975656269252        3.5000000000000000                1
   11.630679743646505        12.461995227042717        16.056419496762807        3.5000000000000000                1
   12.853074107817690        10.980305837137928        6.4748001350528979        3.5000000000000000                1
   9.6772439250761462        9.0041450164726964        7.9695415223189565        3.5000000000000000                1
