     1000000
           1
  0.10000000149011612     
   7.8591567212156805        9.9867485033746828        23.532573388057585        4.0000000000000000                1
   6.9764683922468329        9.4814419731241113        23.248433594536721        4.0000000000000000                1
   9.1119642498652222        6.4455647077797176        16.569112412431274        4.0000000000000000                1
   8.1026686039800211        6.0074460850214200        27.975430130346272        4.0000000000000000                1
   7.6620578692510390        9.9021129718887941        24.694853369163106        4.0000000000000000                1
   9.1499038451041610        6.5975083785143518        20.872083359549915        4.0000000000000000                1
   7.9843917198916863        9.9806373097094454        30.252127639196068        4.0000000000000000                1
   6.7353983853773096        9.5049649502386995        29.664483467132925        4.0000000000000000                1
   8.4107203580336396        6.1280781826623834        15.904490809100151        4.0000000000000000                1
   6.4332942443497307        9.1375467785944746        14.125553830757399        4.0000000000000000                1
   6.2121651857024398        8.5016880316964407       0.68014919196046397        4.0000000000000000                1
   8.2138267442810928        6.3957067845659452        3.6199842799743132        4.0000000000000000                1
   9.7061846319164431        7.1156772000517066        32.879701026061262        4.0000000000000000                1
   6.4528173413516354        8.6395944135952973        7.5348930068441931        4.0000000000000000                1
   6.3609901378527471        8.9013783083834443        30.935629040188640        4.0000000000000000                1
   9.2576512333722913        7.6512631250770173        33.878457860351176        4.0000000000000000                1
   8.3192919384999051        6.1051383893671165        21.555461027458207        4.0000000000000000                1
   9.9007159213315052        7.4634794082035976        27.210469292165936        4.0000000000000000                1
   6.7768835823563673        9.4782431057752028        18.123529446290956        4.0000000000000000                1
   7.4508477933630388        9.8570411609146493        13.730679031263287        4.0000000000000000                1
   9.0232705654606864        6.7905800671931988        27.444260018061108        4.0000000000000000                1
   9.2137178725111912        6.5697247199848459        2.5177934138146809        4.0000000000000000                1
   9.8188992940664725        7.3333095481398631        10.949201814726063        4.0000000000000000                1
   7.2965903210316023        9.4355708278782391        7.2754446707615354        4.0000000000000000                1
   7.6041562237618052        9.8078775763669128        18.708204585018784        4.0000000000000000                1
   6.7004858803122875        9.3029246352626789        19.231359891208925        4.0000000000000000                1
   7.5529648229746549        9.8111279026328013        5.8651650748819044        4.0000000000000000                1
   9.1662174299621064        6.5300014293340052        26.411266165692510        4.0000000000000000                1
   8.8365520532821016        6.2309969044897668        10.461453874223777        4.0000000000000000                1
   9.0982398151222288        6.5657067945844094        38.142604074260113        4.0000000000000000                1
   6.7059976613466743        9.4833549424595027        6.3085244609822482        4.0000000000000000                1
   9.5643757629657529        7.2896007451354343        16.127464773643123        4.0000000000000000                1
   8.1623682018530967        6.0597765873962359        37.528050311519699        4.0000000000000000                1
   9.4153723929458604        7.3633586341226227        9.9890301982552234        4.0000000000000000                1
   8.0084935551861918        6.0738882869062669        26.925557855288893        4.0000000000000000                1
   6.7196635159840037        9.2220689110271348        24.725029697288814        4.0000000000000000                1
   9.7333742096334266        7.4271660644024795        2.7124572737356676        4.0000000000000000                1
   7.3746662969024692        9.7756571858021726       0.12669668439820780        4.0000000000000000                1
   8.3109196176426376        6.3882073964640851        33.529749563008238        4.0000000000000000                1
   6.1647573526468706        8.5636914123019405        13.211186786496565        4.0000000000000000                1
   9.3095506320369346        6.6222360273437451        15.344075324642567        4.0000000000000000                1
   6.2976136772129010        8.5388109137532116        6.5296538139445541        4.0000000000000000                1
   9.8066880361445588        7.3544065008659212        37.881730911881391        4.0000000000000000                1
   6.4096546010726865        8.8477462392059696        23.829904639290067        4.0000000000000000                1
   6.4393799228050206        9.1454640758114554        39.865209079757250        4.0000000000000000                1
   9.0406488116739094        6.3427780595873200        28.365801895921440        4.0000000000000000                1
   9.5166195965476419        6.8782868420929155        3.7392422236770546        4.0000000000000000                1
   9.8755045039315554        7.3371382530015072        21.291984608673346        4.0000000000000000                1
   7.1692299450897261        9.7844486561043933        31.093522437036054        4.0000000000000000                1
   6.1941614548239787        8.8073051172316568        12.074428486364148        4.0000000000000000                1
