     1000000
           1
  0.10000000149011612     
   7.8243299497006769        6.3532279308470256        23.973675100743950        2.0000000000000000                1
   3.0177086978414005        6.6085573015115173        16.149671832018520        2.0000000000000000                1
   9.1186755858878161        8.8128846315144767        36.138941003571944        2.0000000000000000                1
   9.6649450629440761        5.4048621890483544        26.803428609391432        2.0000000000000000                1
   8.2186394648570413        9.5093514179504925        16.135376527646443        2.0000000000000000                1
   9.0593086147440633        4.2697587134005683        11.120957475447497        2.0000000000000000                1
   5.6225016233404199        9.8743313924462264        26.355885834089040        2.0000000000000000                1
   5.2747027793751009        9.6772697322167307       0.99860536716840942        2.0000000000000000                1
   3.6540758083364198        4.4674315527909387        19.192026122943073        2.0000000000000000                1
   5.7612364173720856        8.0762339735679163        4.1079083338526683        2.0000000000000000                1
   4.6866179025343966        9.3658721476929880        2.9809837928933178        2.0000000000000000                1
   3.9563739669412135        8.7632927971449028        13.788586199408064        2.0000000000000000                1
   4.1780787112011710        8.9646508755863206        28.481744131081904        2.0000000000000000                1
   8.1449215563702708        7.3033528063999622        15.745916943622946        2.0000000000000000                1
   5.8652151986602181        7.9440653857259349        12.451811251604688        2.0000000000000000                1
   6.9214784392535176        3.1051666887503528        24.111525212954199        2.0000000000000000                1
   7.4624518401502806        4.8890412303358808        25.468723221851302        2.0000000000000000                1
   4.0584487282700863        8.5091147049423395        34.763788266252611        2.0000000000000000                1
   3.0677362258677623        6.7025724873459325        2.8045466492957614        2.0000000000000000                1
   5.6750227750537379        9.7190282446344494        34.697223964880038        2.0000000000000000                1
   3.1804170245089116        7.4827836938270975        7.4087724756171056        2.0000000000000000                1
   7.9447926593421583        7.1183803491206801        1.3014002778302192        2.0000000000000000                1
   9.8782355018247952        6.7713703685979816        2.7209172840740794        2.0000000000000000                1
   8.9329996050134248        4.4836418396329440        19.958884148296377        2.0000000000000000                1
   9.0006169229702664        8.8206526439640953        6.9016905010210889        2.0000000000000000                1
   3.1067943368763511        6.2998710329824821        5.1369743532623531        2.0000000000000000                1
   3.6626357761120305        8.1990791849789666        1.0855818897901792        2.0000000000000000                1
   4.7353851259409323        3.5334475695612158        29.802279467412458        2.0000000000000000                1
   7.5453936323070110        7.0015049479392824        22.081326423316263        2.0000000000000000                1
   7.8450132406918005        7.1831449581521944        13.563201333469159        2.0000000000000000                1
   3.1529680812436975        5.5801939297405321        3.2448963332647107        2.0000000000000000                1
   6.2125701457089315        3.0860360066350045        17.020163176963127        2.0000000000000000                1
   3.7678804897078395        4.5850679809115995        7.0277397601708644        2.0000000000000000                1
   8.3550059850760210        3.5328666282529158        11.031635037911679        2.0000000000000000                1
   3.9404425480722343        4.2743801356842601        29.522142492261867        2.0000000000000000                1
   4.0260581733820100        8.4647063467861390        15.936986424522591        2.0000000000000000                1
   6.2207251574310201        5.0165029820738454        33.588494255616268        2.0000000000000000                1
   6.5184005251706854        9.9347414989572833        12.980520684306581        2.0000000000000000                1
   6.1994240247674419        8.0557462476820483        33.542284375194114        2.0000000000000000                1
   4.8119855324090803        6.2514797649465592        13.006323218467163        2.0000000000000000                1
   6.2469008530209500        9.8930482379884808       0.80568868169639318        2.0000000000000000                1
   5.8901017458462324        3.2864100054708114        23.868311985088674        2.0000000000000000                1
   3.2362017039112514        5.6402208597077230        19.079685557330510        2.0000000000000000                1
   6.6990252568918116        9.9931960899197225        34.620636598162719        2.0000000000000000                1
   3.0555658598306539        6.4816624538118424        25.569259112611199        2.0000000000000000                1
   5.8293448444676983        7.0741224456289569        33.828152678411612        2.0000000000000000                1
   3.1801801382588035        7.4133071648842535        37.286466667917708        2.0000000000000000                1
   4.5327536820211973        3.6373853354709538        21.402941627045770        2.0000000000000000                1
   5.6587088146036848        5.1764181686205815        38.941445201857661        2.0000000000000000                1
   5.7935206071011258        3.1526982553000469        21.523034470656377        2.0000000000000000                1
   6.9818671236768965        5.5360181999301252        36.371754298192840        2.0000000000000000                1
   5.8066333481610011        9.9125447506536428        20.128720296175135        2.0000000000000000                1
   8.4792326583404662        3.6699944450761817        31.130445764577555        2.0000000000000000                1
   9.5303535916050990        4.7531790572177455        33.083627768643467        2.0000000000000000                1
   6.3023562697955562        9.9871384328858763        17.135455504934654        2.0000000000000000                1
   9.7417399989792113        7.4531255822099149        31.417010736931140        2.0000000000000000                1
   9.4715748629286036        8.0130172950074030        29.363450493479764        2.0000000000000000                1
   7.4939391824151036        7.7959295114299030        8.0737625433928670        2.0000000000000000                1
   7.0306649171383491        5.2016525067205661        12.187392368687675        2.0000000000000000                1
   7.2758358826794840        8.7704767426816659        26.867506286638314        2.0000000000000000                1
   6.4755426322159577        8.9113046876830317        14.833449751596723        2.0000000000000000                1
   3.7876588481854365        8.4713008038524151        17.980177879006273        2.0000000000000000                1
   7.6457751010050945        5.3607651043229323        3.4318879663289361        2.0000000000000000                1
   6.0183088008681374        5.0246731162217060        34.670907299844743        2.0000000000000000                1
   4.5432835964669458        9.3776050094876613        18.036019222006733        2.0000000000000000                1
   9.0696935081203822        4.1396690153043352        17.852166557917645        2.0000000000000000                1
   7.4600104838002874        9.8497740621260021        9.0239789880618009        2.0000000000000000                1
   3.7871768265366730        4.4566690916802312        35.117083033974737        2.0000000000000000                1
   7.3725327592734784        5.3689900320380826        14.280445241051236        2.0000000000000000                1
   7.3218860586467400        9.8228116198932920        38.427717283160078        2.0000000000000000                1
   7.8262713298191704        3.2739528419630219        21.840048694749001        2.0000000000000000                1
   8.1906079865113881        3.5548250562874615        36.715122960337744        2.0000000000000000                1
   7.2572450955138761        9.5764699632467121        32.473893185332003        2.0000000000000000                1
   5.2533847330217229        3.4343135309595754        17.179776916678918        2.0000000000000000                1
   5.2511247111843646        9.6893921471969797        11.432019742798770        2.0000000000000000                1
   5.3888232202219566        9.6865571419389820        9.2189499591851902        2.0000000000000000                1
   3.7310451741458275        4.4036707110220714        25.472286357681540        2.0000000000000000                1
   6.2670436390873938        4.1324947543092243        28.490293767893910        2.0000000000000000                1
   5.4260655362453027        9.6528156001513263        36.916372880830131        2.0000000000000000                1
   9.7006895321021300        6.0526538121414468        18.452775302768814        2.0000000000000000                1
   4.9730365676465933        7.1221666106243822        39.799191818518125        2.0000000000000000                1
   9.2470175338626763        8.6138326614597371        8.9414163676639244        2.0000000000000000                1
   8.5562333512432538        9.2974496871568757        2.7248495150544807        2.0000000000000000                1
   4.8895063267572256        3.4405187578516805        23.472433566360142        2.0000000000000000                1
   3.1336904065186455        5.7295518003453410        27.855109942963665        2.0000000000000000                1
   4.3716324818091294        3.7547627356199240       0.21189286703772564        2.0000000000000000                1
   7.0729264391983735        7.9359529518471863        1.6632993041813091        2.0000000000000000                1
   9.5846620188442984        4.9104602856730857        15.382326249938378        2.0000000000000000                1
   9.2005552048139716        4.4611828168171987        31.072532381437142        2.0000000000000000                1
   9.7447980014669273        6.9863446991265432        29.398187167304989        2.0000000000000000                1
   7.6491198894667214        9.7996596739407345        2.9111260830706027        2.0000000000000000                1
   3.1962728414850341        6.3700679978525061        21.048481405368001        2.0000000000000000                1
   7.1726278007884794        7.7793052090211718        10.058177736181094        2.0000000000000000                1
   8.1118083208157223        9.5980909295188148        28.927003843532898        2.0000000000000000                1
   6.6341955122626697        3.0977802770502794        30.377959575235650        2.0000000000000000                1
   9.9459324498040296        6.1634519883115191        8.5760015515720180        2.0000000000000000                1
   6.6834021756139670        5.9738505190067004        31.843792172538745        2.0000000000000000                1
   6.1468369010863215        7.9567376295142633        14.599276114557529        2.0000000000000000                1
   4.9875591053041912        3.4416281958505381        31.854726337865287        2.0000000000000000                1
   7.9273009592522143        5.8239124310471260        9.9394859567921880        2.0000000000000000                1
   6.4095302912631302        7.1146084599340664        12.124467723716609        2.0000000000000000                1
   6.8785139285166101        9.9451104663780061        19.953823332059024        2.0000000000000000                1
   3.3627502553335811        8.0091290126985903        30.289812982215867        2.0000000000000000                1
   5.1112596657837912        5.7949047230025501        30.611759608112365        2.0000000000000000                1
   3.2459513192405058        5.3685263851327276        37.044225489715330        2.0000000000000000                1
   5.7524533700176059        7.6287655692558465        28.485182807358814        2.0000000000000000                1
   6.4178161767644912        4.9382373021280133        14.139994681048364        2.0000000000000000                1
   3.9429671532849153        4.4492864565523851        21.314949164791827        2.0000000000000000                1
   8.7310984894524104        9.1935175138483434        31.049179251196815        2.0000000000000000                1
   8.6577527304199489        9.2274229587400889        20.836776599120160        2.0000000000000000                1
   5.4152608817810881        5.5879459262226536        31.704164137965030        2.0000000000000000                1
   5.9984806551529042        5.0529524458884900        11.909830991000710        2.0000000000000000                1
   9.2763378498504618        8.6006806375141185        12.391440655384610        2.0000000000000000                1
   7.1648017381411861        4.9572234714131254        20.933593151752806        2.0000000000000000                1
   6.9890865991444375        5.1045439942613013        16.426662046033734        2.0000000000000000                1
   3.2630604898234012        5.3278120928016346        1.0736783327264561        2.0000000000000000                1
   4.2067647595992881        9.0815825110300477        1.0129623351179740        2.0000000000000000                1
   8.3791560106110925        3.5677834659595424        19.766078442565618        2.0000000000000000                1
   5.5674053140261419        9.6934529240447826        22.186204235900895        2.0000000000000000                1
   5.2143530090463601        9.6849881778622517        32.279694503231589        2.0000000000000000                1
   9.9197869225622846        6.1520722551284610        10.646061024073672        2.0000000000000000                1
   6.6909044313190487        9.8325723843017787        4.9202401919144805        2.0000000000000000                1
   5.2694576344664945        3.2715641308100674        12.957908118190947        2.0000000000000000                1
   8.7864013759592474        3.8752099672567630        2.6221417845176038        2.0000000000000000                1
   3.4140865805959062        7.4767661644869925        9.5127618432356957        2.0000000000000000                1
   7.8950400163039749        7.2095558059583089        19.868638199520934        2.0000000000000000                1
   9.6434930976184052        7.9751040374853730        6.9899520651857427        2.0000000000000000                1
   5.9612770898554039        5.0133236521072142        16.152404635559108        2.0000000000000000                1
   3.7116139347021311        8.3177664599441368        11.623053219658004        2.0000000000000000                1
   9.6450198390622521        7.5512651039427174        23.021263875484856        2.0000000000000000                1
   9.2404994925883717        8.6605588103802500        27.482472930354824        2.0000000000000000                1
   9.5639645444674972        6.5627929564229674        22.797340906946708        2.0000000000000000                1
   5.5216864462033355        5.3423422729754400        4.5501335961246294        2.0000000000000000                1
   3.1903590390900769        5.4302438929180870        7.3990469025458765        2.0000000000000000                1
   9.8560496971719118        6.9224856604932743        4.7917646218852437E-002   2.0000000000000000                1
   8.9101775425078529        4.0524082730039881        15.583822575879891        2.0000000000000000                1
   6.1160918141617326        9.9546611893185588        7.1730599389565226        2.0000000000000000                1
   8.9833038293388370        8.7407894829206967        38.161413001509658        2.0000000000000000                1
   9.8780233027602637        7.3706015706683052        20.972361024454717        2.0000000000000000                1
   3.8152278727783422        8.5322534718564746        5.0198621226364946        2.0000000000000000                1
   8.0995072174067655        5.8932211599387072        7.8121780646942662        2.0000000000000000                1
   6.6049799619782972        4.8918378912622007        38.773201724553928        2.0000000000000000                1
   3.3070140760460252        7.5645506310257122        17.985004417868243        2.0000000000000000                1
   6.5288386053980805        3.1745580621286869        26.119417368689430        2.0000000000000000                1
   7.9274675196120983        7.3959621118047965        32.646334929989202        2.0000000000000000                1
   7.8894929673195779        5.4858542853607233        16.715424846463154        2.0000000000000000                1
   6.9007541587968158        4.9867166785379551        2.8501666991581485        2.0000000000000000                1
   4.1671785938577779        7.5824962224561325        26.847084945311575        2.0000000000000000                1
   4.4235081011077586        3.7928384610262356        7.5999746640225094        2.0000000000000000                1
   5.7406862909219667        8.7220010908062395        9.0016489866316629        2.0000000000000000                1
   6.1192313235632803        4.8482670767277565        20.443135023795005        2.0000000000000000                1
   6.9262129931236407        4.9432073064564790       0.82496393827941383        2.0000000000000000                1
   6.9268679680612655        5.0765178073638939        9.7963674626457493        2.0000000000000000                1
   7.6617638711410763        5.4223588870062178        23.538123125401828        2.0000000000000000                1
   7.9792257061922411        5.6571269803714053        12.142813685654353        2.0000000000000000                1
   3.1375419332438828        7.4182917735810356        35.126318080496432        2.0000000000000000                1
   7.9151915979192253        6.8839970228046239        10.079374663573820        2.0000000000000000                1
   7.1622054901671950        4.9905004403755395        7.6336373818499901        2.0000000000000000                1
   4.8949811142402471        3.4586741638557807        15.183574723779163        2.0000000000000000                1
   4.5253261189277039        4.0019109702184634        35.674431675963909        2.0000000000000000                1
   9.3712872387895665        4.5419816606772088        22.325735622193534        2.0000000000000000                1
   8.9878401283834730        4.2336005122508142        6.8534964313975095        2.0000000000000000                1
   8.2919127172536875        9.4943052692113667       0.63794371448413989        2.0000000000000000                1
   3.4153296568865170        5.0115330944923571        14.728692322044941        2.0000000000000000                1
   8.0661001521734264        9.3365846127253036        6.8746025007237970        2.0000000000000000                1
   8.7757398826929016        8.8739539141198289        18.847421396454770        2.0000000000000000                1
   7.4637499732228001        3.1929912372237244        26.729549668083536        2.0000000000000000                1
   9.3883973448545923        8.4733170803591928        21.091673955696475        2.0000000000000000                1
   5.2369887561954274        5.6898604384349412        18.114086024128710        2.0000000000000000                1
   8.2722245824080023        3.5649438161201243        4.6405671064166407        2.0000000000000000                1
   5.4028681107091394        7.2604399001441386        22.856391968048587        2.0000000000000000                1
   9.9701156069356287        6.0594782868497310       0.61765440181034270        2.0000000000000000                1
   9.7949159022832770        7.6466224276236998        2.0688123184231006        2.0000000000000000                1
   9.9741044261901468        6.8721956580192147        38.026902799659162        2.0000000000000000                1
   8.2565662827610833        6.3981313182881099        28.119546611047465        2.0000000000000000                1
   6.8964624458138299        3.1380709897500316        1.9906664764160229        2.0000000000000000                1
   5.9726912322259818        9.8785341842411167        28.595306239621650        2.0000000000000000                1
   9.9354994768439049        6.8154150294303877        35.983492018569983        2.0000000000000000                1
   9.4058372843934226        4.6029304367205119        24.494213749330005        2.0000000000000000                1
   9.0811376236659687        4.1790902814757738        4.7675459026604550        2.0000000000000000                1
   3.8739141271367421        4.1895190196770367        4.5654409395034543        2.0000000000000000                1
   9.9325608440250885        6.3025541994104488        12.749237172716613        2.0000000000000000                1
   6.3327202087450720        5.0696614992733986        5.2138228425946140        2.0000000000000000                1
   6.1140226463712875        3.0281683879642349        6.3717652121664008        2.0000000000000000                1
   3.5511337376092746        8.3219389468079861        39.030924335639014        2.0000000000000000                1
   7.8270556573747747        7.5858329679970584        3.5778979915271010        2.0000000000000000                1
   7.6129242421059713        8.6942564906738831        28.889602420355427        2.0000000000000000                1
   9.5407640740389983        8.2017740768072098        16.903959706283988        2.0000000000000000                1
   9.1486657917615339        8.5081912104207795        25.376623912048892        2.0000000000000000                1
   7.0986477994119834        9.9324490573104729        17.850862035289328        2.0000000000000000                1
   7.9395998723796852        3.3633681489411109        2.1575540255493046        2.0000000000000000                1
   9.9387463653832810        6.7193698312450714        24.949168404221695        2.0000000000000000                1
   9.0812297164175515        4.1386199736530012        28.754475114170951        2.0000000000000000                1
   3.1916514341937168        7.3252206385156793        29.336527388357720        2.0000000000000000                1
   8.1425808295114770        3.4236774175608873        34.152825335959101        2.0000000000000000                1
   3.6476270886920448        4.6454655471287207        27.554771955238177        2.0000000000000000                1
   8.5397136341952056        8.2946873062320599        11.751867924080297        2.0000000000000000                1
   6.0354549165019868        6.5084708256972439        8.6247760307864123        2.0000000000000000                1
   4.3490875918629408        9.2010482522541057        11.768683222333392        2.0000000000000000                1
   9.5025138388461272        7.9713697173756106        7.4179244708998227E-002   2.0000000000000000                1
   4.0777492690050812        3.9889968460609762        31.681233433902186        2.0000000000000000                1
   7.5292775553525768        9.7235999518772456        22.644256803302401        2.0000000000000000                1
   9.7543845965406764        7.4557686437131307        4.6255676217899344        2.0000000000000000                1
   9.1706039387407650        8.5888795255641401        2.2673087003073551        2.0000000000000000                1
   8.9797625804809922        8.8552315702060849        9.8780386820729653        2.0000000000000000                1
   5.3828838946688755        5.2253608969900469        24.465771711076005        2.0000000000000000                1
   6.3893769355075829        9.9346570518833133        15.026125057744352        2.0000000000000000                1
   5.0570435840835417        6.5186404256838069        2.9492579101452279        2.0000000000000000                1
   5.9958693428886445        5.0112709968848295        18.412419530808091        2.0000000000000000                1
   3.0771478072276497        5.8382899392047829        14.202447130328551        2.0000000000000000                1
   5.2914343860825301        3.2788157516055514        5.8263843613225559        2.0000000000000000                1
   8.0373870348347243        3.3928307253020162        15.201820483216581        2.0000000000000000                1
   3.2165527328570613        5.4863765176528387        25.550337565602813        2.0000000000000000                1
   7.8422724509649946        7.2740666585164258        5.9656675611375336        2.0000000000000000                1
   9.7785016674293797        5.4124595540711953        31.114839471854257        2.0000000000000000                1
   8.2314014633700356        3.5709535544609268        29.059673587694810        2.0000000000000000                1
   7.4625766204919577        3.1858730442127237        12.883222126040494        2.0000000000000000                1
   3.1023541435514068        5.7306377407658111        16.635711701315063        2.0000000000000000                1
   5.0125761373040545        6.5126158895258159        17.297977006689667        2.0000000000000000                1
   4.6566431122545682        9.2608523710074770        22.513301936146995        2.0000000000000000                1
   6.8187186574336751        8.5685391384884788        10.686128400507583        2.0000000000000000                1
   3.1184909728605814        6.4721517361885130        7.6198130141457323        2.0000000000000000                1
   5.0997341347763809        9.7038819951853927        7.2244082204943822        2.0000000000000000                1
   5.7107372602079582        7.8193900156005931        6.9471771857082647        2.0000000000000000                1
   9.8407558281134566        5.7609702274922485        2.8513336473770070        2.0000000000000000                1
   7.7637417575800960        7.5384429888134612        34.992538864522977        2.0000000000000000                1
   7.9292219020607666        5.8788422393029371        36.641415817920830        2.0000000000000000                1
   3.5779058119213114        8.3872401421517235        7.1242911205660286        2.0000000000000000                1
   3.2364632707538359        7.6943120451229063        27.254915422072244        2.0000000000000000                1
   4.2752367995597593        5.6243902875537142        1.2887587559927050        2.0000000000000000                1
   3.2698935022444369        5.1804542229530854        29.936894332462263        2.0000000000000000                1
   8.4334507254201920        9.3070460004857711        14.111400849347596        2.0000000000000000                1
   7.9041657448546898        3.3473364235218233        32.128142102058554        2.0000000000000000                1
   3.0899487314915377        7.2880416135653965        20.627776202746546        2.0000000000000000                1
   6.1178116042070219        7.9750204531250928        1.9761763329558986        2.0000000000000000                1
   7.9150242628978020        3.3089787694366306        24.118989699419664        2.0000000000000000                1
   5.0122900488742648        6.5315238855394560        8.3575522618137779        2.0000000000000000                1
   6.5998085037361252        9.9586084978508467        22.177859304211935        2.0000000000000000                1
   9.9021653904175970        6.0311368209390865        6.2875737862423824        2.0000000000000000                1
   9.8973304540699978        7.1775110578723513        10.668930997630527        2.0000000000000000                1
   5.2379840605365882        7.5101142565272099        29.486282712592448        2.0000000000000000                1
   3.7337604157598947        8.3648600784399498        24.983020503279114        2.0000000000000000                1
   9.8164425317254604        5.7386213961929240        33.429098593465902        2.0000000000000000                1
   5.8205932358431118        7.9098591364260402        35.645256893605328        2.0000000000000000                1
   4.7755986613968533        3.4736701714403737        8.7687402036841622        2.0000000000000000                1
   9.5050611803384264        4.7283288993711343        35.613990536714034        2.0000000000000000                1
   5.4407582041999509        7.3609503879385159        4.7759495311482336        2.0000000000000000                1
   4.4600308335393706        3.7421089515781580        5.3338367431798375        2.0000000000000000                1
   9.0328199254853541        8.9064123156946522       0.21524161995038368        2.0000000000000000                1
   6.9558113932950070        3.0856186322655637        15.031903295354244        2.0000000000000000                1
   5.8381917004305439        3.0831790980689608        2.0918244417967307        2.0000000000000000                1
   3.6495411306047312        4.6050977675928122        10.512885297605079        2.0000000000000000                1
   5.2978341805436600        7.9269923524299903        37.933774602494545        2.0000000000000000                1
   7.1850685707316346        7.9854767009121099        5.5736663995474567        2.0000000000000000                1
   5.0288157354634304        7.5528194408884808        31.643870919953603        2.0000000000000000                1
   8.0094221473414375        3.5215290918842750        8.8881796358599612        2.0000000000000000                1
   4.8141915640123925        9.4448665411204740        30.331209097449747        2.0000000000000000                1
   6.1261089218864493        9.9030407395812219        32.631618825552302        2.0000000000000000                1
   4.5953768925453309        9.3594141277173328        16.032732494581367        2.0000000000000000                1
   6.1532305307326673        4.8422015055927989        36.742249483903272        2.0000000000000000                1
   5.9400152274974110        5.0756067452693934        26.753689352376774        2.0000000000000000                1
   6.2732113535006171        3.0892894366705987        39.756084137539517        2.0000000000000000                1
   7.3156502988128178        3.1052992531986692        39.608930552431694        2.0000000000000000                1
   3.1714685203972901        7.2209076753840069        23.246334173205209        2.0000000000000000                1
   9.7152738078414682        7.7409328755489630        33.480135582465941        2.0000000000000000                1
   3.4441708246242539        4.8092608897037010        17.217206584070013        2.0000000000000000                1
   4.5190462452370461        3.7867658148499594        25.580304772797700        2.0000000000000000                1
   9.4261229005821772        4.8612139989840637        38.006983818393188        2.0000000000000000                1
   3.5363049700701130        5.0103029866798110        23.477432681974644        2.0000000000000000                1
   9.5957281661869143        7.8161230396710364        37.820581744382345        2.0000000000000000                1
   9.8441980259353876        7.2349388266105779        16.831375265612241        2.0000000000000000                1
   9.0688921107268321        4.5691737587105283        13.467351318392065        2.0000000000000000                1
   7.8800346711243607        5.4205740662575028        29.832278668732396        2.0000000000000000                1
   7.1211382386086255        4.9819020357552199        18.499590481242770        2.0000000000000000                1
   5.0188417762162318        5.7361072173939904        26.543766649439586        2.0000000000000000                1
   6.4698250425035715        9.9319523471713165        24.363609580356474        2.0000000000000000                1
   4.9643732567350840        5.8567490561450644        38.108236899001803        2.0000000000000000                1
   9.7261211078464243        7.8002225960193599        35.695612172446765        2.0000000000000000                1
   6.8272882550425589        4.8694112383377970        22.999500371472571        2.0000000000000000                1
   4.4261372990114456        9.3184552459682575        5.1749236601873996        2.0000000000000000                1
   6.9439929465553405        3.0532736207815865        8.6492233363362825        2.0000000000000000                1
   5.1266512492581509        3.3048105198656637        33.865318157861239        2.0000000000000000                1
   4.5836741583272147        9.3617043962572843        34.384577656593294        2.0000000000000000                1
   6.8468152228291634        9.9357628448047617        30.509542755313312        2.0000000000000000                1
   4.4037286726212956        3.9327008222366620        27.580137148592506        2.0000000000000000                1
   9.8103927241986550        5.5236908117302495        22.666320024847256        2.0000000000000000                1
   5.0479598478331908        3.8895333685093543        2.1963164133561150        2.0000000000000000                1
   9.8104302259399176        6.7517562032542413        33.678863257347899        2.0000000000000000                1
   9.7765147245744952        5.3345628221738544        13.087123984911644        2.0000000000000000                1
   8.7033727434889609        9.1929490747758305        4.9456210391621820        2.0000000000000000                1
   9.4384473494085110        8.4000487004066979        4.4957560051002758        2.0000000000000000                1
   5.9431138078157666        3.0618400868620332        8.7765417112670914        2.0000000000000000                1
   7.5459846512488138        3.1786951544351774        19.311590821211908        2.0000000000000000                1
   3.3226362596393888        7.6818667025292111        3.1115939516865656        2.0000000000000000                1
   7.2603007380204243        9.7346540214149346        11.043912305463726        2.0000000000000000                1
   7.7507627909238090        6.5397534642806292        34.589469046455314        2.0000000000000000                1
   5.9719968626851285        8.0924131065873066        31.311865677002690        2.0000000000000000                1
   9.9037994758028898        5.8034621560869724        35.746647527671570        2.0000000000000000                1
   8.2588762767894544        9.4983115253851071        38.078746003202113        2.0000000000000000                1
   5.6896866441839942        8.0724299945667717        25.447897237225728        2.0000000000000000                1
   3.6473442462132941        8.5209863724736667        36.880755741869429        2.0000000000000000                1
   3.8401611680204986        8.6898554615434982        21.918634434868924        2.0000000000000000                1
   5.9976910020876479        6.7582913547245678        6.6255319834649828        2.0000000000000000                1
   4.8732739396297742        6.6409380115793102        19.945346195353189        2.0000000000000000                1
   3.1997537288955828        6.6149334135729729        18.448134603489635        2.0000000000000000                1
   7.3587459866986000        9.7072109512363163        24.856912795197697        2.0000000000000000                1
   5.0439234278694425        6.2655882892896955        24.584097053516174        2.0000000000000000                1
   4.4459491903418744        3.7712561507354319        19.397622758047120        2.0000000000000000                1
   8.9838732934267185        4.0701934623021572       0.53687879137848926        2.0000000000000000                1
   9.6324527364677692        5.1146574894640224        10.918959477695816        2.0000000000000000                1
   4.7458985582805262        9.3799446732478415        13.927773838288596        2.0000000000000000                1
   9.7627206481428974        5.6806709602778698        24.778849959710385        2.0000000000000000                1
   6.3733875090728001        3.0353207336173926        37.609759780679170        2.0000000000000000                1
   7.8694753386056773        9.7169245505783284        20.448087628595466        2.0000000000000000                1
   5.2482053069171934        3.2319385549076753        37.981472945899888        2.0000000000000000                1
   6.8440495214152532        3.0629509600400744        32.619398400552868        2.0000000000000000                1
   9.3568566856162931        6.4342535984890157        31.538185698993139        2.0000000000000000                1
   9.6432771435799651        5.0258112684904459        8.8589208111976649        2.0000000000000000                1
   9.6609409099597130        6.3049803985357142        5.1842047991306899        2.0000000000000000                1
   3.7425598882426701        8.5606276100872130        9.5160727615313316        2.0000000000000000                1
   9.2105322773341545        8.6651850374706889        14.517041145751833        2.0000000000000000                1
   5.3789496391584004        3.2718006847835732        19.306922990794138        2.0000000000000000                1
   3.0982844090533384        6.1051185625925575        23.467294368836491        2.0000000000000000                1
   7.7693536897110551        9.7374828501830439        13.464386702196080        2.0000000000000000                1
   8.1359502641706865        3.4382455570933357        38.732240100153859        2.0000000000000000                1
   7.3718892093379154        3.1423381511984085        34.826993876517243        2.0000000000000000                1
   7.3540125419416489        6.7457156534071370        3.9606378882368571        2.0000000000000000                1
   4.7196907173603444        6.6021564399337036        33.631490704781498        2.0000000000000000                1
   8.6272181529495207        3.8751519054160588        22.170258481849203        2.0000000000000000                1
   3.2628201573230347        6.2855594284603118        39.104083715062544        2.0000000000000000                1
   3.0562167114890770        6.3966675231721899        11.737848608924214        2.0000000000000000                1
   9.6753314355000093        5.1069498329744114        18.106556730382408        2.0000000000000000                1
   3.1153653170178397        6.1386388927639208        31.756432575190612        2.0000000000000000                1
   9.2308567285386367        8.6439100337836248        23.206220181421301        2.0000000000000000                1
   6.4270736147130894        3.0672130945132192        19.255219412782836        2.0000000000000000                1
   5.9091646796443413        6.7419457516362398        14.961133962951578        2.0000000000000000                1
   5.2083948529425994        7.2285366279951839        2.2398439325415258        2.0000000000000000                1
   6.0711469289743256        8.1738688120212100        18.713860020498132        2.0000000000000000                1
   6.1341465297922806        4.8640641010631924        7.4477631851942894        2.0000000000000000                1
   8.0931574133955060        6.9932757850959559        8.0166004680056488        2.0000000000000000                1
   8.8846092927486442        4.0294242055536689        36.160518260355488        2.0000000000000000                1
   7.0148827178873638        7.8757495900808454        30.845169996471459        2.0000000000000000                1
   6.5727633650313022        4.1365249873809411        30.739635279278534        2.0000000000000000                1
   8.1664660675723457        5.9263609432257587        39.599408530994545        2.0000000000000000                1
   9.2254685437178132        4.5276163510060963        26.498750121024607        2.0000000000000000                1
   5.9062158032786858        3.1354050061795120        14.925400674648676        2.0000000000000000                1
   9.5542528685883283        8.0969644656611273        19.080197691137041        2.0000000000000000                1
   9.9314177396712076        5.8232940268082558        37.990135718766744        2.0000000000000000                1
   7.8704392799468206        9.2666902231919277        18.251392442801208        2.0000000000000000                1
   4.4123214680682628        3.7918409532908512        37.776977586393471        2.0000000000000000                1
   8.3291022362892377        9.1434661632492986        25.107486750736854        2.0000000000000000                1
   9.6591250054961098        5.0699664210604727        28.784265378910369        2.0000000000000000                1
   6.5181661479774800        3.0432395094985507        35.373246933051270        2.0000000000000000                1
   5.0408145822830317        5.7305152458352193        28.576716821215133        2.0000000000000000                1
   8.2275861482100670        6.6979304581586030        26.099608756898164        2.0000000000000000                1
   5.3935556065007297        3.5997885440256625       0.18473446979505692        2.0000000000000000                1
   7.9079991444082403        7.4086088379980124        30.464602331356289        2.0000000000000000                1
   7.3057095387320867        9.7953229784816092       0.72211629726079563        2.0000000000000000                1
   7.1009278142872443        6.6396975251199004        19.648792593079843        2.0000000000000000                1
   6.3578933163931115        8.0171822687121939        16.672260344560843        2.0000000000000000                1
   4.9389149003695003        6.8248681546706855        22.022342340340696        2.0000000000000000                1
   4.7236411746359623        9.4934213366619868        26.597356225611602        2.0000000000000000                1
   6.7965454469862889        8.0372070119697021        39.656982429488586        2.0000000000000000                1
   8.9487993428013795        8.9350998433835809        33.417218454665722        2.0000000000000000                1
   3.5603157704834305        8.2120489634837757        23.881551195888054        2.0000000000000000                1
   5.2629712630102805        3.2411493190680036        10.917608760859714        2.0000000000000000                1
   3.6655965959001611        4.4787952422782693        12.610468501212274        2.0000000000000000                1
   8.3309784285010693        9.4635311680569707        35.879615247078604        2.0000000000000000                1
   3.0088992361276206        6.4458994369362150        36.989194645038737        2.0000000000000000                1
   4.0716905707175686        4.0816160699626503        15.051370401546045        2.0000000000000000                1
   7.7419817748730102        5.4137381476751019        27.643127782548344        2.0000000000000000                1
   5.5329371335324389        7.3295990584062904        16.921299072267729        2.0000000000000000                1
   8.2240797011420081        3.5570970193793663        6.7012086372086417        2.0000000000000000                1
   5.4704205284361995        9.7239816706096125        5.2447595666397442        2.0000000000000000                1
   4.8842321998620024        6.3946588242644484        10.901025626863468        2.0000000000000000                1
   3.0992508696677796        6.5413036644766951        9.7424172548866039        2.0000000000000000                1
   3.2346834279730414        7.5921627147473529        15.915476449428235        2.0000000000000000                1
   3.3217203484206181        5.4489323372349387        21.455969374896330        2.0000000000000000                1
   8.5058262392938087        3.6580578575273992        26.820267843356227        2.0000000000000000                1
   5.5072880254648746        3.3129607612721093        25.894829392737886        2.0000000000000000                1
   7.0425139019561058        8.0362917148574624        21.610296856229382        2.0000000000000000                1
   3.8085492747802845        8.6914129313910937        3.0262079069434789        2.0000000000000000                1
   7.9238347461974836        7.4429751267215805        24.129134400607622        2.0000000000000000                1
   9.4654929735992397        5.2391107170867866        20.408028681940596        2.0000000000000000                1
   7.2416671785059084        7.9290003234255897        37.158179055587901        2.0000000000000000                1
   6.3872332816316550        9.9624540584278698        36.623366959359245        2.0000000000000000                1
   3.2688166814137594        7.3840744942757555        5.3433861995588110        2.0000000000000000                1
   8.2404905545474847        3.5145505954896246        17.435736335390828        2.0000000000000000                1
   5.2488523657580952        7.2557735030892569        10.390515849223817        2.0000000000000000                1
   3.1354111269628446        7.3492054775423536       0.86860545625612340        2.0000000000000000                1
   9.9675412633057512        6.1092084234318138        20.651051716056276        2.0000000000000000                1
   4.0838735932617807        3.9852708635311251        2.4492208397891932        2.0000000000000000                1
