     1000000
           1
  0.10000000149011612     
   7.7999179270090151        9.5092176107002562        39.586833766009242        2.0000000000000000                1
   4.5958170759599488        3.5831064302830371        3.3827409047665635        2.0000000000000000                1
   7.1325718635418980        9.9190105331922460        29.753590405522907        2.0000000000000000                1
   9.4819501339602184        4.7556092827833840        33.026340719480139        2.0000000000000000                1
   5.7629008873191303        3.1299826767577921        30.319392418841996        2.0000000000000000                1
   7.0159374167100541        9.9533720957421625        4.0285054297045972        2.0000000000000000                1
   6.2006158625698715        9.7157278580017508        29.401149449660096        2.0000000000000000                1
   7.4076023901448309        5.6509401680851399        23.607059277353841        2.0000000000000000                1
   9.9369515937997246        6.3833833494843901        35.923219142526023        2.0000000000000000                1
   5.1772301204931823        9.0821818979412470        31.492698561201440        2.0000000000000000                1
   5.1302751519750256        6.9186350570903254        14.503237233942324        2.0000000000000000                1
   9.5110188471210506        4.7587480281943266        37.526449951709843        2.0000000000000000                1
   5.6284735013215466        5.2792979423431294        4.5254212822233635        2.0000000000000000                1
   5.9459731297686131        5.3887286745476244        39.399429451249830        2.0000000000000000                1
   4.1522369032289284        9.0135189324868801        4.0365554911410788        2.0000000000000000                1
   9.8092420140863474        7.1740892131156171        6.6544559998714936        2.0000000000000000                1
   9.9624615755598676        6.0649407933688240        8.8005866117568008        2.0000000000000000                1
   5.1866601952871321        5.4818147535134853        31.046469710601535        2.0000000000000000                1
   3.6504546234204787        8.4750377574757376        38.184010645008719        2.0000000000000000                1
   5.7168036643042983        9.8184636765313016        25.020793371464869        2.0000000000000000                1
   3.7882502215771039        8.5780455259596238        6.4488680163715406        2.0000000000000000                1
   3.0135229116112461        6.4943559007296647        9.8777189553481204        2.0000000000000000                1
   8.8887360874399750        9.0434128423271822        5.9392162946134937        2.0000000000000000                1
   3.1096122523139633        5.6525369096682860        23.951611798939755        2.0000000000000000                1
   3.1026416649724826        7.2204386230565234        12.548940024378687        2.0000000000000000                1
   6.9355015067332841        6.6310186434979466        3.6968505718640357        2.0000000000000000                1
   4.1788213683002464        8.7890585012289169       0.11550280464910059        2.0000000000000000                1
   5.0628212040720832        7.5374211850818504        27.979205322182651        2.0000000000000000                1
   4.1684129765383400        4.2340529323142704        36.544239975241759        2.0000000000000000                1
   5.9681977384061309        6.0077709044148744        26.685472363319782        2.0000000000000000                1
   4.9197799097270760        6.8511820228401659        1.2480977978642223        2.0000000000000000                1
   6.7810109974779742        5.9658825079995559        26.002894175448890        2.0000000000000000                1
   4.1449448291900026        5.8632383391809633        11.472604497301452        2.0000000000000000                1
   8.7969582805335040        9.1183679085883735        3.2151444882019140        2.0000000000000000                1
   5.9811332084449429        6.4712219866817478        18.339188818409706        2.0000000000000000                1
   5.1584060962881324        9.5046370531634636        10.646131514706671        2.0000000000000000                1
   4.7779834236865861        3.4728582813859994        1.1852618357846054        2.0000000000000000                1
   7.7290217307390003        5.3417822261860479        29.835452088558377        2.0000000000000000                1
   9.8922391103206575        5.8928989079187772        18.616112914888408        2.0000000000000000                1
   8.6123734996813717        9.1896754341077873        36.050099451623041        2.0000000000000000                1
   3.4838230594316997        7.9887178119253361        2.2495616156147187        2.0000000000000000                1
   8.8192805417070979        9.0815442276909302        8.3601174972421859        2.0000000000000000                1
   3.3970744854002395        4.9118001202338171        27.936696379213661        2.0000000000000000                1
   7.7378931934394668        9.7736986257249789        25.600071074765449        2.0000000000000000                1
   9.4157052085826134        8.1323232119462769        14.867087796993083        2.0000000000000000                1
   9.7354234115634082        7.5651077229536750        31.422411985328758        2.0000000000000000                1
   6.1263064405087428        7.9610861433159164        33.923336255057187        2.0000000000000000                1
   7.8085029388102427        5.6467763950181986        11.856472511579586        2.0000000000000000                1
   7.8393366565132725        3.2679891449050453        4.3253571930318566        2.0000000000000000                1
   9.9159292083066664        7.1751715504875531        15.020775990664983        2.0000000000000000                1
   6.7376663218026183        9.7865972278786337        22.924193111443987        2.0000000000000000                1
   5.2872366223524168        5.7551493727869163        35.416439462797669        2.0000000000000000                1
   6.6719871009730820        9.9432641866036029        1.3635383155017333        2.0000000000000000                1
   5.5145559764749761        3.4878839089691862        6.0154205907557134        2.0000000000000000                1
   6.9930693375203159        4.8298013826828976        17.540246915457196        2.0000000000000000                1
   8.6517798490977000        5.3638273280691440        25.261076352084974        2.0000000000000000                1
   5.6875255916517897        7.7839679704763887        36.514606669514102        2.0000000000000000                1
   9.6781689214739011        7.9571709827258870        33.971010125542037        2.0000000000000000                1
   4.6061814019048377        3.6308433505337856        16.336901685357059        2.0000000000000000                1
   6.2195759470523280        8.1128630410959861        26.356143969553173        2.0000000000000000                1
   6.5781323845782378        3.0083385028094849        34.727947206644771        2.0000000000000000                1
   9.9906943434208397        6.5815493426534699        21.552818258814302        2.0000000000000000                1
   6.1419291373690452        6.0875235000909544        37.534269689775194        2.0000000000000000                1
   3.0739012502414766        6.9535933222247444        36.969879433506520        2.0000000000000000                1
   5.7362408430888863        9.8669412618183561        22.926001879915606        2.0000000000000000                1
   5.8253526101100181        3.1022089301562517        14.491567725592921        2.0000000000000000                1
   7.5919410973522607        9.7565822542147824        1.7511474682162200        2.0000000000000000                1
   3.2831561129537672        7.7207145604359342        6.6641256586999145        2.0000000000000000                1
   8.6128079763041061        3.8674413969443449        26.612122776114589        2.0000000000000000                1
   6.1645049879469456        9.9399618508290075        18.719972913354685        2.0000000000000000                1
   5.5059425942625211        9.7973712531315904        27.207533227553785        2.0000000000000000                1
   7.9490036127896788        7.3123030069044663        30.416703103997769        2.0000000000000000                1
   8.6199235891535295        9.1891251765653816        17.032364598407447        2.0000000000000000                1
   6.0969101463850910        4.7454237897544855        33.518946070921039        2.0000000000000000                1
   7.9386910307703973        3.3119838068732594        24.704670110892689        2.0000000000000000                1
   7.3304551433298446        9.7890392290404158        18.514152423229259        2.0000000000000000                1
   5.5715974034581874        3.2170042494662079        3.9715614135352553        2.0000000000000000                1
   3.1453997002017493        7.4498358837413674        17.752381798831564        2.0000000000000000                1
   4.1191257309804330        9.0457414008285220        12.619209415966621        2.0000000000000000                1
   3.3449183610679269        7.9489060574472852        24.147455656274012        2.0000000000000000                1
   6.8403900574943739        4.9158036162997902        6.7200466902478144        2.0000000000000000                1
   7.2806352923640016        4.7870704550865906        34.073751094646006        2.0000000000000000                1
   9.9199423896354251        6.1499691763083897        6.6576786687768230        2.0000000000000000                1
   8.1541020303636866        7.1768790587864677        22.523751478548721        2.0000000000000000                1
   8.7302870212252870        3.9313031351478984        22.796876074574609        2.0000000000000000                1
   4.6236748178327307        3.6006280767326353        18.789682386968369        2.0000000000000000                1
   7.3610920088629044        7.9385542167894920        24.541697164970817        2.0000000000000000                1
   4.9365962589631849        6.9117581488771878        25.151587155630143        2.0000000000000000                1
   5.7983305956193512        5.0518925973698030        19.798866601303960        2.0000000000000000                1
   8.5840967155656145        4.2243079585672083        18.630075493274660        2.0000000000000000                1
   7.8640767703278494        6.7594877784185012        34.899767417799630        2.0000000000000000                1
   3.1383761686619942        5.9071432400618358       0.66091616279545362        2.0000000000000000                1
   9.8276947474583718        6.3922420948085232        23.901653435525350        2.0000000000000000                1
   9.2054642549577643        8.6335285682621308        10.514470509439480        2.0000000000000000                1
   9.5748551747753012        6.3014556600443639        28.995319023037752        2.0000000000000000                1
   5.0217887819665146        3.3459101905371607        21.371397627229374        2.0000000000000000                1
   6.1028801333408609        3.0500739120194686        7.9149661829450997        2.0000000000000000                1
   9.9322962385577522        6.5577444721659841        2.0814021620105212        2.0000000000000000                1
   8.9112641353297111        4.1547684222002657        20.674112443684020        2.0000000000000000                1
   6.5706442893092678        9.8187223629346114        20.747587764132717        2.0000000000000000                1
   9.2655606323207262        8.4993174387834980        2.4679354302039314        2.0000000000000000                1
   9.0370534454686204        8.7316046347499068        34.123134399607615        2.0000000000000000                1
   4.9516074968286841        9.5120952231681972        8.3789469354213804        2.0000000000000000                1
   4.5874138682607839        8.7279867229214751        18.310418772776519        2.0000000000000000                1
   7.5413757201750400        9.8346029850424141        14.421566209969344        2.0000000000000000                1
   4.9426858556294588        5.8484022819155550        29.068237014266337        2.0000000000000000                1
   3.1867981469742901        6.8629880061492585        31.043457061776401        2.0000000000000000                1
   6.5487323610111368        9.9776028333387305        14.480208027014960        2.0000000000000000                1
   8.7801958845367594        3.9033305811876682        33.053589533519549        2.0000000000000000                1
   7.0646596156391901        4.6774178533670367        36.366853138357691        2.0000000000000000                1
   3.1043115737217866        6.2605934709049400        4.9044292473914473        2.0000000000000000                1
   6.0801911629088909        4.1108315052279050        23.595494755452609        2.0000000000000000                1
   4.7661815008451445        9.5318020813382400        1.9617243491387240        2.0000000000000000                1
   6.8817104057976923        3.1040965476922544        14.243605213549735        2.0000000000000000                1
   8.4530787465356703        3.6488703908970037        35.248773197890642        2.0000000000000000                1
   9.6940638999213267        5.6273401878475990        10.856070918040370        2.0000000000000000                1
   4.8790709489713890        6.7263346241956814        5.7908403000321886        2.0000000000000000                1
   7.6892993315747429        9.7510080773256256        27.638341547700204        2.0000000000000000                1
   5.0316610014154621        9.6557393064813706        18.433411768217987        2.0000000000000000                1
   9.8239406418877859        5.5518911473967414        31.150904104292792        2.0000000000000000                1
   3.0328946105862791        6.0792292140713311        15.384408936627411        2.0000000000000000                1
   5.9895394669615634        7.8969541270359516        7.3299956947909308        2.0000000000000000                1
   3.2881113217025288        5.1820594023023050        3.2204127266484202        2.0000000000000000                1
   3.4091552264649017        4.8756184726062086        23.341336329191986        2.0000000000000000                1
   6.4074646165735576        3.0440669282363157        5.8700720139030764        2.0000000000000000                1
   7.8408346689724144        6.2435423445499687        27.825732587063126        2.0000000000000000                1
   9.5817087028151260        4.8655291498255746        3.5198920277858861        2.0000000000000000                1
   9.3540803910033414        4.5431502164622177        4.6139527509455656        2.0000000000000000                1
   3.2604438971735359        6.7159448496797873        7.1837492679695343        2.0000000000000000                1
   4.9468279786513909        3.3651651506760216        36.643548267571973        2.0000000000000000                1
   3.4650814341831668        8.0705434023980818       0.24270200450248036        2.0000000000000000                1
   6.1410383144656624        6.0297473823591892        10.801044702121816        2.0000000000000000                1
   6.5481554957830284        8.1390181113422848        15.373222719966767        2.0000000000000000                1
   9.4362463444999136        4.6819333938362933        24.943470343622451        2.0000000000000000                1
   7.2840469375364094        3.2524629444936712        39.732017310939327        2.0000000000000000                1
   3.9839934792336993        8.7985298301046537        24.472980392769585        2.0000000000000000                1
   4.9139829114158440        7.1796929724471950        39.147653898595273        2.0000000000000000                1
   7.2110818795333724        3.0909722363268162        21.797779250501794        2.0000000000000000                1
   9.2639749754743317        8.4393241924512541        23.805127415374894        2.0000000000000000                1
   7.8468803387206743        7.4561186920953615        32.994628113085973        2.0000000000000000                1
   9.9776944338360103        6.6642034757992521        12.800334353346910        2.0000000000000000                1
   9.6920675591337968        5.3120624816677413       0.23606349327264273        2.0000000000000000                1
   5.3521497241552485        5.3606993538415662        33.149768814914928        2.0000000000000000                1
   5.9827836465218152        3.0720945038007526        36.874124129554517        2.0000000000000000                1
   5.3520542849961545        7.7038635228584642        25.755355297529999        2.0000000000000000                1
   9.6724953037108481        5.0806205085689697        8.7774412406339124        2.0000000000000000                1
   5.3820895809254452        9.2631008152827548        14.164742693697246        2.0000000000000000                1
   3.7155546142230080        8.5214574023445557        20.255553065552665        2.0000000000000000                1
   8.0565041129908241        7.3001518780291610        24.928062368656924        2.0000000000000000                1
   5.9325397575357854        7.6245959617520658        9.5682398889415659        2.0000000000000000                1
   9.8330797197810540        7.3745065352496049        39.969574292619050        2.0000000000000000                1
   3.8687505370078177        8.7661287641577879        35.380930138008708        2.0000000000000000                1
   3.1148563915863079        5.6418577304726245        9.2258198906938400        2.0000000000000000                1
   8.3603134889447848        3.5889641789849231        6.2379037117325984        2.0000000000000000                1
   8.3347124548953726        3.7279925720364941        12.593599455356266        2.0000000000000000                1
   9.9572848392559017        6.4742349252541880        26.635399614644804        2.0000000000000000                1
   5.9604866335315787        3.0500021685913867        9.9941401391751068        2.0000000000000000                1
   6.3140456385869621        4.7618605143139989        8.9427867552497684        2.0000000000000000                1
   8.0919339957013285        7.0162216527276318        27.129379588431252        2.0000000000000000                1
   8.0414921898498513        9.6351006210239127        7.9764997130348680        2.0000000000000000                1
   6.0362588186002961        6.9941671383947739        32.142783893705435        2.0000000000000000                1
   6.7533231119706150        3.0642569094729395        1.6514495331273620        2.0000000000000000                1
   3.8782262353023347        4.2991539131637060        34.405740059312230        2.0000000000000000                1
   7.9460364403319099        3.3257539811946391        10.637177750856468        2.0000000000000000                1
   7.9964686062538819        5.5509864916467953        9.7972703541689299        2.0000000000000000                1
   5.0590388184124144        5.9022877454896330        6.4750030533050200        2.0000000000000000                1
   9.6514074205916938        5.8341179822143392        33.258015969373851        2.0000000000000000                1
   9.9381539994280388        7.0964505328321623        8.7282032128614855        2.0000000000000000                1
   7.1250468198749664        7.1574874994870461        38.928564343929118        2.0000000000000000                1
   7.1641392091065379        5.5337442124626186        5.9609735929484682        2.0000000000000000                1
   5.3233137738043359        3.2179177106354540        39.223538883514969        2.0000000000000000                1
   5.9183186335123139        5.7910011430122470        8.3313732895500774        2.0000000000000000                1
   5.0922199629781417        7.5555811366985646        7.6194673385969018        2.0000000000000000                1
   9.3094383393388789        4.4591834444078842        35.098632593084098        2.0000000000000000                1
   5.8722244322225068        3.1640699027855392        18.913157346335769        2.0000000000000000                1
   7.8795227326130775        6.1106286086047019        1.0412216891659141        2.0000000000000000                1
   4.6597077647477461        9.4702075760180158        26.706178157498933        2.0000000000000000                1
   5.1136743167489520        7.4236000832654669        16.802521721818458        2.0000000000000000                1
   8.0376615966753029        3.3810256603459585        37.594536002169598        2.0000000000000000                1
   9.8542589050533174        7.2694647248731439        29.013741712952100        2.0000000000000000                1
   6.6079598133554596        4.8369822456884242        4.6306642776298439        2.0000000000000000                1
   3.2773626658904691        5.2057929836478252        34.532974563916419        2.0000000000000000                1
   7.1860112811620072        4.7944420788400466        2.6748915880383084        2.0000000000000000                1
   4.8726027201134876        5.9142870205815425        24.860178580558070        2.0000000000000000                1
   3.3361228867190920        7.1342015060417232        13.607308448529762        2.0000000000000000                1
   6.5931554027638093        4.9294840094346926        13.415144172279753        2.0000000000000000                1
   7.8467641243836486        9.7156017259976473        16.551740608326426        2.0000000000000000                1
   7.9477237182130187        9.3865370319082242        5.8200308483328662        2.0000000000000000                1
   6.2521848471641857        8.2541598956440012        5.0137272412755181        2.0000000000000000                1
   6.6315548995304443        5.6955524970731917        15.456789206255976        2.0000000000000000                1
   8.7757828956627293        9.0707865693182601        25.680670031401743        2.0000000000000000                1
   4.9151521590196730        6.6008406949738641        34.783762001655070        2.0000000000000000                1
   7.7470916930010310        5.7096233089802428        17.534099221379691        2.0000000000000000                1
   8.1704574379053660        6.0343202823100235        7.7754648274484488        2.0000000000000000                1
   8.2423697715143938        9.5160302366761460        10.303107129363850        2.0000000000000000                1
   5.4022028101173696        7.7018801529884158        11.620042268848495        2.0000000000000000                1
   8.6011175192540481        9.0795941324058518        23.363236288548428        2.0000000000000000                1
   7.4350539930767372        7.8716979159590768        11.237488715049475        2.0000000000000000                1
   3.6878736191339394        5.4171682948549416        21.316008085489212        2.0000000000000000                1
   4.7977383491972478        3.4435547891836991        29.853918026492277        2.0000000000000000                1
   5.8544603280321494        4.9991287640508659        17.765772166948057        2.0000000000000000                1
   7.2496561267992883        8.1445591094439944        30.718379136470276        2.0000000000000000                1
   7.4484275064596304        9.8461704626210640        12.139931544472105        2.0000000000000000                1
   5.2196220863391130        9.7444907566126489        37.546420229475125        2.0000000000000000                1
   5.4188738721996987        9.6407554313255179        20.652412161343626        2.0000000000000000                1
   7.7404634193389255        3.2755434718876257        30.635763675855053        2.0000000000000000                1
   9.1326105628908749        4.2251317078335111        8.6046389213351038        2.0000000000000000                1
   6.1569496128739365        5.8535301013708230        13.052991884746694        2.0000000000000000                1
   3.9426574216697396        4.3847409084534794        16.286113668297574        2.0000000000000000                1
   7.7784192244030406        7.4097450508763520        36.886261060730625        2.0000000000000000                1
   7.1771714123917620        4.9540932546882610        31.750425184639042        2.0000000000000000                1
   8.4148820805252278        8.8697346776217145       0.11005154529055994        2.0000000000000000                1
   9.9689667823273957        6.7348331801316927        4.3824560921814646        2.0000000000000000                1
   6.2866847885153332        9.9721911735613542        33.445753395555641        2.0000000000000000                1
   9.6488422776655991        7.6719143549334508        12.761706619168093        2.0000000000000000                1
   6.1492661895674852        9.3815222103994191        10.531712129106090        2.0000000000000000                1
   4.8853864785315935        3.5998598088271709        14.338535883045150        2.0000000000000000                1
   8.8177308058528610        4.4180445898037153        6.6378291265461851        2.0000000000000000                1
   8.1110665365595676        6.9663115284078270        15.922338983105274        2.0000000000000000                1
   3.5373090908874723        8.1827737363454780        4.4110538377224335        2.0000000000000000                1
   4.8928091553947342        6.9264536539611798        3.4095046514183633        2.0000000000000000                1
   9.7352638640928522        6.3785163647132084        6.3914778134331177E-002   2.0000000000000000                1
   8.5004889914453337        3.6562396257227578        16.644648529487476        2.0000000000000000                1
   7.7630551042439127        5.4416104832436458        36.418702550200123        2.0000000000000000                1
   5.1977793669060581        5.8159247200022115        22.855071456515923        2.0000000000000000                1
   4.5977073207899490        3.6272048634015501        38.602565098000746        2.0000000000000000                1
