     1000000
           1
  0.10000000149011612     
   5.1807503322147790        7.9642548821971237        26.773660010638956        3.0000000000000000                1
   5.5138579144384758        4.7933202472677934        29.038413434512616        3.0000000000000000                1
   5.1348115635713816        7.9176562302921090        26.827318807847767        3.0000000000000000                1
   8.3436341019590650        7.2694916734920554        21.388775887583282        3.0000000000000000                1
   6.4179731725516840        4.5106034973326281        29.770595679348688        3.0000000000000000                1
   7.8845653417578605        7.9086481542777012        9.3059899366794596        3.0000000000000000                1
   5.2878020879819099        4.9342563184534960        10.295332406940318        3.0000000000000000                1
   8.4785095076504184        6.5792144717117651        26.354506319361072        3.0000000000000000                1
   7.3970356479989761        4.7978920144215635        37.896189986821305        3.0000000000000000                1
   6.3162616998830767        4.5158361925447084        25.755477786939494        3.0000000000000000                1
   4.7575027280207669        5.5567605899599393        14.066612522245949        3.0000000000000000                1
   8.3849788068778217        5.8316446946393619        3.7580791250261258        3.0000000000000000                1
   6.0166968692490412        8.4308301237091641        21.459249415644681        3.0000000000000000                1
   6.2833307808865531        8.4849553437862149        15.893930322372990        3.0000000000000000                1
   7.9549427443480329        7.8232278788897718        35.403882679257400        3.0000000000000000                1
   8.1332017566356178        7.4813909190222585        2.4434072153513897        3.0000000000000000                1
   8.0765088505354736        7.6821401263610589        29.351596229847761        3.0000000000000000                1
   6.2229332663791554        8.4533886039931954        32.945545451820607        3.0000000000000000                1
   8.4559026278109073        6.2431796057604547        18.126203591264698        3.0000000000000000                1
   7.0414426676450850        8.3289023387627452        32.170377845450503        3.0000000000000000                1
   8.4995414408629966        6.4606552916970399        16.213931504818113        3.0000000000000000                1
   7.2824636887118253        8.3155957968406700        15.514582427382289        3.0000000000000000                1
   4.9107000888023657        5.3138979653812575        28.337846448422269        3.0000000000000000                1
   8.1317632622204332        5.3648739898479159        24.586093274809478        3.0000000000000000                1
   4.6121350989031935        7.0020314222219335        36.694430981053394        3.0000000000000000                1
   5.0228443471076920        5.1678034631777363        1.5245768950415588        3.0000000000000000                1
   5.8711865726657306        8.3983904330940184        18.391285785271482        3.0000000000000000                1
   6.5382115705034716        4.5045440782504471        28.774914864694196        3.0000000000000000                1
   5.1941270265665169        7.9589705597530225        26.732791058207937        3.0000000000000000                1
   6.5496982346268595        4.5252747556594928        4.2045364751235033        3.0000000000000000                1
   6.2488409037047736        4.5835560434234823        30.948960318841024        3.0000000000000000                1
   5.6856998045105414        8.3205257536295303        8.6722113634042746        3.0000000000000000                1
   7.3382307213347708        8.3108873728725730        24.171310856097168        3.0000000000000000                1
   4.6688065094220050        7.0448008770939996        6.8399355177878087        3.0000000000000000                1
   5.7733511120352938        8.2872353541942907        12.793447704899314        3.0000000000000000                1
   8.3861140409295025        7.1018452765934947        33.386296986802471        3.0000000000000000                1
   5.3598019740953102        4.8575827571292942        13.138426726666969        3.0000000000000000                1
   8.4158092186334308        6.1305735464449320        36.588677128437446        3.0000000000000000                1
   4.8690675464340663        7.4716082151664143        31.686448103053809        3.0000000000000000                1
   8.4929758084939611        6.5051294548158864        8.7448427035596303        3.0000000000000000                1
   5.2344786118953799        4.9650983929688275        5.9168691156810862        3.0000000000000000                1
   5.2438183211783196        4.9490619191326539        4.3503496787607876        3.0000000000000000                1
   5.0646189836438147        7.8810426864482430        24.654732863348276        3.0000000000000000                1
   5.8306451881577193        4.6858208017496024        18.457085796304657        3.0000000000000000                1
   7.5540728589650641        4.8096147704251235        23.866639110073766        3.0000000000000000                1
   5.1033063700477674        7.9096135671231975        2.9195082663608618        3.0000000000000000                1
   8.4867705526320574        6.6896837891525927        29.489661033473450        3.0000000000000000                1
   7.8967966764643380        7.8823638611613918        20.580017210872484        3.0000000000000000                1
   4.5741820258357651        5.9690988524979476        15.875911068394522        3.0000000000000000                1
   4.9448660923842978        5.2585488158181386        15.155849081398664        3.0000000000000000                1
   4.7718134557525689        7.5062958844132099        5.9145509714270217        3.0000000000000000                1
   5.9466079117187816        4.5965709006959239        8.2479148463436953        3.0000000000000000                1
   7.9815336452869996        5.1775736773688879        2.9268684899536388        3.0000000000000000                1
   7.0270976382208907        8.4125439374318152        16.587466195725145        3.0000000000000000                1
   5.1474785707649859        5.0635623445200855        34.337737594783704        3.0000000000000000                1
   4.6977878246604021        7.3574049268441497        10.131150002861530        3.0000000000000000                1
   8.4145801960218787        6.9845098878337106        20.140806066730910        3.0000000000000000                1
   5.4756021381200704        4.8392708224774816        30.049639835564715        3.0000000000000000                1
   6.1645397385260372        8.4422283348610740        27.072710902279848        3.0000000000000000                1
   8.4643668878928899        6.4420378126252755        24.322732962229772        3.0000000000000000                1
   4.5203329182924001        6.2266182650835811        14.809641149729117        3.0000000000000000                1
   4.6891795350828724        5.9986950162434827       0.60477532070356754        3.0000000000000000                1
   5.9880210125768345        4.7031495050250243        5.2223530566171057        3.0000000000000000                1
   7.9698177663766252        5.2284974299598925        18.956078597524996        3.0000000000000000                1
   7.8557341317242289        7.9405980855028728        13.252639752418837        3.0000000000000000                1
   4.7620209030250393        7.4659131372194238        22.850258485838051        3.0000000000000000                1
   4.5403635592200997        6.8801601117930904        2.8188515874510496        3.0000000000000000                1
   8.3540158403224165        7.2029975556197909        21.377402842376139        3.0000000000000000                1
   5.1803871202138261        5.0262711590444873        16.200405148426199        3.0000000000000000                1
   5.1790575469777851        5.0626007599669913        16.198907707582944        3.0000000000000000                1
   8.0756251346159420        7.6815865228929470        19.406012191916712        3.0000000000000000                1
   7.1743596434386747        4.6323710342186706        2.0234168527372334        3.0000000000000000                1
   8.2454408544875175        5.5273879475092009        20.030113767171525        3.0000000000000000                1
   5.4980166652535640        8.1704994195997251        19.586172107389174        3.0000000000000000                1
   8.4483820087400296        6.8372739304956323        37.457520430250490        3.0000000000000000                1
   6.4577988577187950        4.5228653426414116        24.757470229442674        3.0000000000000000                1
   4.8391264162349987        7.6137325020155719        1.9365233237029231        3.0000000000000000                1
   7.8066259281868184        5.0234418779556460        17.848620435619097        3.0000000000000000                1
   5.9227500720201744        4.6051413692754206        15.397634252823890        3.0000000000000000                1
   8.3310519246313888        7.1883845198891265        30.386081161506816        3.0000000000000000                1
   5.3813235838910387        4.8911577873282406        26.004492502794715        3.0000000000000000                1
   4.7468452559127430        7.3593187029191540        34.760169471953162        3.0000000000000000                1
   7.5294030280366986        4.8046783118044809        23.871177484143818        3.0000000000000000                1
   6.0832149237872670        4.5808362157060456        19.471236485338384        3.0000000000000000                1
   7.8754332995088534        7.9294444365247090        1.4203693352988729        3.0000000000000000                1
   5.6556262602703402        8.2906109548177440        25.711944217911260        3.0000000000000000                1
   5.1958846069782592        4.9863162773401877        37.371092633933443        3.0000000000000000                1
   8.0411960904082349        7.6583245413597565        29.326702116234813        3.0000000000000000                1
   5.5441201819637733        8.2510092839743798        15.144872137613852        3.0000000000000000                1
   6.4683477294747993        4.5435364894307506        37.099015469139935        3.0000000000000000                1
   6.1819411990153492        8.4658510280248116        24.479593139514709        3.0000000000000000                1
   8.2194289923309523        7.4622722650629596        11.060375701434713        3.0000000000000000                1
   4.5987066521130666        7.0293972201750616        39.756040216274634        3.0000000000000000                1
   8.4602827817753337        6.4912655743160785        12.014961687662499        3.0000000000000000                1
   7.8532494648508715        5.0875077779604814        17.850384687558723        3.0000000000000000                1
   7.3816749351233932        4.9099184911235065        15.622212254458011        3.0000000000000000                1
   4.9687473310087853        5.3018232598967883        38.441042508363829        3.0000000000000000                1
   5.3372847415311782        8.1148016031500028        33.900539046370248        3.0000000000000000                1
   8.4981257940574295        6.4392442363487197        32.495234790439632        3.0000000000000000                1
   4.5152101021865585        6.6710889117547607        1.7393838868005740        3.0000000000000000                1
   7.8966461208667456        7.8603772029158296        4.4538638311942327        3.0000000000000000                1
   4.7347495473790229        7.4222772154512091        27.629326202685203        3.0000000000000000                1
   6.8465565997363269        4.5558051609092338        21.766344843621077        3.0000000000000000                1
   6.1216023395327070        8.4625750842150804        17.053998483694034        3.0000000000000000                1
   7.9265941556837438        5.1800646701177415        14.824033057958996        3.0000000000000000                1
   7.6541761884030741        4.8855768714469630        20.843166838986129        3.0000000000000000                1
   4.7679193375867035        5.5089760501567646        6.7576314649069893        3.0000000000000000                1
   4.9680127395334663        7.7794684461208368        28.644086865725352        3.0000000000000000                1
   8.0632009746379030        5.3596360766857893        1.7263524929360241        3.0000000000000000                1
   8.1619694440822492        5.4143000813168589        23.043536474730029        3.0000000000000000                1
   8.4703439290531559        6.2090828319187814        15.077321368148118        3.0000000000000000                1
   4.7088021049777673        7.3084089499424447        19.849682982050499        3.0000000000000000                1
   8.4989330688054174        6.5152738409657136        5.6988613800778056        3.0000000000000000                1
   7.4133389177149116        8.1997266349446356        7.3981267591730449        3.0000000000000000                1
   4.5738532627440280        6.1639164476623032        23.071642816362456        3.0000000000000000                1
   4.5433097941370253        6.5464013548980651        32.618180542111659        3.0000000000000000                1
   8.4447928407227408        6.0431836966324726        30.572156386679698        3.0000000000000000                1
   5.4897059602555185        8.1538712595249265        30.893380376019362        3.0000000000000000                1
   6.4235666980860220        8.4985064956116450        3.2709577852338416        3.0000000000000000                1
   6.5953400012419054        4.5038300558252047        13.412226057739842        3.0000000000000000                1
   5.8156525084152451        4.6375474196435222        39.200703439921490        3.0000000000000000                1
   8.1908198782061223        5.4629760284587636        15.923924325292395        3.0000000000000000                1
   8.2680615401258049        7.3213374096412993        36.395702336278234        3.0000000000000000                1
   7.3429621572436155        4.7476187430947547        19.727527107132367        3.0000000000000000                1
   6.9621148734861151        8.4415029742222352        35.197537775580052        3.0000000000000000                1
   7.6998421147549552        8.0738618516571687        21.701307330212206        3.0000000000000000                1
   7.7614725754207026        5.0260635726358620        26.995506787024460        3.0000000000000000                1
   8.4721311208485997        6.8244078727630146        28.356528894407418        3.0000000000000000                1
   8.0501198451006637        7.7067860341263064        25.083080873064521        3.0000000000000000                1
   5.3237835517587646        8.1175335651255374        23.698890937770145        3.0000000000000000                1
   8.3618502524901501        6.0559472837221637        6.8478551553913451        3.0000000000000000                1
   4.5605016485151522        6.9591386762573801        29.621556693718052        3.0000000000000000                1
   7.5819455969142782        8.1802806371861170        37.258160048867722        3.0000000000000000                1
   4.6961897238281498        5.6512380090235137        39.460329586239837        3.0000000000000000                1
   5.1368136059488618        7.9622515880470006        2.9223819221769354        3.0000000000000000                1
   4.8025000048384960        5.5217892190807456        2.5225405573761313        3.0000000000000000                1
   8.4696737452953528        6.2892961510912997        2.7017916287469754        3.0000000000000000                1
   5.2420391848832413        4.9780197007727782        9.0377411406715158        3.0000000000000000                1
   5.0428449288222961        5.1930256187448895        31.340831164762822        3.0000000000000000                1
   4.8830320397301437        7.6546997380370243        4.6343651690435443        3.0000000000000000                1
   7.1816802578896892        4.6343270760716671        2.0171819365162285        3.0000000000000000                1
   5.0822932699695809        5.1016408135071636        34.372737363027795        3.0000000000000000                1
   4.7518198804689211        5.5341890272106324        3.5747659275997408        3.0000000000000000                1
   5.9617602188631871        8.3815702418778883        39.018469402855942        3.0000000000000000                1
   6.0190943267109791        4.5890479464651772        38.200566172383965        3.0000000000000000                1
   7.6409518537954613        4.8574965477894505        33.780906647453136        3.0000000000000000                1
   8.0639635200987172        5.3365301271395769        38.720668025660665        3.0000000000000000                1
   6.3348364320332928        8.4728302460790719       0.16456590104763977        3.0000000000000000                1
   8.2084562263293890        7.5097714792475090        5.4903403613603228        3.0000000000000000                1
   7.1218026841994426        4.7279630315003152        31.860986967805200        3.0000000000000000                1
   7.4714631180540403        8.1956732982035110        33.162922943664874        3.0000000000000000                1
   7.9198721844106927        5.1361813536598904        14.774736589065498        3.0000000000000000                1
   6.9999108893489010        8.3328456769411758        5.2943379444695333        3.0000000000000000                1
   8.0711634362114886        7.6804723828405237        29.317640843355075        3.0000000000000000                1
   4.9921360176914913        7.6646749342644140        38.899643614075963        3.0000000000000000                1
   4.5653619287805283        6.5576352661453585        21.988142844296998        3.0000000000000000                1
   4.8741011011298347        7.6576275644705234        8.9827535127548757        3.0000000000000000                1
   4.6165276723609008        5.9029498723631653        8.7354772740385798        3.0000000000000000                1
   6.4526989235600825        8.4586929279196497        34.108502840065370        3.0000000000000000                1
   7.6500165998903169        4.8739779607505334        4.1058077395614134        3.0000000000000000                1
   6.2349794255367579        8.4008254671950375        10.497622205677953        3.0000000000000000                1
   8.3333431058177805        5.7698077485737871       0.67253506847733524        3.0000000000000000                1
   5.6489691564614892        8.3092447291633675        37.940460737903756        3.0000000000000000                1
   4.6714363237161631        7.1090454105935033        3.7994075792210356        3.0000000000000000                1
   7.0002498464163612        4.5799487701297892        38.969966861367759        3.0000000000000000                1
   8.2766877978692897        5.6185782752174394        25.567162730416641        3.0000000000000000                1
   8.4360625108176794        6.9419168890715506        34.451446984153591        3.0000000000000000                1
   7.8756250044271932        5.1486229791313063        10.527301612801367        3.0000000000000000                1
   7.9711593743509468        5.2088953784315146        18.914571131799399        3.0000000000000000                1
   4.7221746136126441        7.3622923067005139        15.797712185692811        3.0000000000000000                1
   4.5143298785404253        6.7310731122539069        28.349711307297756        3.0000000000000000                1
   8.3737463586700027        5.8773539120523379        21.128587831883468        3.0000000000000000                1
   7.9264701963491202        5.1858984989607890        14.780291497086635        3.0000000000000000                1
   4.7074257005981668        7.3384419847590374       0.78684520498510491        3.0000000000000000                1
   6.5596084822643164        4.5118248019671370        1.1982231067270213        3.0000000000000000                1
   6.4999750189485841        8.4890047147614798        14.703751079694541        3.0000000000000000                1
   7.2630757315646113        4.7574681066011779        34.898215223473045        3.0000000000000000                1
   7.5162759406568282        8.1948035566240023        14.379472620460119        3.0000000000000000                1
   7.7591339032828817        8.0535212347565039        17.407573966744188        3.0000000000000000                1
   5.4962869616466703        8.2296896280658363        27.819813943469477        3.0000000000000000                1
   6.5298795816269282        4.5091351984701129        28.775839548480526        3.0000000000000000                1
   5.6879587813386676        4.7214183809371457        11.320505320132613        3.0000000000000000                1
   5.5066407161061344        4.8046041572847438        24.497122737209281        3.0000000000000000                1
   4.7710996978812865        5.5369710872735416        26.530161219785306        3.0000000000000000                1
   7.2200811483975125        4.6462080228937808        5.0673058435133331        3.0000000000000000                1
   4.9858095772060151        5.2275829938056191        8.0210539390966282        3.0000000000000000                1
   8.1869831744458104        5.4434624263280016        11.594543162686877        3.0000000000000000                1
   8.3319695999747587        5.8349724293426508        37.663611855486380        3.0000000000000000                1
   6.4835911228751577        4.5331086434131729        27.774413546299680        3.0000000000000000                1
   7.2640141693241320        8.2625348606330018        2.2696251082885630        3.0000000000000000                1
   4.5565935307466425        6.0891041487137292        37.541504713541855        3.0000000000000000                1
   5.9861509001392070        4.6156626783716046        35.106604309269542        3.0000000000000000                1
   4.7461661929254300        7.3117647567053439        37.781370935031383        3.0000000000000000                1
   5.7254968111614817        8.2625791927264078        25.703083038714475        3.0000000000000000                1
   8.4519573004712143        6.6735864381914967        38.632974417957016        3.0000000000000000                1
   5.7174695132828006        8.3399794626254202        4.0218273072186630        3.0000000000000000                1
   6.5662861648013884        4.6034397258993023        20.605870019982746        3.0000000000000000                1
   6.3330236999570690        4.5248643107124762        34.020547094669396        3.0000000000000000                1
   5.4103970643477233        8.1043816069211143        13.825106562920912        3.0000000000000000                1
   4.5998611370451252        7.0450907510673675        33.663427983708253        3.0000000000000000                1
   8.3000196699002871        5.6600378060714149        16.904745258228250        3.0000000000000000                1
   8.1785182212586811        5.8325875305471602        9.8507896675617097        3.0000000000000000                1
   7.0322122005747385        4.5942177269854305        35.941460193426259        3.0000000000000000                1
   7.7112570251289085        8.0892502587877253        6.2837053426662717        3.0000000000000000                1
   7.6746581546816373        5.0305374553780275        36.865261766604760        3.0000000000000000                1
   7.5867747407436346        4.9272812633709835        30.780132466287935        3.0000000000000000                1
   6.8027834269041483        4.5299731863006141        10.397230959444494        3.0000000000000000                1
   7.7612411624675488        8.0483268038942359        37.211125741616137        3.0000000000000000                1
   5.8218401012919401        4.7133710477178612        2.2102018813433228        3.0000000000000000                1
   5.8916294504002602        8.3882607639631690        28.746572784596406        3.0000000000000000                1
   8.2251926015415222        7.4614058608428877        7.0329395350194401        3.0000000000000000                1
   8.4802972736470981        6.2692077823981709        22.280310799927285        3.0000000000000000                1
   8.1044158929080776        5.4388497707462147        31.529678072116702        3.0000000000000000                1
   6.1406194404441434        8.3932096864160677        11.719259097375424        3.0000000000000000                1
   6.8165545274944064        4.5362947650881056        10.398199669283056        3.0000000000000000                1
   7.4988294289205042        4.7749031997878548        25.414985551159170        3.0000000000000000                1
   5.0934631957965122        5.0896139759500416        12.084404830211470        3.0000000000000000                1
   4.8497583463373140        7.5560693889016086        14.487833491892063        3.0000000000000000                1
   5.3340708391306508        8.0660391605121653        16.446659719039108        3.0000000000000000                1
   4.8979795017632455        5.3545594143905291        25.254273160104837        3.0000000000000000                1
   7.6114222230242445        8.1618557047296996        3.2809066932889199        3.0000000000000000                1
   4.8596265582192757        5.4368883788026929        22.244466196636775        3.0000000000000000                1
   6.2912286828867234        8.4806499051682671        20.389456751959656        3.0000000000000000                1
   5.6361025504107767        8.2092918281264584        5.6110879471840596        3.0000000000000000                1
   4.5224878499096324        6.7825156604155881        26.562533673608627        3.0000000000000000                1
   4.6794076552071253        7.2719754796618243        30.646916060954680        3.0000000000000000                1
   4.7427884248343410        5.6179319789796693        21.175630747023220        3.0000000000000000                1
   4.8412250719255239        5.4820548871520405        6.7137066941255314        3.0000000000000000                1
   7.8228144916071027        5.0151205579263882        39.863125123660225        3.0000000000000000                1
   8.3432622946778743        6.2335717232924157        10.756375096291954        3.0000000000000000                1
   6.9111961725936553        8.4553326987163668        1.2116351603040196        3.0000000000000000                1
   7.9353438621071417        7.8809232418187749        28.094764467877997        3.0000000000000000                1
   7.1966159272875529        8.3595576820115216        19.910017154828246        3.0000000000000000                1
   4.5530254433355370        6.0524138080442365        11.805628564456292        3.0000000000000000                1
   6.9315564560103571        8.4427974442120153        22.358331015101843        3.0000000000000000                1
   8.3832138915105272        5.9032892359185460        33.595144991229667        3.0000000000000000                1
   5.1308485634336582        7.9562383668542580        36.897157230176184        3.0000000000000000                1
   8.0137497751990860        5.2038951032854994        14.797364017519424        3.0000000000000000                1
   8.0174561447742239        7.7374958680385477        38.414303147351390        3.0000000000000000                1
   4.5334443169987066        6.6839525424005322        4.7850013813667891        3.0000000000000000                1
   4.5353181744276778        6.7706893507295378        13.741505348771199        3.0000000000000000                1
   4.8119269598902417        5.4745747295815512        32.411689083305610        3.0000000000000000                1
   8.4837152669196243        6.7091734691570091        7.7539388568296967        3.0000000000000000                1
   5.5191967925713863        4.7940894187245746        7.1245013465087599        3.0000000000000000                1
   8.4876369448305411        6.4997570432192013        19.213758510559032        3.0000000000000000                1
   8.4005301509091765        7.0881481283486147        27.367034950631716        3.0000000000000000                1
   5.4666340962830464        8.0812832477295977        9.7309386880349891        3.0000000000000000                1
   5.2817279368351668        4.9895563809859844        20.403032367125039        3.0000000000000000                1
   6.7081150690884987        4.5464181734680800       0.13051933680614103        3.0000000000000000                1
   8.0591807265564892        7.7362459313220420        8.0630773281969628        3.0000000000000000                1
   4.9304693252905976        7.7127246134134761        35.894546950168944        3.0000000000000000                1
   5.6019605122483505        4.8494579543557892        33.138092072869192        3.0000000000000000                1
   8.1733180844217141        7.5725514603987207        26.275175542694548        3.0000000000000000                1
   8.3718132190140384        7.0845776953725901        27.332475069103801        3.0000000000000000                1
   5.6759091413545883        4.7891161354280989        36.144628339842534        3.0000000000000000                1
   7.9165188285348398        5.0989145229094968        22.085634634052493        3.0000000000000000                1
   7.8765081134778558        5.1658332825741970        32.637348807237842        3.0000000000000000                1
   8.3031326587197647        5.6915995668856825        12.862433513598246        3.0000000000000000                1
   7.2731203170159677        8.3292798411671569        11.367832794979027        3.0000000000000000                1
   8.2321381356419412        7.4147599980071544        24.119240376019540        3.0000000000000000                1
   4.5384062897643194        6.5189794050895804        18.906730374071522        3.0000000000000000                1
   4.8148842066461777        7.5166344969150964        18.833076153624198        3.0000000000000000                1
   7.4040818373276185        4.7894012102775303        8.1366382111129507        3.0000000000000000                1
   8.3840137574654090        7.1330859072267483       0.44915255068346888        3.0000000000000000                1
   7.7933285130219954        7.9957533964920753        31.173981880310969        3.0000000000000000                1
   8.4776444375416826        6.7800102613057920        31.448418118271203        3.0000000000000000                1
   5.4921557961885954        8.2247671106388918        19.535847714309469        3.0000000000000000                1
   8.1999802181614623        5.4598301410586370        4.7928948290877180        3.0000000000000000                1
   7.1621142589094884        4.6418580612733837        11.337720155462316        3.0000000000000000                1
   4.5293343879390733        6.1613379328878759        5.7394760754674596        3.0000000000000000                1
   7.6422305431367299        8.1226082009780693       0.26777946863546698        3.0000000000000000                1
   6.2092512471795569        4.5287833751101019        6.1996725655807907        3.0000000000000000                1
   8.2007496167987526        5.4538860007902947        8.4900301220828052        3.0000000000000000                1
   7.5739468272672106        8.1543284253063533        30.163847357966201        3.0000000000000000                1
   4.6628713995495614        5.7398280173215426        9.9858546349911688        3.0000000000000000                1
   4.5442538543771480        6.1089097138638895        30.360317273222471        3.0000000000000000                1
   5.3809212716629746        4.9137165157822951        27.547011859380877        3.0000000000000000                1
   6.3114565198612782        8.4871945843646248        6.4149316634432187        3.0000000000000000                1
   7.7640803026956489        5.0704479014356210        36.778339767711813        3.0000000000000000                1
   8.3401760559685272        7.1288992469437176        10.046589479138888        3.0000000000000000                1
   5.9223189854850560        4.6348387040918366        22.527633828221347        3.0000000000000000                1
   8.2139751534852863        7.4392784483891514        18.289356954580605        3.0000000000000000                1
   8.4496266597349479        6.8315464897597797        4.7333995981462778        3.0000000000000000                1
   4.5436229347955779        6.4349135081447191        38.668966362387692        3.0000000000000000                1
   5.0066675578857440        7.8297540348999064        17.563412604245904        3.0000000000000000                1
   7.2875631508486380        8.3083740904948691        39.181300299007212        3.0000000000000000                1
   4.7013946476020969        5.8284076529428432        33.362646229975141        3.0000000000000000                1
   4.5999933385829470        6.0689220507426151        37.581548305226882        3.0000000000000000                1
   5.3318684725531620        8.0901875343340848        23.672328707126415        3.0000000000000000                1
   4.6137110441395155        6.7290108799647586        17.814376364556651        3.0000000000000000                1
   7.0448522415515153        4.6676654334100318        18.706546201923167        3.0000000000000000                1
   4.8407513974053327        7.6015327749711279        13.150152020036746        3.0000000000000000                1
   6.1720502116248142        8.4482267517236362        36.016332907255411        3.0000000000000000                1
   5.5343536210590845        4.7646780987462289        7.0784020418768350        3.0000000000000000                1
   6.1563954634459064        8.4244231555653233        2.0256682412850679        3.0000000000000000                1
   4.7120577815570996        5.7305513291722798        36.402050927738259        3.0000000000000000                1
   7.8257042433281310        5.0422471681828354        5.9327824687617010        3.0000000000000000                1
   7.5429405409836532        8.1998367122850269        18.608528407684453        3.0000000000000000                1
   7.6280385256767822        4.8696222006197853        9.5631358709390657        3.0000000000000000                1
   4.5031390264010991        6.4611809673687635        10.733500414634568        3.0000000000000000                1
   6.9558588318459318        8.2939394005373952        8.3427012694800684        3.0000000000000000                1
   7.7061350739104446        4.9431567159501135        13.557700515314798        3.0000000000000000                1
   6.2449264944056644        4.5341261608507892        23.632488858514066        3.0000000000000000                1
   7.8735271431929617        5.0939999560888216        2.9080529413685725        3.0000000000000000                1
   8.4804320311862398        6.3697028370999762        39.653128471467852        3.0000000000000000                1
   5.9214844880954152        8.3993325209929086        31.902404636911257        3.0000000000000000                1
   5.7441760041497814        4.6707005353691731        14.335840515897992        3.0000000000000000                1
   7.8816592248016262        5.1118001579130716        35.669320685866815        3.0000000000000000                1
   4.9025800983446590        7.4047426761214661        31.721303931192303        3.0000000000000000                1
   4.7878194091604822        5.4934210329830879        18.172765914394059        3.0000000000000000                1
   8.0915362610494732        7.6459713185197682        12.288015625365967        3.0000000000000000                1
   5.1359184794904902        5.0618105402886462        23.531354784274185        3.0000000000000000                1
   7.6335361581981260        8.1346484392969156        27.153707049363522        3.0000000000000000                1
   4.6604754595675768        5.7524084854317614        9.9732699605645543        3.0000000000000000                1
   6.2697330555510682        4.5195132536699258        9.2659905990328983        3.0000000000000000                1
   4.8070388716757364        7.3409221439597943        19.843137181317157        3.0000000000000000                1
   7.8578647747256518        5.0941944273859932        29.567785799708769        3.0000000000000000                1
   5.1019053710946451        7.8546294125371139        32.902024833280628        3.0000000000000000                1
   7.9692855917037289        7.8550335016344812        16.296083373009882        3.0000000000000000                1
   5.3915134985804185        4.8438612806388912        17.379656043895885        3.0000000000000000                1
   7.9992865773828887        7.8145932370308344        28.108349177862205        3.0000000000000000                1
   7.7219591820648965        8.0775492029441143        23.204168114183169        3.0000000000000000                1
   5.7307641574147876        8.3323193253024108        22.686373372671540        3.0000000000000000                1
   6.5827101893488358        4.6246773545592825        20.613344043109944        3.0000000000000000                1
   6.6461905801555323        4.5382254017853771        3.1795002039507878        3.0000000000000000                1
   5.2296747086069688        8.0203056097361181        39.899012447156494        3.0000000000000000                1
   7.7180618702675208        4.9421250340342420        13.570482577640108        3.0000000000000000                1
   4.9692187004314521        7.5093545036825207        25.854600230899191        3.0000000000000000                1
   5.9977168204449001        8.3822889795934472        7.4650430054520793        3.0000000000000000                1
   5.0816107765141174        7.9019259191317701        29.866390812234034        3.0000000000000000                1
   4.8335663165367730        5.4052573012885219        11.055729284497644        3.0000000000000000                1
   5.5848844539663505        8.2465313282913275        34.919633771958964        3.0000000000000000                1
   8.2810877222512289        7.4091068193068796        18.315438771034426        3.0000000000000000                1
   5.4617143378925892        8.1294255990327624        30.876445560021310        3.0000000000000000                1
   6.1982220818322427        4.5316732641717801        12.292494229993137        3.0000000000000000                1
   7.5877872801338571        4.9658490073105606        30.659879810279588        3.0000000000000000                1
   5.4695694754956783        8.1967871708032192        1.0040406320809985        3.0000000000000000                1
   5.0741172416426856        7.8677100334399874        12.110233852654982        3.0000000000000000                1
   5.7780078837611759        8.3268915832572254        8.6342901996743393        3.0000000000000000                1
   7.8614344260264053        7.9429688858784955        34.192587883028565        3.0000000000000000                1
   5.2863849239700951        7.9838631433932568        20.645858847810562        3.0000000000000000                1
   4.5862987895442924        6.3843960276360905        38.678931115367156        3.0000000000000000                1
   6.0774926197966144        8.3764023455268610        11.708392882649459        3.0000000000000000                1
   7.3558547300341131        4.6973043312014440        12.618779346846418        3.0000000000000000                1
   8.2612921484078594        7.4473660744941945        22.406731655825734        3.0000000000000000                1
   5.8645874219153740        8.3890198881836930        31.931818520452726        3.0000000000000000                1
   4.6913066765922773        5.7442046837501559        24.283106403441330        3.0000000000000000                1
   8.4426502071885903        6.7338444874362366        23.304919124059424        3.0000000000000000                1
   4.5700201208399003        6.4211456102344453        35.657271564936075        3.0000000000000000                1
   4.9131065620322500        7.6950849771905228        21.827948975225187        3.0000000000000000                1
   6.4879713524264950        8.3247883100759115        13.549968613453492        3.0000000000000000                1
   4.6433363259623581        6.9622548476361867        20.834784819569929        3.0000000000000000                1
   6.1149601481375857        4.6454451951448075        26.766492995457369        3.0000000000000000                1
   8.2887423539297025        5.6189246433478681        34.661895871806159        3.0000000000000000                1
   4.8863985675732611        5.3231293294012172        35.427275674477272        3.0000000000000000                1
   7.3755961234581253        8.2599789584268350        36.168044955483758        3.0000000000000000                1
   8.2321985512998594        7.0674380039730806        27.320667000832294        3.0000000000000000                1
   7.5557389248746532        4.8339573468345289        16.730326990700629        3.0000000000000000                1
   8.0712059548223465        5.2683295733675788        7.4830379029602554        3.0000000000000000                1
   5.6908471650622223        4.6909588363323707        36.160642160875213        3.0000000000000000                1
   7.7208309796427113        8.0775869836191152        6.3023683612064048        3.0000000000000000                1
   5.9637022895555374        4.5829093453871970        32.106023797369645        3.0000000000000000                1
   8.1092584123421254        5.3800569967012706        11.645692429087887        3.0000000000000000                1
   6.9271174506581055        8.3626163578027679        12.447955812648772        3.0000000000000000                1
   6.4694675452130026        4.5178820792291274        27.765954901445305        3.0000000000000000                1
   5.0571378084303840        7.7643286195631633        7.7098361359380716        3.0000000000000000                1
   7.4951449869556441        4.8141352038912855       0.99033756610825707        3.0000000000000000                1
   8.0613270168942428        7.6151705256543831        32.399959487914508        3.0000000000000000                1
   6.5299794721413011        8.4995331069758766        37.108696516543048        3.0000000000000000                1
   6.8568817108284215        4.5492417650422725        32.861393239863787        3.0000000000000000                1
   4.5868719993765170        6.0184372757640388        13.042023300422628        3.0000000000000000                1
   6.6332526939490970        4.5206996838421016        17.600780084571490        3.0000000000000000                1
   8.1905438395027623        7.3195903734384595        39.443040312433332        3.0000000000000000                1
   5.5314775186752430        4.7597980589782969        21.484257389997143        3.0000000000000000                1
   5.4894262151782289        8.2130852783430885        27.805233732791777        3.0000000000000000                1
   4.7537095002071137        7.0592858508638070        16.809826291582265        3.0000000000000000                1
   6.3578291586311799        8.4929715981405298        9.4495053724442943        3.0000000000000000                1
   8.4364961536243808        6.3214856768483685        35.504902948355571        3.0000000000000000                1
   8.4208713420967669        5.9951776763623243        13.905065960879972        3.0000000000000000                1
   8.3873961191470219        6.9867171590122599        3.4626271025772786        3.0000000000000000                1
   8.4566162325008669        6.4890510803207935        1.7068859010906698        3.0000000000000000                1
   5.5073360447195894        8.1715769267371012        30.860877030497054        3.0000000000000000                1
   7.0394151817776516        4.5777912052502403        14.353657026054119        3.0000000000000000                1
   5.3296218459383429        4.9848369546262550       0.49650954968770789        3.0000000000000000                1
   5.6300089294274382        4.7824754794849040        33.102843574155706        3.0000000000000000                1
   8.4808273801505845        6.6723911459070138        25.330043480579324        3.0000000000000000                1
   4.6136793642217908        7.0885306043694030        23.833818213681528        3.0000000000000000                1
   5.2969477474094022        8.0098044904100067        6.6332275014879087        3.0000000000000000                1
   6.4700268039172935        4.5034272697044413        7.3540724859958813        3.0000000000000000                1
   4.7674507079521824        5.5275714950928734        29.335512199181675        3.0000000000000000                1
   4.5344168944994117        6.8281629390005207        25.062453342539190        3.0000000000000000                1
   8.4517458288239862        6.2044789577779369        15.063338122738122        3.0000000000000000                1
   4.5967103732665997        6.0780062896711291        34.420829376871438        3.0000000000000000                1
   5.2513410538422631        8.0571025652618147        10.814141677109379        3.0000000000000000                1
   8.4595351055217005        6.5888965555104324        26.435150437467360        3.0000000000000000                1
   4.6771134330924982        5.8058670008816620        17.071691272696388        3.0000000000000000                1
   4.9684504144370667        5.2168373065982419        19.249034157717759        3.0000000000000000                1
   7.2262037092491225        8.3519566104900598        29.073269061581595        3.0000000000000000                1
   6.4557038072240012        8.4933233210489814        23.432589123920707        3.0000000000000000                1
   4.5009480652266198        6.5516413683729295        31.363611695112731        3.0000000000000000                1
   6.7497119135727779        8.4795586692537874        38.194813138147438        3.0000000000000000                1
   7.1346739038941500        4.6103300972535743        22.827473378420127        3.0000000000000000                1
