     1000000
           1
  0.10000000149011612     
   6.9941104472335924        7.0055692242192924       0.87247275723938578        4.0000000000000000                1
   6.9855817016992150        7.7567811618196165        39.063437237368063        4.0000000000000000                1
   7.0203897719011756        6.0393193842930408        25.134120241815967        4.0000000000000000                1
   7.1932275789550131        7.9764874389035105        25.564245577337882        4.0000000000000000                1
   6.9981246607814995        7.0166163066497091        30.991656749467744        4.0000000000000000                1
   6.8540492027753528        7.9753316283998394        30.724552344328544        4.0000000000000000                1
   6.0582937727211679        7.2879902807675734        30.764831383987538        4.0000000000000000                1
   6.1026948430917241        7.1235385978007626        6.6760185748050418        4.0000000000000000                1
   6.0119828746334978        7.0121309137545520        31.753777423343319        4.0000000000000000                1
   7.8925308198580781        6.5583960880035175        15.476756231516067        4.0000000000000000                1
   6.9568487311376099        7.4678540779550344        31.906806493616283        4.0000000000000000                1
   6.8800038692250061        7.9808153661261079        1.0736975343569015        4.0000000000000000                1
   6.0052404868404938        7.0222584357013211        10.907967236551249        4.0000000000000000                1
   7.3497618956531729        6.0889742909110778        16.498784214935391        4.0000000000000000                1
   6.1689523351655788        7.4495795315611915        33.887504515767183        4.0000000000000000                1
   6.9841211297298065        7.9789578898387239        5.2143717297661407        4.0000000000000000                1
   7.2786373375308999        6.1968052241820288        24.149836291693454        4.0000000000000000                1
   7.0047238585402587        6.0289660111623959        20.894412026744853        4.0000000000000000                1
   6.0189225895979019        6.8601127487849682        15.074710250985786        4.0000000000000000                1
   7.4016162049907530        6.0917345032286345        14.555180361615635        4.0000000000000000                1
   7.0286268432747363        6.9843210614333184        14.904485564912699        4.0000000000000000                1
   6.9811292533932292        7.9941547206639063        34.887306485131752        4.0000000000000000                1
   6.8148172645449288        7.0331777673930214        8.3321970834297545        4.0000000000000000                1
   7.3616790621486681        6.0814958367279512        18.889886150078169        4.0000000000000000                1
   7.9317130680351005        6.9695999369942863        16.441314202651832        4.0000000000000000                1
   7.9906049698460642        6.9050326797460446        14.477130401945505        4.0000000000000000                1
   7.3896092079973261        6.1064511806652035        26.077568912245539        4.0000000000000000                1
   6.0662676393490944        7.3229160647138478        34.901203678179847        4.0000000000000000                1
   6.9121065386450233        7.7803492480298591        7.2823361749876650E-002   4.0000000000000000                1
   7.8844754030566806        6.5502131232872900        24.986003436600910        4.0000000000000000                1
   6.2203866833933326        7.0661245407240045        39.067836834165476        4.0000000000000000                1
   6.6669591422084018        7.9379230845940860        35.954379251569939        4.0000000000000000                1
   6.5308715809502456        6.1181110764468807        30.032968366952900        4.0000000000000000                1
   6.1332540280108878        7.1101813931237468        3.2194519222811913        4.0000000000000000                1
   6.9990185665865887        7.0096441368313629        10.585141068099430        4.0000000000000000                1
   6.0272396286043630        7.0355761344177505        35.879937721098507        4.0000000000000000                1
   6.8490778983878888        7.9851640720006625        2.1343199096439340        4.0000000000000000                1
   7.0459443886070767        6.9529246746534756        20.453363739202487        4.0000000000000000                1
   6.9945063919760377        7.0086766800032532        36.139417113797919        4.0000000000000000                1
   6.9902772114884604        7.0934525776995843        9.4874114461321692        4.0000000000000000                1
   7.0130987222869123        6.9887618080007972        19.407534205651555        4.0000000000000000                1
   6.3777927972639432        7.0658743320944604        1.9976414382607302        4.0000000000000000                1
   6.9725669786811313        7.0011221846273717        4.9783496223153554        4.0000000000000000                1
   6.9678555994066187        7.8820116028529554        36.966103103110122        4.0000000000000000                1
   6.0367625256006088        7.2428601977887741        5.5273820201187238        4.0000000000000000                1
   6.8079687954997672        7.9637388960567153        29.704042248851003        4.0000000000000000                1
   7.0300848012155157        6.0161878022836461        15.521507996788797        4.0000000000000000                1
   7.0028356490886150        6.9879484327039183        24.783073713704557        4.0000000000000000                1
   7.9342295402276362        6.9603191326760268        23.945540915420789        4.0000000000000000                1
   6.0316660480952891        7.0210755259282926        9.0006482554479366        4.0000000000000000                1
   7.0087898906141737        6.0541544590603262        19.891278079115690        4.0000000000000000                1
   7.9724699347303316        6.9697601639387381        20.895803632471679        4.0000000000000000                1
   7.1400504327757019        6.9726921925934189        21.469490973751469        4.0000000000000000                1
   7.9963781057335739        6.9468023445094254        25.961678409515823        4.0000000000000000                1
   6.8568918030275006        7.8585279277131752        4.2213249852808685        4.0000000000000000                1
   7.4035540796093571        6.0991748130090304        21.911560664931908        4.0000000000000000                1
   6.9017079234449215        7.0639360452781217        6.0357027249781074        4.0000000000000000                1
   6.2336104127561116        7.0447825145645178        4.2846912331749003        4.0000000000000000                1
   6.9991172863166735        7.0069020532009594        29.982625819115885        4.0000000000000000                1
   6.1561017196297012        7.0483664418964294        36.950060174163092        4.0000000000000000                1
   6.5230386914764411        7.8741503958120624        10.820478603751386        4.0000000000000000                1
   6.8235645666844160        7.1317266678817646        38.012006483820784        4.0000000000000000                1
   7.0012608039861979        6.9963573077048222        25.805545366368843        4.0000000000000000                1
   6.0553361161127750        7.3107715264974154        1.0705589584833237        4.0000000000000000                1
   7.9120866629539339        6.9177263427307762        18.841162047434505        4.0000000000000000                1
   7.8398335226447076        6.6818019186247319        19.884223569515498        4.0000000000000000                1
   6.0402002657564946        7.1449346057489125        7.9539352577539899E-002   4.0000000000000000                1
   6.9880487714748361        7.9964378515192784        9.9411246487939842        4.0000000000000000                1
   6.1358777204388169        7.4623670895142515        9.9567038551581248        4.0000000000000000                1
   6.0586023858006177        7.2921917177465803        29.717968880533327        4.0000000000000000                1
   7.0226192829117915        6.9859346681457053        17.001772662382447        4.0000000000000000                1
   6.9967531235951252        7.0192486738467892        35.111405977186415        4.0000000000000000                1
   7.0454647871400162        6.9658855192552451        15.963092893209886        4.0000000000000000                1
   6.9003864865765534        7.9946558636673659        6.5324504569243951        4.0000000000000000                1
   6.7910069145192162        7.9096713178370708        8.8830174264354547        4.0000000000000000                1
