     1000000
           1
  0.10000000149011612     
   3.2829697425082132        3.6329318762286311        26.346171103065505        2.0000000000000000                1
   3.4901856325641387        3.6633932472651867        28.703223653628136        2.0000000000000000                1
   4.7283565122627307        3.1103613522749098        35.866468917034574        2.0000000000000000                1
   3.8692140333584102        3.7070160302524049        33.643754515493612        2.0000000000000000                1
   5.3818173571609345        5.5675581181520482        30.280908701082097        2.0000000000000000                1
   3.9286386962569866        5.3505582667973712        6.2603970463305147        2.0000000000000000                1
   5.2839922509459001        5.7097617611675968        15.995517508043916        2.0000000000000000                1
   3.5792343407650824        4.3716597046443626        8.0323820710621021        2.0000000000000000                1
   4.1708370524950649        5.7029388379540888        1.8817911725278802E-002   2.0000000000000000                1
   4.6092386397202025        3.5517690136273066        13.852106984597818        2.0000000000000000                1
   3.4661051387230275        5.0661274174844078        4.2633875324575312        2.0000000000000000                1
   3.2725276968661801        5.0717446970042070        18.733521190095701        2.0000000000000000                1
   4.1108819868097273        5.8659189122912601        25.085922852067441        2.0000000000000000                1
   3.1467364364100088        4.4117717256110360        36.249334625271828        2.0000000000000000                1
   5.5589210577278116        4.6384105311349870        10.760457206727001        2.0000000000000000                1
   5.6597769202769426        4.2406693128307227        7.3866995619163927        2.0000000000000000                1
   4.3898649143238426        5.7814314903614408        33.458531121733849        2.0000000000000000                1
   4.8977707943482178        5.5783912271827880        2.5331207369004742        2.0000000000000000                1
   4.4418603576457576        3.9804943279875666        21.434620224062652        2.0000000000000000                1
   5.9978920999456529        4.5709018861141697        23.207106875310178        2.0000000000000000                1
   3.9348441628150055        5.6726490336489999        27.509019876391420        2.0000000000000000                1
   4.2202616531482198        3.9799908619423281        31.340072677753355        2.0000000000000000                1
   4.9685991942841294        3.7861430674149794        4.9796371034124318        2.0000000000000000                1
   4.4358883372648803        5.8401589337937949        22.791714658368733        2.0000000000000000                1
   5.3511179507867599        5.2858844498213715        38.246747493589744        2.0000000000000000                1
   3.7623490577259733        3.4520165303583488        2.7187181743718218        2.0000000000000000                1
   3.6906464465875910        4.0540035925102966        16.318983076438851        2.0000000000000000                1
   3.3936214149743620        3.8501859894976742        10.951103057197193        2.0000000000000000                1
