     1000000
           1
  0.10000000149011612     
   3.7208418606547622        4.1463138823710191        35.398860486856378        2.0000000000000000                1
   6.9257470729323432        5.7920088021086409        24.845823957110348        2.0000000000000000                1
   8.8649189737458798        5.3084584023010155        19.968998598064275        2.0000000000000000                1
   8.6031011174367453        4.5372763137886407        14.701118730491798        2.0000000000000000                1
   6.0553682880019473        8.9855888816859810        36.350316519333639        2.0000000000000000                1
   5.4068306167977953        8.9160692685759173        1.4074652995048165        2.0000000000000000                1
   8.4582772483809379        7.5174803698020911        15.679795567606048        2.0000000000000000                1
   3.0201777568376067        6.1057604248453208        17.597655354284296        2.0000000000000000                1
   8.8229009412896637        5.1408130733769752        11.718315470037240        2.0000000000000000                1
   6.9421837050252631        5.9625014711877196        20.004828429486807        2.0000000000000000                1
   8.9680007104152875        5.6696076232137740        38.325302381976400        2.0000000000000000                1
   6.8885573542286709        5.8302128544384386        26.110364891895266        2.0000000000000000                1
   7.5864403009813728        3.4985743577366044        24.109766997128364        2.0000000000000000                1
   3.7969109345159171        7.9665289145143845        36.309404339908667        2.0000000000000000                1
   7.0229192058888570        5.9397568039335082        11.252359807252468        2.0000000000000000                1
   3.0821623203713422        5.6239056633628151        10.588991477091312        2.0000000000000000                1
   3.0958094155635378        5.2514959912964656        33.357713782204669        2.0000000000000000                1
   3.0389270074177452        6.3868927973184144        39.385373256723412        2.0000000000000000                1
   3.2484914634196129        5.1898559848010084        29.230383227126733        2.0000000000000000                1
   4.8857842048587550        8.7201370556094506        20.701259560270799        2.0000000000000000                1
   5.3961769531014516        5.1554103625739529        16.357684088607012        2.0000000000000000                1
   3.3008170359236004        6.9607983977597758       0.47249343748130712        2.0000000000000000                1
   3.7772658145138625        7.9807221353258324        16.706682809515240        2.0000000000000000                1
   3.0679891377543571        6.6259334908803877        22.501163623297217        2.0000000000000000                1
   8.4787990618625209        4.3342344087497704        34.277223780477769        2.0000000000000000                1
   7.2937152300580799        8.6992684002224028        38.258185966812341        2.0000000000000000                1
   6.6685468110037709        8.8485772176970183        19.754991593079914        2.0000000000000000                1
   3.8517020914286428        3.9092548804879792        27.235446507706918        2.0000000000000000                1
   3.0395401171875864        6.3054716086175402        15.595720550378147        2.0000000000000000                1
   5.3748542848344698        3.0868218513678363        10.659442736416441        2.0000000000000000                1
   7.8987877908895916        3.7008396789855982        16.813633931969754        2.0000000000000000                1
   8.9819570049569393        6.2376909412332822        9.6478593684073282        2.0000000000000000                1
   6.6411256295598848        6.6926701067004002        29.122720937448413        2.0000000000000000                1
   3.4005528405018510        7.3960668499137174        27.286194166578003        2.0000000000000000                1
   4.3047337074920993        8.4644533475516202        29.199326712404304        2.0000000000000000                1
   5.0097750782155073        5.8038974247018658        38.544335503666360        2.0000000000000000                1
   6.8025053801683244        8.8835296477530328        39.255856043972081        2.0000000000000000                1
   3.0779724733129865        5.6510117626288308        32.352047104228490        2.0000000000000000                1
   4.3991946900301997        8.4980656105350310        9.6627791948375297        2.0000000000000000                1
   7.6622959015549963        3.5761261206820127        32.257983767962749        2.0000000000000000                1
   8.6847883937437143        4.9810727306037137        37.421020852983141        2.0000000000000000                1
   3.4373918934587833        7.5479198292844583        13.574888190074097        2.0000000000000000                1
   3.8068673119009970        3.9704984103632270        13.750098665206075        2.0000000000000000                1
   3.1273286266649341        5.1720355127556941        3.6108568976126927        2.0000000000000000                1
   8.5679154278709611        7.3305317722467986        29.068251755746466        2.0000000000000000                1
   8.8973258723954096        5.6282462848340264        10.591276066994908        2.0000000000000000                1
   8.9528769509810360        6.2328767428999763        1.3580006168134631        2.0000000000000000                1
   7.9017364465391005        8.3161013295863455        35.324267536585857        2.0000000000000000                1
   5.4262473737729211        6.8997424136045140        34.682986408447150        2.0000000000000000                1
   8.2576832110585272        7.9063825942927499        38.259678681541324        2.0000000000000000                1
   7.6785142524139705        3.5362098513862286        30.163023123989070        2.0000000000000000                1
   8.4740945837949404        4.3592915772777587        24.029548903170948        2.0000000000000000                1
   5.4356226612767538        8.9282431217347824        33.237511158419956        2.0000000000000000                1
   3.0751437434778093        5.3614606766728254        23.181495068546234        2.0000000000000000                1
   3.8347333755983910        4.1664697134148811        3.5694315747730410        2.0000000000000000                1
   5.5677677519149835        6.9205815055293067        11.435370350173114        2.0000000000000000                1
   5.3308639273264991        5.2839308405652190        19.993284356126974        2.0000000000000000                1
   5.3362459314296222        3.1119056931658537        22.036032499237468        2.0000000000000000                1
   5.0312755319565587        6.1945503791161878        31.397980197504417        2.0000000000000000                1
   5.0547529699433245        6.2323443497234550        27.949802720205941        2.0000000000000000                1
   5.9397868847753710        8.9553409440652665        18.834785700296582        2.0000000000000000                1
   8.8743337687965091        6.8250868392412443        36.349486235483567        2.0000000000000000                1
   8.4785537548161773        4.5104456197236775        6.5100048947659088        2.0000000000000000                1
   6.9738270488769674        5.7709495917654845        31.027816425715606        2.0000000000000000                1
   4.9878807488871928        6.0558757649392616        19.413950024572333        2.0000000000000000                1
   6.4113436160173576        5.1177673741332406        19.400711281782318        2.0000000000000000                1
   5.9796042835503069        3.0279588607960868        29.144518670965084        2.0000000000000000                1
   8.1928079511427399        7.8265774706119835        2.3687322859102986        2.0000000000000000                1
   6.5439373656418951        3.0609275992855625        34.289343076829816        2.0000000000000000                1
   6.9447979037060188        6.3677136507985219        38.037470215165825        2.0000000000000000                1
   3.4693698732924272        4.5323738831360139        10.848385158466883        2.0000000000000000                1
   3.5069474090413650        7.6377957720225469        39.402979395532661        2.0000000000000000                1
   8.8274219272438703        6.7981538123781311        8.5627521254377541        2.0000000000000000                1
   5.9478299500454916        8.9251853585850522        16.760067428211521        2.0000000000000000                1
   8.5206203439388339        4.5013154923201659        28.125586220248493        2.0000000000000000                1
   7.1926201726824912        7.5838839444244144        35.411646918896281        2.0000000000000000                1
   4.0093142448887686        8.1391024792736744        25.153627000760306        2.0000000000000000                1
   5.0926538237381029        5.2884563033800829        33.247227869964689        2.0000000000000000                1
   8.2989428541909618        7.8015448946484067        23.901407450245436        2.0000000000000000                1
   5.3870473426345438        5.2471195282365457        21.275227409277722        2.0000000000000000                1
   4.0320801299208417        8.1634312078368705        23.601134045944949        2.0000000000000000                1
   3.0210519509816258        6.2784493611473460        33.253577732906628        2.0000000000000000                1
   6.6452535288459442        5.2748713892731685        5.7985392977327059        2.0000000000000000                1
   6.6467941027836828        6.7907497650101467        32.805050058004703        2.0000000000000000                1
   8.7661675398107608        4.8984701966007496        27.179016423085212        2.0000000000000000                1
   3.1194873646521759        5.5132864396808223        26.263097142310254        2.0000000000000000                1
   3.1045397976190068        6.4726868606491648        3.4099411261220189        2.0000000000000000                1
   8.2890482585645735        7.9343462312601467        12.611065203803086        2.0000000000000000                1
   7.1708383010307974        3.2767127418221991        5.5667217625834766        2.0000000000000000                1
   3.0936820154191511        6.7316237820751974        26.252464167723261        2.0000000000000000                1
   6.9863724311853348        5.8425377705602060        21.180704816450948        2.0000000000000000                1
   8.2282798663433034        7.9062038021166785        4.4713236840541004        2.0000000000000000                1
   6.1035861569235799        8.9538318754420327        8.5812477415596149        2.0000000000000000                1
   3.4696154745419348        7.6033474674413739        1.4134026896274559        2.0000000000000000                1
   6.5859490547999302        6.7871706503689024        20.526394189142927        2.0000000000000000                1
   4.8283099252781039        8.7480782509736006        18.700598076746715        2.0000000000000000                1
   4.7680041739453012        3.2787594126941504        23.122091619551853        2.0000000000000000                1
   3.0279114041193429        5.6332994171405524        22.157940555228340        2.0000000000000000                1
   6.8986012757833191        5.8098681938478949        32.263256698865824        2.0000000000000000                1
   6.5206363630339617        3.0703159536743776        24.098334305092866        2.0000000000000000                1
   4.3626506461595058        8.3786689140975756        33.304741075966199        2.0000000000000000                1
   6.9654589970605079        6.0661898619503551        8.8896778437648329        2.0000000000000000                1
   5.0180838205876119        6.0810181417644449        24.313182459040799        2.0000000000000000                1
   4.7678503768254652        7.5658578559599361        21.645659852144743        2.0000000000000000                1
   5.3183424192447468        6.7932115511555278        16.229523143985752        2.0000000000000000                1
   8.9840592349065549        6.2667492563171772        13.693780520868055        2.0000000000000000                1
   3.7791152776642192        4.2547141932773647        39.487614759146247        2.0000000000000000                1
   8.4845814239266488        4.3867473333515346       0.32748316081463286        2.0000000000000000                1
   5.2088643121580072        3.1275392869624339        36.346755847918239        2.0000000000000000                1
   5.8975674708902899        7.0512656595919987        22.467353953072433        2.0000000000000000                1
   5.4517852116555323        3.1903124286546500        28.215350037648530        2.0000000000000000                1
   7.6676350045103892        3.5247696965955577       0.50443648575583466        2.0000000000000000                1
   6.8182326754227400        8.8479683279079833        31.079709922646387        2.0000000000000000                1
   8.7491589136059513        5.1485060414899353        1.5336020345956722        2.0000000000000000                1
   4.9717441430587828        6.0574721151846296        18.110383884514036        2.0000000000000000                1
   6.6222256873797827        8.8835966147483632        9.5489973498915077        2.0000000000000000                1
   3.3114620584075798        4.8001765937095406        20.343975951587552        2.0000000000000000                1
   6.4650439359288265        6.8504655760592170        8.2454353557059470        2.0000000000000000                1
   4.7403220474966759        8.6815825084029647        30.332714883024117        2.0000000000000000                1
   5.2433805330984304        6.6790800912205492        2.8047430315882944        2.0000000000000000                1
   8.1497227098950091        4.0276359844290015        9.5461385613202676        2.0000000000000000                1
   7.1940633463341266        8.6528102910707005       0.35235645709146696        2.0000000000000000                1
   8.9962863339432033        5.8732356631742206        18.805061433098484        2.0000000000000000                1
   5.0026609660780412        5.8356764340769027        5.8628142531475911        2.0000000000000000                1
   3.5478114587773031        7.5034811051403558        11.562107184814014        2.0000000000000000                1
   8.5962144708523915        7.4440107416552594        11.627261643583189        2.0000000000000000                1
   6.3115425389082205        3.0751784434321268        19.950415241060618        2.0000000000000000                1
   3.7852626390610000        3.9788000566187240        9.6630175193671146        2.0000000000000000                1
   6.1800897942991204        8.8920433030283448        6.5006010617551597        2.0000000000000000                1
   3.1781024274360763        7.0181754517190180        18.791134120448749        2.0000000000000000                1
   6.6837000045959085        5.2499722436164387        36.195584299344070        2.0000000000000000                1
   3.0083941808672749        5.8763070453486126       0.47978834034945561        2.0000000000000000                1
   3.2077358025178113        4.9480501365258558        15.973701336680783        2.0000000000000000                1
   6.1297300518415199        8.9548730661708689        34.247875095040847        2.0000000000000000                1
   4.0899441570367268        3.7201929165120826        34.399271024006744        2.0000000000000000                1
   3.1886027183625880        7.0333897820916214        4.5277010128911090        2.0000000000000000                1
   6.7380793800431569        5.3660361904659339        2.1869836538064975        2.0000000000000000                1
   5.9094425419770378        3.0832648144692936        9.7765387400227244        2.0000000000000000                1
   5.3045366363294635        6.6877490156022921       0.31681489813558728        2.0000000000000000                1
   4.7747677808880447        3.3014772309802596        33.370826726800018        2.0000000000000000                1
   5.3242350669160885        8.7965906460319339        25.404347932681571        2.0000000000000000                1
   3.0384463630057161        6.2335333793231387        27.174515678612469        2.0000000000000000                1
   6.0407433100811190        3.0105442082879121        13.774486060066973        2.0000000000000000                1
   6.5834708139514166        3.0664297256105231        30.223971749052851        2.0000000000000000                1
   6.9555246566853359        5.8341005281673946        22.411938676734231        2.0000000000000000                1
   5.9658375586037327        3.0581576582237884        27.141144548053134        2.0000000000000000                1
   4.2434555974818640        3.5748362880034996        30.288912852354397        2.0000000000000000                1
   7.1920259632965928        3.2517642962814848        25.106111202780895        2.0000000000000000                1
   6.0317439289087869        8.7970670171207281        14.635904785515882        2.0000000000000000                1
   5.3791337811590356        5.2112993306553932        18.857909992660812        2.0000000000000000                1
   8.8303069882720742        5.6703118204271075       0.36178811449758186        2.0000000000000000                1
   8.2797550554317567        4.0690554186492056        13.736825066608654        2.0000000000000000                1
   8.9303341209323062        6.2563815643375760        33.201857635608206        2.0000000000000000                1
   8.9620277790403673        6.2379817543473193        7.5969290015121009        2.0000000000000000                1
   8.3386504150187513        7.8062953716554171        28.072889589889293        2.0000000000000000                1
   5.9623389902379449        7.5988507530902369        14.992692802326037        2.0000000000000000                1
   8.2542242718031158        7.9653891947633859        16.764917022163136        2.0000000000000000                1
   3.1720952899805370        6.8293180235820055        20.492215167477411        2.0000000000000000                1
   3.7596768726274190        4.0483630225228016        33.400299384954934        2.0000000000000000                1
   4.9709966219531703        8.7828011471042071        23.404020223671754        2.0000000000000000                1
   8.0985421850941908        8.1315977761354645        24.884789140595071        2.0000000000000000                1
   6.9675480650261639        6.0434258743492002        13.821491459682633        2.0000000000000000                1
   6.9980319713170589        5.9204602406250713        17.536652080790486        2.0000000000000000                1
   5.9980332805556005        3.0062183140126479        1.4890195820861389        2.0000000000000000                1
   8.4375329281113434        7.7093634221605551        21.836370284948149        2.0000000000000000                1
   8.1547343290543459        3.9358854088849822        35.332333441256573        2.0000000000000000                1
   6.6251403235692630        8.9227388925549000        37.205046752784725        2.0000000000000000                1
   8.2668577686118514        7.8646858528863870        32.087512002923397        2.0000000000000000                1
   7.6540699546580786        3.5549384797795218        26.124527785644453        2.0000000000000000                1
   8.9507478274826102        6.1217136564789625        24.984147078527243        2.0000000000000000                1
   5.0285566607510388        5.9353280693151094        13.242543582980092        2.0000000000000000                1
   7.1022937559229495        3.2156910787815653        22.985050819346906        2.0000000000000000                1
   8.8083450696475829        6.9576527689847394        10.633807223246270        2.0000000000000000                1
   4.6739328971911744        8.6892118203454842        28.278751427135358        2.0000000000000000                1
   8.1844763798480535        3.9738684919499461        5.5044278850815687        2.0000000000000000                1
   3.0251719567395985        6.2168334910612897        29.199203671375141        2.0000000000000000                1
   3.8283610209755343        3.9794683454864135        31.321439758985345        2.0000000000000000                1
   3.1938077582180417        5.0723310337303609        39.563477889680946        2.0000000000000000                1
   8.1850432469699381        7.9726338747931091        18.766230817901199        2.0000000000000000                1
   3.7166250211092615        4.0759217127712528        1.5461473424792460        2.0000000000000000                1
   8.7083129709132372        7.1766660013394130        23.026141457231876        2.0000000000000000                1
   4.9800765388582180        6.2119474111844477        33.883196696499361        2.0000000000000000                1
   4.2878476182731395        8.3824555673912631        17.811755023075062        2.0000000000000000                1
   3.5378715548085498        7.6227514037989588        5.4811641795777062        2.0000000000000000                1
   4.8620669790216118        3.2344532527656153        11.798625509548671        2.0000000000000000                1
   5.0325262401162458        3.2203143765490481        15.890956551481196        2.0000000000000000                1
   7.3709337358014535        8.6652512472943304        30.119579259034190        2.0000000000000000                1
   5.2512626511971927        5.3488639648071636        27.383642737919143        2.0000000000000000                1
   5.2106949866354473        3.1176499065542500       0.41394536766156032        2.0000000000000000                1
   8.1526854308327987        8.0174592693546742        20.842452771424380        2.0000000000000000                1
   3.2019955878262949        4.9190290388844229        13.935125466202299        2.0000000000000000                1
   8.9379000664664456        5.3937489695873655        21.992359175478679        2.0000000000000000                1
   8.5403889415053165        7.4984283755819527        3.3607356505071073        2.0000000000000000                1
   8.2758094972271881        7.8813701137341248       0.32147083592436154        2.0000000000000000                1
   5.0529047545644330        6.0792004795521946        37.085638378401057        2.0000000000000000                1
   5.4732507438381033        8.9177105407781134        13.537199815141133        2.0000000000000000                1
   8.0692211569545034        3.8681289809619033        23.108740439377272        2.0000000000000000                1
   6.4365169180411259        5.2051069188095020        9.4811568601738898        2.0000000000000000                1
   5.9923251362413819        8.9626862053845766        20.890767865856155        2.0000000000000000                1
   4.8384652635087839        3.3442594660785705        27.191931076569475        2.0000000000000000                1
   3.2186959883790496        7.1001138101141823        8.5964812789549860        2.0000000000000000                1
   6.3759369224911122        5.0746013086975195        16.965646930417311        2.0000000000000000                1
   3.8195254715064602        4.0045069473073607        11.663319507975158        2.0000000000000000                1
   4.2428340367931199        3.5839873624544518        26.139079947235221        2.0000000000000000                1
   8.6438774927634459        7.4150481216671942        1.3463605489268267        2.0000000000000000                1
   3.4420912036039120        4.5434935165506909        28.173754863855219        2.0000000000000000                1
   4.3478050059293984        8.4981913299858878        39.347724754199795        2.0000000000000000                1
   4.3558221586607893        8.4987635327046291        5.5092843612472704        2.0000000000000000                1
   4.6463797319238989        3.3431588939670407        21.025358804420428        2.0000000000000000                1
   8.2214502369838094        3.9919565280608507        11.615026108772359        2.0000000000000000                1
   6.2123934329083914        6.9592993774904190        3.4493289666742206        2.0000000000000000                1
   3.8944145245365744        8.0811681562662674        38.311252575348789        2.0000000000000000                1
   5.3750576818730282        5.1796573937705652        28.621332774213144        2.0000000000000000                1
   7.6587231774120195        3.5238640112275048        6.6545492744131627        2.0000000000000000                1
   4.9915954754105192        5.8086002028590569        8.2339987173163092        2.0000000000000000                1
   8.9853272963691566        6.2922904219127567        37.309467421260578        2.0000000000000000                1
   6.7184219051826615        8.8346374417784261        15.685389422370502        2.0000000000000000                1
   3.1193909161796629        5.2465901538461939        7.7342496577820237        2.0000000000000000                1
   5.8905474384717094        8.9895559000569083        22.987957555904735        2.0000000000000000                1
   8.7684758824514919        4.9142370086000282        7.6692842267990189        2.0000000000000000                1
   7.0642044862440780        3.2322307763422331        33.348595557497987        2.0000000000000000                1
   7.5549891571374284        3.4368817787140218        21.939724282299100        2.0000000000000000                1
   5.8806259552488322        3.0225184775637381        37.464558567478186        2.0000000000000000                1
   7.8488931409598148        3.6789924818249036        14.807057692472306        2.0000000000000000                1
   3.5044185095649891        7.6390503900822884        17.646731545675301        2.0000000000000000                1
   6.6258504586284168        3.0702783622579730        38.352270990966765        2.0000000000000000                1
   7.0046563862461575        3.3005477561418139        35.370656111108083        2.0000000000000000                1
   3.4599370495668054        4.5286693606063482        24.130716661836370        2.0000000000000000                1
   3.1372047949613897        5.1669629208900716        35.402194441810344        2.0000000000000000                1
   6.0949135764017752        8.9875750482352430        4.5042759694151000        2.0000000000000000                1
   5.0305441471498851        5.8343227035396179        39.797273803766821        2.0000000000000000                1
   5.8327440677732341        3.1402043741909091        39.466125481942171        2.0000000000000000                1
   6.5270850533508114        6.7787416544588988        24.351792320363629        2.0000000000000000                1
   7.3204017150520206        8.5803628991178691        34.147687557685167        2.0000000000000000                1
   5.6417877795780855        5.0261779839290881        3.9698417335021978        2.0000000000000000                1
   8.0568194791083876        3.8858769929029378        25.156983413461052        2.0000000000000000                1
   7.9436946282840069        6.2236894468835109        15.694028501359762        2.0000000000000000                1
   8.7615438507974766        7.0771254888406201        18.867335462746180        2.0000000000000000                1
   3.5300975964299210        4.4159892579955917        14.984509208923175        2.0000000000000000                1
   5.6432417880635093        6.9549415682048936        31.041158757905126        2.0000000000000000                1
   5.4890570122596980        5.1587242060008149        11.452221014909680        2.0000000000000000                1
   3.5250476625631708        4.4853303935892521        30.228927212141031        2.0000000000000000                1
   5.3716977410232358        6.7114709745638779        37.892256750330333        2.0000000000000000                1
   8.7591962355957200        4.8556621107985398        25.007973152202677        2.0000000000000000                1
   3.7866696077678328        7.9622123110535084        34.193300723395588        2.0000000000000000                1
   6.6690374203680234        3.1478210813298193        12.697093288140058        2.0000000000000000                1
   3.3524491603550186        7.3790287391369418        29.304179681437191        2.0000000000000000                1
   8.7196523509927442        4.7624627976726739        22.913769145479730        2.0000000000000000                1
   8.1636890296143569        4.1108831096472631        1.4445738848840846        2.0000000000000000                1
   6.1569953728059597        3.1058336257089239        15.878414781321172        2.0000000000000000                1
   7.3458682062002465        3.3212716536387243        17.780290340050321        2.0000000000000000                1
   8.5837164511995105        4.5363640588459369        16.783267607547174        2.0000000000000000                1
   6.3403144443900690        5.0938171274175854        29.177034495785243        2.0000000000000000                1
   5.2969714894986915        3.1449208270674851        34.325682014516808        2.0000000000000000                1
   5.2537193549492942        5.2439588670239781        10.225077846737845        2.0000000000000000                1
   5.5372515091118668        5.1401289346127941        12.450949789675002        2.0000000000000000                1
   6.4263407407640019        6.8283172426763432        16.906506767677229        2.0000000000000000                1
   3.4848070106544777        7.6160315039615503        3.4272749645157017        2.0000000000000000                1
   5.3578300737074729        6.7440050374117630        5.2995436251792780        2.0000000000000000                1
   5.8088922070214961        3.0300386291462194        23.009927063574803        2.0000000000000000                1
   8.7097751616242221        5.0572687954883460        9.6952401676084268        2.0000000000000000                1
   8.2546444872578384        7.8792660998314332        6.5093281422798048        2.0000000000000000                1
   6.7696404969010660        6.6026876498789395        31.573201703050358        2.0000000000000000                1
   4.8512797174259710        8.7677576580518384        38.327270489469960        2.0000000000000000                1
   6.7818867176558149        6.6289705261203107        23.034539058570363        2.0000000000000000                1
   6.5867767930486734        8.9137884886072793        21.774498225061965        2.0000000000000000                1
   3.0472464465963633        6.3855946296383648        23.498245695920335        2.0000000000000000                1
   8.2527047485471421        7.9583616800014330        8.5137804839067019        2.0000000000000000                1
   7.8494781099004287        8.3493377584460795        33.237042952953345        2.0000000000000000                1
   6.7701220762006411        8.8485800888505093        1.3797194374312549        2.0000000000000000                1
   7.0031596007753256        6.0896966807864379        5.1834668616967754        2.0000000000000000                1
   3.3289347623572878        7.3287744343881744        25.280181563350155        2.0000000000000000                1
   5.5329503473772927        6.8990202700747583        36.694275296441837        2.0000000000000000                1
   4.1871822444751290        3.6700613727216886        38.458524008720225        2.0000000000000000                1
   8.8262400276770681        6.5186065958100956        23.887995825285017        2.0000000000000000                1
   3.0714225371945814        5.8003853244881363        6.5639654784195764        2.0000000000000000                1
   3.7013601729235854        4.3019910783797632        17.000776467838079        2.0000000000000000                1
   7.6402618049091311        8.4123858651620029        19.862477284531323        2.0000000000000000                1
   5.6894615494068095        6.9204802170580439        27.350829973396802        2.0000000000000000                1
   5.3501926638722326        8.8188244428230860        35.251685129850792        2.0000000000000000                1
   6.5046802768773775        5.1138685478469581        39.843871622594492        2.0000000000000000                1
   8.9108405896679397        5.5880130556670506        34.311939876151428        2.0000000000000000                1
   6.1098511805883211        8.9666030627390771        10.612427047818215        2.0000000000000000                1
   4.9764456308361718        6.0505009824259508        21.821244380722881        2.0000000000000000                1
   4.3754206550581207        8.5186553736568875        7.5834443068822557        2.0000000000000000                1
   5.4981320480592899        8.9404285369415053        11.517075525402618        2.0000000000000000                1
   3.1034536776169612        6.3981454534493514        1.4016840371794563        2.0000000000000000                1
   6.2882124576677336        5.1024274441490380        15.778592469762627        2.0000000000000000                1
   6.0453896562170781        8.9845510022466311        38.405633592938102        2.0000000000000000                1
   7.5527659121818660        3.4383658725826218        8.6812608008770127        2.0000000000000000                1
   3.8503489723985349        3.9079476998877150        25.217327990441543        2.0000000000000000                1
   8.9524406299088319        5.6464084841269910        32.186328580146089        2.0000000000000000                1
   6.1562399861525847        5.0222141344357789        24.400257880305968        2.0000000000000000                1
   4.4782299684584661        6.5668273685345042        34.778582279920293        2.0000000000000000                1
   8.9497833616817459        5.7389685255117202        12.645637714305320        2.0000000000000000                1
   6.5575988942620436        5.1182110906566152        18.222016559935522        2.0000000000000000                1
   6.4980708831751848        6.8041869227858252        19.321040468600078        2.0000000000000000                1
   3.2377584391838830        5.0006439331408492        11.905104927723661        2.0000000000000000                1
   3.8790439537629617        8.0352121362901823        10.525714035793532        2.0000000000000000                1
   8.7765475555774621        6.8168901964456579        34.246935520039635        2.0000000000000000                1
   3.8503770477121853        8.0873129818652192        8.5046475963796837        2.0000000000000000                1
   8.9388632915601622        5.7874945545892027        8.5797814540034398        2.0000000000000000                1
   5.7498458066239468        5.0512162859146770        7.5752843685668978        2.0000000000000000                1
   8.8639986574871727        6.7362187039917227        28.156542827608192        2.0000000000000000                1
   4.7586572049790776        3.3110811168730776        39.519312453903247        2.0000000000000000                1
   7.0151388061965472        6.1553591924760251        6.3353619849250888        2.0000000000000000                1
   8.5765531013306013        4.4787202430879445        4.4812508908416113        2.0000000000000000                1
   5.6446542098093584        6.9162941999478029        21.214480354425756        2.0000000000000000                1
   3.0359084663541664        6.4607811309401599        9.5111696582699583        2.0000000000000000                1
   3.0559048775576376        5.5470910804777187        19.548658009418194        2.0000000000000000                1
   6.5315666726041108        8.9143792675282683        25.872287949395155        2.0000000000000000                1
   8.7883321304939894        4.8963966082725614        31.227056016687015        2.0000000000000000                1
   4.8120009365015530        8.7496732615176480        10.543038453485389        2.0000000000000000                1
   5.2934509909173357        6.7183354240887621        7.7056646737954466        2.0000000000000000                1
   7.5975387963188252        8.5063716862981149        24.038169326399473        2.0000000000000000                1
   6.5426929022677278        3.0504923501966608        28.203489064930594        2.0000000000000000                1
   4.3512074954670235        3.5320057841104440        16.893517115809438        2.0000000000000000                1
   3.0375103617888555        5.8698742390761849        14.609020726595547        2.0000000000000000                1
   8.6333072514595219        7.4149220873699875        31.192245815592795        2.0000000000000000                1
   5.1563932101259802        5.5105514668848539        34.904650820496506        2.0000000000000000                1
   5.3325381397387170        8.9040613872453793        27.476720369729641        2.0000000000000000                1
   7.0328563482747484        6.1200606806785371        36.801716160155429        2.0000000000000000                1
   8.9757620115896461        6.3053108306480894        5.4834725643036224        2.0000000000000000                1
   6.9169054872784361        6.2602920487890286       0.35110936279471172        2.0000000000000000                1
   3.7749410243355968        7.7283885257282297        20.797056356991305        2.0000000000000000                1
   7.2059727853070745        8.6447783439936234        32.137439777941701        2.0000000000000000                1
   8.8159241987867762        5.1253827799524281        5.6445110400577390        2.0000000000000000                1
   7.7401302052276328        8.2822417682235265        1.4255933025402039        2.0000000000000000                1
   3.4671075919605889        7.5409833812820937        21.736799300054848        2.0000000000000000                1
   8.8504620961552298        6.9228833511594638        6.5427629070854874        2.0000000000000000                1
   5.9510840062536294        4.9640140625257816        36.981762032045275        2.0000000000000000                1
   7.5908683309275204        3.4940463939467303        34.271137064824018        2.0000000000000000                1
   5.1487735849821101        3.2093576418432010        38.393200525292123        2.0000000000000000                1
   3.1877565477076213        7.0390255230234082        16.780311733728940        2.0000000000000000                1
   4.3202154617385595        8.4783155132067538        11.687623290718399        2.0000000000000000                1
   5.0595640884603696        6.4228816446053951        35.886572999168905        2.0000000000000000                1
   6.4273875859740652        5.1245443115605909        23.007709537054687        2.0000000000000000                1
   6.6538877772648197        5.2352662990226095        11.946764884538423        2.0000000000000000                1
   7.0362124915698052        8.7686970542823115        20.747060018559402        2.0000000000000000                1
   6.7995227290366387        8.8371341555053906        24.862556195216186        2.0000000000000000                1
   6.4071822492829087        3.0482459541168696        21.954299470952808        2.0000000000000000                1
   3.8107653776255508        8.0366069874898471       0.34681128715467630        2.0000000000000000                1
   3.3290091730366087        4.6692367956452525        4.4729219950846506        2.0000000000000000                1
   6.4691608753681304        5.1162584806503979        20.596733834400556        2.0000000000000000                1
   3.2946131198346928        4.7686931851422552        18.342653129061894        2.0000000000000000                1
   6.3198170449606339        4.1476864077231941        36.352284803635619        2.0000000000000000                1
   3.0360321590512536        6.1992610121154268        31.207395168554438        2.0000000000000000                1
   8.9692252357001809        6.3047059907489222        15.712880492090843        2.0000000000000000                1
   4.8102069586850549        3.3138640982363068        37.439682989126979        2.0000000000000000                1
   4.5657218047073247        8.6183293534977494        26.208540627498273        2.0000000000000000                1
   5.2895977352314789        3.1146732037140183        8.6518113281038449        2.0000000000000000                1
   4.5769150976891106        3.3656055380193708        18.967528234272471        2.0000000000000000                1
   5.7319587709994853        5.0239217390604392        2.7668189275766903        2.0000000000000000                1
   6.9968819332322250        8.6637754992737914        18.701792946903495        2.0000000000000000                1
   4.8897898288971708        8.7144640321699267        4.4645462221257155        2.0000000000000000                1
   4.3072045943495452        8.4406888147787100        3.4384742781161934        2.0000000000000000                1
   3.2376136196288541        4.9896256360649645        27.236659002770274        2.0000000000000000                1
   3.2246247354951594        7.0091966873270355        30.326108162938695        2.0000000000000000                1
   6.9361626428364280        8.8360028608643617        22.796662476339861        2.0000000000000000                1
   7.7685839252950917        8.4163798738732538        13.704631899496468        2.0000000000000000                1
   4.9922949617966106        6.0357330849160151        16.998290439843537        2.0000000000000000                1
   3.0618379969039142        5.6287860231455875        24.253659777726124        2.0000000000000000                1
   7.8481023557661143        8.3453071789251432        29.122349990546880        2.0000000000000000                1
   7.2978705748913448        8.6954232193828265        10.635391739193633        2.0000000000000000                1
   4.9091723072349733        3.2418082864251758        31.322845160358217        2.0000000000000000                1
   6.5195470578541590        3.0493244789948277        26.130031312450573        2.0000000000000000                1
   7.2576863613273552        8.6742448874293778        36.207385499487359        2.0000000000000000                1
   8.9643034805533457        6.1670246771026926        31.168167869255910        2.0000000000000000                1
   3.0586234896588778        6.4560917187860625        5.4519977712194745        2.0000000000000000                1
   6.1362174068744046        8.9934466749204702        30.213719995103805        2.0000000000000000                1
   5.7398301950572224        6.9078781090754662        28.571285111234065        2.0000000000000000                1
   3.1178848159740133        5.1842069555306827        5.6816377785057730        2.0000000000000000                1
   6.6708065704422106        6.7609674751053364        21.854543281290983        2.0000000000000000                1
   7.1555046045011297        3.2766793768532869        11.693595546125573        2.0000000000000000                1
   5.0078998171109799        6.1437976507538821        12.006775079946872        2.0000000000000000                1
   6.0468994171867863        3.1306458956130627        11.772038964544905        2.0000000000000000                1
   8.4648366253850416        4.4966530938818456        32.233406021798153        2.0000000000000000                1
   6.1961909339523151        4.9259314976655109        38.313622490238970        2.0000000000000000                1
   8.1521763443771231        3.9520896909738061        37.383475869746313        2.0000000000000000                1
   6.4763820252309641        6.7902269474027799        14.424786371619778        2.0000000000000000                1
   6.3735284786633359        5.0505476580431257        31.648768738191595        2.0000000000000000                1
   4.1360901395499523        8.3459398999566226        21.592909319640821        2.0000000000000000                1
   5.0613947430903403        6.1226081142014834        10.742267539788561        2.0000000000000000                1
   6.5624228317914097        5.2550015543200672       0.95455926606784802        2.0000000000000000                1
   6.8596290162815690        6.3446050265947758        2.7968131773109546        2.0000000000000000                1
   7.9786986517133851        8.2533204575352279        27.119168988182718        2.0000000000000000                1
   6.6041225503270429        6.8519352963601756        7.0685277640042408        2.0000000000000000                1
   3.8546420154148020        8.0629352237100793        4.4396602491418280        2.0000000000000000                1
   8.2943618921978270        7.8704024508612349        34.208635232282511        2.0000000000000000                1
   8.2877457906133696        4.0804655618973751        3.4563361316051902        2.0000000000000000                1
   3.0224293130786677        5.7842097532119352        2.5042762179860500        2.0000000000000000                1
   4.9660123697035141        5.7630522005226403       0.97471537003669684        2.0000000000000000                1
   5.0322499374429821        5.8686808749682902        14.339209648128076        2.0000000000000000                1
   7.0829103723898896        3.2110644363058669        39.425105175314933        2.0000000000000000                1
   7.7316791089297245        8.4206609635763954        15.730985112256281        2.0000000000000000                1
   3.9391384095805391        3.8674812532419969        17.886267344411674        2.0000000000000000                1
   5.2572563649906785        8.9006019463425776        19.743048301143862        2.0000000000000000                1
   6.5425512452143737        3.0769561812328576        4.5363992719858865        2.0000000000000000                1
   6.6071758140906640        8.9279310475139635        5.4788750948315705        2.0000000000000000                1
   7.6151030999583824        8.5145976449506797        17.792338679354025        2.0000000000000000                1
   6.7190342923355049        8.8938619006039961        11.666974353912277        2.0000000000000000                1
   3.0163510053197737        5.8259560593154047        20.668490867679402        2.0000000000000000                1
   5.4522508716137299        8.9461073914433893        5.4845344379160412        2.0000000000000000                1
   8.7362879572527632        6.6729034999670365        32.199466900573682        2.0000000000000000                1
   8.9829424878905737        6.2846120233827776        17.734234363069167        2.0000000000000000                1
   3.2184418465051721        7.1193083733400453        10.695344826994251        2.0000000000000000                1
   3.4182566782007000        4.5248199018318243        8.8038932569068464        2.0000000000000000                1
   5.5100636610362663        3.0499605331753137        16.792063237994345        2.0000000000000000                1
   3.8121160665824281        3.9651498171856647        5.5915493310795128        2.0000000000000000                1
   6.1656309621439647        6.8899019386235540        2.1168067790485847        2.0000000000000000                1
   6.0856465280487697        8.8416658812572368        12.620616410363919        2.0000000000000000                1
   7.7716124327747229        3.6015697624849143        10.770539505163892        2.0000000000000000                1
   7.2250598410227500        8.6786165524015999        28.095089552680232        2.0000000000000000                1
   6.6661127541183429        5.3118138859599151        3.3522131511366364        2.0000000000000000                1
   5.1192479861905422        8.8131858724072298        21.812825931199434        2.0000000000000000                1
   3.3944906352477009        4.5382862203965724        38.420351102617118        2.0000000000000000                1
   5.6002301425948273        6.8893409132544319        23.637260937735093        2.0000000000000000                1
   3.0071802044948530        5.8819140810817636        4.5271351376287310        2.0000000000000000                1
   3.8643192917613938        3.9317300839043750        15.826778828793737        2.0000000000000000                1
   7.7627040766615760        8.3061584009223139        37.393757324335361        2.0000000000000000                1
   8.8239885341127717        5.0339980985082278        35.424497458599298        2.0000000000000000                1
   8.5094798165210257        4.4735813353263243        30.183382655550798        2.0000000000000000                1
   5.4584706114263293        3.0945549007128834        30.294010657609437        2.0000000000000000                1
   7.0086682717658171        5.6998477112363428        15.147930718578742        2.0000000000000000                1
   8.7740614060432289        6.6128302254096845        26.080867272947348        2.0000000000000000                1
   5.2522668827767065        6.6702005898205190        39.192675035836679        2.0000000000000000                1
   8.5989915149654674        7.4822358815065391        5.4766216110614359        2.0000000000000000                1
   6.5908660261917786        3.1169091455796147        8.5905872923466777        2.0000000000000000                1
   6.4428121339441713        6.8523293799398317        9.4875174989944959        2.0000000000000000                1
   3.0324038440694281        6.4136970232402497        37.371587816410702        2.0000000000000000                1
   5.5887115205098485        3.0508947303473133        18.823041556353381        2.0000000000000000                1
   6.5449151375001389        3.1555716699912599        36.321352837976782        2.0000000000000000                1
   3.4308035843200155        7.4781815748080609        33.333084401544376        2.0000000000000000                1
   8.3465350580677988        4.1952620879810816        15.739524686636420        2.0000000000000000                1
   5.7571914456549225        5.0306764716917440        6.3658857132360369        2.0000000000000000                1
   5.0307531056880537        6.0866964317266881        9.6115566437427447        2.0000000000000000                1
   7.0039350227480641        6.2197313268309244        10.068158025264337        2.0000000000000000                1
   8.8371938522944280        6.8915991642254752        38.418127386262626        2.0000000000000000                1
   4.3860384791452276        8.4373793454363728        27.198408809817337        2.0000000000000000                1
   5.2904221967027523        6.7063878082968538        1.6075921343126061        2.0000000000000000                1
   5.4471267605412566        5.1632081314691698        13.755766736441011        2.0000000000000000                1
   6.9626723689882200        5.8498555691738821        27.259933881314051        2.0000000000000000                1
   4.2746571772779607        3.5583243079672195        28.210954612398517        2.0000000000000000                1
   5.4496554547340521        3.0923358031381665        26.187726505038295        2.0000000000000000                1
   7.1920381662228330        3.3007460966413080        13.759459348298206        2.0000000000000000                1
   4.2100307986108003        3.6327405250260782        32.328130584256435        2.0000000000000000                1
   8.7384167138637974        6.9280863050593862        14.758211282622517        2.0000000000000000                1
   6.0614524212515599        7.0974175849164283        39.785365881564886        2.0000000000000000                1
   6.5960310527370236        6.8086588916177755        13.222669104489848        2.0000000000000000                1
   3.8801764594344332        8.0539721321733388        30.132497894531781        2.0000000000000000                1
   3.4037368677922437        4.5227331166869424        26.160669611480309        2.0000000000000000                1
   8.5223706896980698        7.4650702111912963        39.243580279452182        2.0000000000000000                1
   8.8704460006819996        5.7236180982709666        4.4517913272208931        2.0000000000000000                1
   8.9685056062214432        6.2854058039762037        11.666633151975452        2.0000000000000000                1
   3.1844848785384312        7.0003737994321238        32.337229319635675        2.0000000000000000                1
   3.0253044949959396        5.7283291051317917        16.607549471388605        2.0000000000000000                1
   8.9212745582286956        5.6205269720003841        30.166065767167307        2.0000000000000000                1
   7.4756204310736818        8.5793766120245465        26.084601596215983        2.0000000000000000                1
   4.2358457387732527        3.6303860674229180        36.429670168138571        2.0000000000000000                1
   8.0137656527092744        3.8544868245692130        21.063658454496789        2.0000000000000000                1
   3.1849636016833549        5.0378885597026706        25.153376058448803        2.0000000000000000                1
   7.3523846632949930        3.3325711390212058        19.888802173003192        2.0000000000000000                1
   6.9581563155117356        5.9277435420303544        18.690190588306152        2.0000000000000000                1
   7.0427911337613720        6.0764021214443806        35.665016716594316        2.0000000000000000                1
   3.4756629251851585        7.5943224743410038        9.4983628438001322        2.0000000000000000                1
   6.6656497243396426        3.0759985309529130       0.47043684821286830        2.0000000000000000                1
   5.3729519787818818        5.2706494437118927        31.024847552992412        2.0000000000000000                1
   3.2380668446652150        6.9864149878784465        2.4729424155130708        2.0000000000000000                1
   8.5113639158819936        4.6485105496032046        18.832253184191405        2.0000000000000000                1
   3.1559464243877264        5.1384004387365287        37.487572417723868        2.0000000000000000                1
   5.1547625782858795        3.1435981203778116        17.899525254557517        2.0000000000000000                1
   3.7410965194353527        7.9351603089006124        28.356488035889114        2.0000000000000000                1
   8.6997864657423527        7.1072203591753684        20.985699895989779        2.0000000000000000                1
   5.4101342090613382        3.0683294018889655        6.6096503875407757        2.0000000000000000                1
   5.5057091327695318        6.8513108934089759        8.8093652026104916        2.0000000000000000                1
   8.7924257864694653        4.9391149419818801        29.184054831715443        2.0000000000000000                1
   8.9598680963630315        6.2400851109249320        29.166509311785148        2.0000000000000000                1
   8.4304840007155732        4.3738574732686519        21.942159347267864        2.0000000000000000                1
   5.2735848359028656        8.9081248064160601        17.659953164295562        2.0000000000000000                1
   8.7014670397362899        7.0276243214829073        16.844801637523101        2.0000000000000000                1
   8.9855915050237538        6.2774498308727207        35.226693980040622        2.0000000000000000                1
   6.9498494726721924        5.9830669067460738        33.523766428246809        2.0000000000000000                1
   7.8078249558156845        8.3885471106964467        7.5534372793830098        2.0000000000000000                1
   7.7587053949409643        8.3616279539835912        11.605479796057281        2.0000000000000000                1
   5.3826192681600489        3.1601405451506324        24.134982493153299        2.0000000000000000                1
   5.3748475257990247        6.7443264566014998        6.4664520421275276        2.0000000000000000                1
   3.4231160935103091        7.4419647339106083        31.303710228245183        2.0000000000000000                1
   8.8614713064943231        5.1949722676703809        15.812000014960850        2.0000000000000000                1
   7.1401576518803598        8.7487869494098014        8.4771604644238341        2.0000000000000000                1
   5.5589897536040711        6.8763464773899710        24.875961428418456        2.0000000000000000                1
   8.5116888007185310        7.4718718303103877        9.6055695202317359        2.0000000000000000                1
   4.3871482554120744        8.4403618833774932        37.344225976414791        2.0000000000000000                1
   8.6475215627763138        7.3492429830793915        37.235049699938294        2.0000000000000000                1
   7.2142404971672391        3.3514142888377978        1.4780161468638453        2.0000000000000000                1
   5.0215220365744102        5.6055000189920969        7.0099259776689138        2.0000000000000000                1
   8.8231840973587694        6.8762271308019667       0.46139242877111708        2.0000000000000000                1
   3.0277851440551009        5.7718889707186651        12.586299164287844        2.0000000000000000                1
   3.1110116085217099        6.3138409687610331        35.335049112682782        2.0000000000000000                1
   3.1688445678835957        5.0569342375718316        31.295529797955847        2.0000000000000000                1
   5.0460274167545629        5.7641389082503061        2.1697180874912196        2.0000000000000000                1
   3.2377149843611712        6.9171731516443860        14.770590693917864        2.0000000000000000                1
   4.2339107648567547        3.6096603519934072        8.7528885094526316        2.0000000000000000                1
   3.0395578103043501        6.4346509558941909        21.466695962472851        2.0000000000000000                1
   7.0805521669820815        3.2277653359521334        20.979647013673677        2.0000000000000000                1
   3.3830432780283126        7.4431551375916234        23.282102817991703        2.0000000000000000                1
   8.1239228937640284        8.1157226873943049        22.877486947071532        2.0000000000000000                1
   8.7222223136532353        6.6899310740116240        30.166133032585474        2.0000000000000000                1
   5.6046494203062851        6.8715044147233870        17.488029446406280        2.0000000000000000                1
   6.2745660386091924        6.9760277399933575        38.591368603676564        2.0000000000000000                1
   6.0871913748738153        4.9417794257538654        25.577278732942698        2.0000000000000000                1
   4.0635849556533410        3.7387770785522805        6.6986665027261703        2.0000000000000000                1
   5.9282627358292341        3.0478956345836465        5.6504641260823227        2.0000000000000000                1
   4.8742112922717036        3.5408793930582934        1.5238284234688244        2.0000000000000000                1
   8.7796104817301330        6.9211980802962740        2.4720280965474961        2.0000000000000000                1
   5.4302140947888828        8.8888464171967776        9.5122352273445330        2.0000000000000000                1
   3.1318655479757496        5.6436190849682397        28.277313576353489        2.0000000000000000                1
   7.6370377283715358        3.5005763406433630        36.391161755692949        2.0000000000000000                1
   3.8269513705327500        3.9987191402895195        23.197510740588864        2.0000000000000000                1
   5.0244448852834571        6.3280899680685101        26.768473275727853        2.0000000000000000                1
   5.6463995739183472        5.1120160640251404        39.128570230059033        2.0000000000000000                1
   4.2487167520184892        8.4349484427980101        15.811333287949697        2.0000000000000000                1
   8.5716894608376997        4.4782822103025710        2.4200959269613707        2.0000000000000000                1
   6.7412141878638989        6.7554770503341155        34.825081915098139        2.0000000000000000                1
   8.3125785673458541        7.9020926606637465        14.643115585809550        2.0000000000000000                1
   8.8184326391266925        4.9981488838298231        39.535547468449941        2.0000000000000000                1
   4.8039918696668211        8.7319488835942405        32.352159366754613        2.0000000000000000                1
   6.5261864092800073        5.2368681114058164        10.676706334926664        2.0000000000000000                1
   8.9839157635834255        5.7996526437572014        16.805152577273994        2.0000000000000000                1
   3.3777763240680554        4.5639166289911781        36.379530917565027        2.0000000000000000                1
   6.3675966688323324        5.1232320445245358        21.764169670681170        2.0000000000000000                1
   6.9810128782721836        6.0978198667759811        12.592408326096573        2.0000000000000000                1
   3.8669833070500852        8.0224372685943699        12.643251065948645        2.0000000000000000                1
   8.2168233315619972        4.0106085203677191        33.245227641930015        2.0000000000000000                1
   6.7286455823639351        8.8881636677905398        35.202146282844353        2.0000000000000000                1
   5.3717015468009057        3.1524952067551872        12.772999096986979        2.0000000000000000                1
   7.8186899513608319        3.6378030409651232        2.5118082864972937        2.0000000000000000                1
   4.2045577008355215        3.6067390653572988        10.776237957379596        2.0000000000000000                1
   6.3771810329005412        6.9060931110253581       0.92337006710878444        2.0000000000000000                1
   8.9374944379755128        5.4791615679955452        26.110195076187448        2.0000000000000000                1
   6.6638566614029369        5.2595876132895567        7.0088991178285207        2.0000000000000000                1
   8.7292239745448068        7.1678123264207025        25.049685829618745        2.0000000000000000                1
   3.5733326354889381        7.6795813385222926        24.364935519001932        2.0000000000000000                1
   8.9546408082788460        5.5586813973534532        28.143400012713379        2.0000000000000000                1
   3.2725862646942314        5.1207388327741823        9.7347575953398859        2.0000000000000000                1
   6.6627957688968538        6.7553319038147821        18.179441748344473        2.0000000000000000                1
   8.2929832296201287        7.8892256291649945        26.069291100767888        2.0000000000000000                1
   5.2584139654232134        5.3353397678955279        26.161836331904521        2.0000000000000000                1
   4.8829501524710377        8.7817008017314269        8.5124772989142059        2.0000000000000000                1
   5.5310168647926599        8.9545321010586747        26.453589799807531        2.0000000000000000                1
   8.3147048429761430        7.9021575933422685        30.077629179147721        2.0000000000000000                1
   4.3515949013253241        8.3491230032098436        22.638940199156099        2.0000000000000000                1
   5.5587204770722431        6.8668031740994904        12.571930552657758        2.0000000000000000                1
   4.9443850915463203        8.8042438438484609        14.588025871535120        2.0000000000000000                1
   3.2325426004601603        7.0779676502035809        34.405201068174811        2.0000000000000000                1
   6.2929016195382506        5.0544058639625113        32.823719859374108        2.0000000000000000                1
   4.2405931069247664        3.5888443189358252        2.5809507732678241        2.0000000000000000                1
   6.7953484936340436        8.8797659977146139        3.4137257626689270        2.0000000000000000                1
   6.5014539775485609        5.1225996320363745        14.353509721965743        2.0000000000000000                1
   8.1170461807278258        4.0149360416119029        39.394495680942157        2.0000000000000000                1
   7.2172505212504419        3.2838092629727282        27.132863677254040        2.0000000000000000                1
   6.6235944442718244        3.2386242583022651        10.677193628683375        2.0000000000000000                1
   7.8391184044961655        3.6343270545811701        12.787930085888718        2.0000000000000000                1
   3.4957340958382059        7.6248139850151162        15.636887668565327        2.0000000000000000                1
   8.0905696133934573        3.8742850311805186        27.195111367818434        2.0000000000000000                1
   8.9825941400784277        6.0665670357165888        22.878033379845959        2.0000000000000000                1
   3.8544261136686373        3.9978593502066602        29.300609803594806        2.0000000000000000                1
   8.6061615194573875        4.5585322703387554        8.6260260212608717        2.0000000000000000                1
   5.4598952650040742        5.1818996991406170        15.052961147564055        2.0000000000000000                1
   6.2304668505044454        6.9133442025786440        4.6354572421488598        2.0000000000000000                1
   8.9885436619888477        6.2419287004099342        3.3658276891910450        2.0000000000000000                1
   5.3309738777655635        5.2597481674148892        24.964116972279644        2.0000000000000000                1
   7.2295204392692316        3.2884044567671089        15.774465760523046        2.0000000000000000                1
   3.8213832372025713        7.8737169306160792        18.706599716537429        2.0000000000000000                1
   6.9575358628879220        5.7454687105815578        28.565961045627162        2.0000000000000000                1
   5.4909965110831314        6.8367794089168568        13.846244139608695        2.0000000000000000                1
   8.9500611233975054        6.0911228627142284        39.360385177455306        2.0000000000000000                1
   7.6400004095634779        3.5169843930372751        28.137133009113253        2.0000000000000000                1
   5.1883383909076342        5.4208543833251071        36.332363090671201        2.0000000000000000                1
   5.3856399525028076        8.8690985465541221        7.4876576988805494        2.0000000000000000                1
   5.0092745107656622        5.8115933962483295        4.6625644315066861        2.0000000000000000                1
   3.2753045366391889        7.0387324380549474        38.397443245337449        2.0000000000000000                1
   6.9397196911248296        5.7281425908186119        29.744152918334599        2.0000000000000000                1
   4.8971631232600190        8.7627682513694118        12.563307520665482        2.0000000000000000                1
   5.6083571817501570        5.0658331031346941        22.417464586647487        2.0000000000000000                1
   6.0423953567894166        4.3804281166612604        10.078386604203615        2.0000000000000000                1
   6.6974330556674850        3.1079464251671309        14.767746727495677        2.0000000000000000                1
   3.0232969580806168        5.7696212793685504        36.386832914323051        2.0000000000000000                1
   5.3544143641375186        5.3109462596480466        23.647385517631818        2.0000000000000000                1
   5.4092062239485088        8.9405690905049795        39.352781027090685        2.0000000000000000                1
   4.9163270281499640        3.2322148912065285        13.840745088494682        2.0000000000000000                1
   8.9515704367896589        5.7467224847363996        2.4326366349916122        2.0000000000000000                1
   8.2419175641733009        7.9352381777888148        10.541651487804442        2.0000000000000000                1
   5.0795057963422785        6.2975428758823231        29.153043456313970        2.0000000000000000                1
   6.8304086308200853        3.1195505076073777        16.777512433713522        2.0000000000000000                1
   4.7978193561155988        3.2871676542530537        9.6572139316379175        2.0000000000000000                1
   6.8601246437183674        8.8501272451678190        33.168740483517077        2.0000000000000000                1
   6.5283376680741112        8.8845978685636524        23.808901308252501        2.0000000000000000                1
   5.3787784540414680        5.2607694498616295        32.137497638207606        2.0000000000000000                1
   5.3646108613201600        8.9127202116103597        29.006185672310938        2.0000000000000000                1
   6.5890969839792639        6.7402747479692842        15.746447271869291        2.0000000000000000                1
   4.3854767638440100        3.4966742113976803        14.885074400279453        2.0000000000000000                1
   6.5941871288684091        8.9073441742706567        27.026141399197623        2.0000000000000000                1
   3.4893393282770959        7.5811243083836075        19.700425215175194        2.0000000000000000                1
   8.5878740719621796        7.2208793751899902        27.052091250082395        2.0000000000000000                1
   4.7229718460674901        3.3225197546341878        25.158830133725175        2.0000000000000000                1
   8.9878875182406581        6.2184702676991899        26.981862618651025        2.0000000000000000                1
   6.6674948289843812        5.2545356811530857        4.5811933569586003        2.0000000000000000                1
   8.5175356427125966        4.3735737963547248        38.295190195007038        2.0000000000000000                1
   5.8776444057141761        3.0086404696363096        25.084386960690548        2.0000000000000000                1
   4.3598159902335798        8.4885375644626766        1.3763276686555097        2.0000000000000000                1
   8.6310809822130903        7.3645601566966414        33.217420268365196        2.0000000000000000                1
   7.2392705868258869        3.2690025436350090        29.158404234941443        2.0000000000000000                1
   5.0128604417012443        5.8159501288984510        3.4139841553916956        2.0000000000000000                1
   7.1538988134238224        8.6705366734686109        2.3828566553271751        2.0000000000000000                1
   8.8675192072494742        6.8715465637688746        4.4962785268572372        2.0000000000000000                1
   7.3300428323577638        3.3139086135183558        7.6289039075788789        2.0000000000000000                1
   3.0175797328166039        5.8642673602741962        8.5715685065746072        2.0000000000000000                1
   6.1312919084124804        7.0171660001514162        33.683385841146787        2.0000000000000000                1
   6.6361658247644835        6.7441211672735388        27.945216630440495        2.0000000000000000                1
   6.5571054237907438        3.0832594738099885        6.5809972318688503        2.0000000000000000                1
   8.9346332571171896        6.4405022620836574        19.827789334495268        2.0000000000000000                1
   8.8720356993044227        5.2363325245951691        17.919769557915391        2.0000000000000000                1
   6.1198980027294674        8.9069850584143317        28.215265471698633        2.0000000000000000                1
   3.3905691579448378        4.6314690712731910        2.4716476224205750        2.0000000000000000                1
   5.5681216109750213        6.9031528601370864        10.094264844981559        2.0000000000000000                1
   6.4375695802247321        5.0879280190573244        26.671658282302960        2.0000000000000000                1
   4.2293471778739855        3.6354867673799753        24.095677184240124        2.0000000000000000                1
   4.1114082650790529        3.7804936695833304        22.082293201831977        2.0000000000000000                1
   6.2755213805626973        3.0885854226213549        17.935571480522956        2.0000000000000000                1
   8.6525165575074965        4.7483566234707082        20.889966150180214        2.0000000000000000                1
   3.9143358906715426        8.0130036178890194        32.193943220626558        2.0000000000000000                1
   8.9220095905713457        5.5476671363460150        36.321209090593904        2.0000000000000000                1
   3.1563335110515802        5.1192562699518334        1.5695810969936077        2.0000000000000000                1
   3.7553197551242450        7.9409464072867761        26.342996103651938        2.0000000000000000                1
   4.8136376332730615        3.2527502965359942        29.203786378509815        2.0000000000000000                1
   4.2976476883396808        3.5636089628944116        12.809880281801551        2.0000000000000000                1
   8.9540043781030345        6.4879492002284787        21.860187812294175        2.0000000000000000                1
   6.6616375409901396        5.2072167950759072        13.173179096555165        2.0000000000000000                1
   3.3425563104954144        4.6297699124527680        6.4892343937163615        2.0000000000000000                1
   6.6569959544205730        6.8550418133951903        25.434840822073703        2.0000000000000000                1
   3.7727217055624154        7.9932328648637876        14.641519189207516        2.0000000000000000                1
   8.2527147176949427        7.9693675591987789        36.216233324872931        2.0000000000000000                1
   5.8398755747668050        3.0173052938555105        7.6580101856068215        2.0000000000000000                1
   8.5065140860725634        7.5383188939387100        7.4983135868876607        2.0000000000000000                1
   6.7948223019169900        5.3568819564713186        34.785911979427638        2.0000000000000000                1
   8.5885626970431357        7.4806391211155638        13.656526171103373        2.0000000000000000                1
   5.3400621738040615        3.0852952429049183        2.4425683663832376        2.0000000000000000                1
   3.0225774548437530        5.9398608654957084        18.624145030289107        2.0000000000000000                1
   5.8845175886126651        3.0178986199053504        33.317310311903476        2.0000000000000000                1
   4.3783418038666317        8.4953119091627656        31.307131398327289        2.0000000000000000                1
   8.5730380902776950        4.4868073030316422        10.671966132492026        2.0000000000000000                1
   5.6216542046273510        5.0778730774762755       0.34891454537893379        2.0000000000000000                1
   5.6812358849218736        8.9812496498803718        24.400245620298730        2.0000000000000000                1
   5.5123294954895439        5.0784054775474310        29.807049766238556        2.0000000000000000                1
   5.5244064934657162        8.9609109253342858        31.034392510269249        2.0000000000000000                1
   4.0439125042094801        3.7267717744138475        19.940023036588570        2.0000000000000000                1
   4.8908713532730737        8.7441007379884148       0.34103719009526839        2.0000000000000000                1
   5.5128129355787783        4.9670308883307763        1.6577708515968421        2.0000000000000000                1
   3.1655496168923558        6.8685881628739693        12.737353089560278        2.0000000000000000                1
   8.7485120310511419        5.0705376750369204        3.6075798326807282        2.0000000000000000                1
   3.8470664179856300        8.0886216173600545        2.3665966632168796        2.0000000000000000                1
   5.5137076584348028        8.8547048041127550        37.280137053194032        2.0000000000000000                1
   6.0505141417776107        8.9959502279388488       0.42930748465295854        2.0000000000000000                1
   7.1688470206081911        3.3228492160839131        3.4918742423363738        2.0000000000000000                1
   7.0191743200206478        5.7460436236312020        16.374936454202604        2.0000000000000000                1
   8.4389605097909683        4.4902345701117072        26.105924100985789        2.0000000000000000                1
   3.3078894505586063        7.0693467314610672        6.5583684333106476        2.0000000000000000                1
   5.2402855752222415        6.6726221627591373        3.9754772158907934        2.0000000000000000                1
   3.1486833221563884        5.6582069752141209        30.330534650416315        2.0000000000000000                1
   6.9215033410552405        3.1504056130980529        18.886801805578877        2.0000000000000000                1
   4.8623808724476936        8.7673474611045030        36.251405293030622        2.0000000000000000                1
   5.5965131269506960        6.8820006489148060        18.778441442538028        2.0000000000000000                1
   6.7688959651711302        3.1200139799829723        2.5023028001920813        2.0000000000000000                1
   8.4245379335161310        7.6789250497808288        19.758257506914202        2.0000000000000000                1
   4.9043970127797163        8.7639841702990982        16.696432012802102        2.0000000000000000                1
   3.1876044076378021        6.9426251923910760        36.401447478591919        2.0000000000000000                1
   3.0638521164313470        6.4754518593647497        7.4569227154810296        2.0000000000000000                1
   3.0482411092856685        5.7609543180656022        34.386080136452840        2.0000000000000000                1
   6.8117021711533354        8.8715370180897057        29.016684158358753        2.0000000000000000                1
   6.6536031982304413        5.1964871445455474        8.2358591402172330        2.0000000000000000                1
   3.5394004498093277        4.4008172720287746        12.871732069048289        2.0000000000000000                1
   4.2138095762547003        8.3904850395192980        13.804379581579893        2.0000000000000000                1
   5.6507974811634103        6.9078619837705677        19.907576255792986        2.0000000000000000                1
   7.3119794788988841        8.6545635132974041        12.641278733512094        2.0000000000000000                1
   7.9288657352658358        3.8103300583877702        18.993604267435149        2.0000000000000000                1
   3.8615161839321424        8.0793453174982997        6.4415253302281172        2.0000000000000000                1
   7.8195721407484671        8.3111475038360698        31.171435465053250        2.0000000000000000                1
   6.6683339230361378        8.8977483834333153        17.725177147075396        2.0000000000000000                1
   4.7270385364538257        3.3302049644855618        35.424753937219556        2.0000000000000000                1
   7.7660740427428614        8.3642595417682504        3.5277139948656315        2.0000000000000000                1
   3.7133321529408136        4.1127440999396621        19.059450477490003        2.0000000000000000                1
   3.3881569239754672        4.5873511911613640       0.44402735787642794        2.0000000000000000                1
   5.3272295208496132        3.1043529952514390        4.5942109876320920        2.0000000000000000                1
   5.3519684034819548        3.1160833975815150        32.292221133772024        2.0000000000000000                1
   3.7556944781406734        4.0131860766834420        21.139728061264329        2.0000000000000000                1
   7.6685217799272625        3.5127358353624145        38.405429765800150        2.0000000000000000                1
   7.1173556588122269        3.2668796719776894        9.6332933941851060        2.0000000000000000                1
   3.1690147985166921        5.1030310892264659        17.381438683513355        2.0000000000000000                1
   7.6767038275321031        8.3084642675870182        39.407484308011455        2.0000000000000000                1
   8.8648063165016229        6.8736078505371916        12.743573931736627        2.0000000000000000                1
   7.8632348489480330        8.3458368322559622        5.5306266012853271        2.0000000000000000                1
   6.9380643088536269        6.3858640518259842        1.6635760522477434        2.0000000000000000                1
   6.1376464558047834        3.0114917487027490        3.4922087208092960        2.0000000000000000                1
   6.6321332989483022        8.9037224363747089        7.5136624759524357        2.0000000000000000                1
   5.2265785967127245        3.2277387847454011        20.024822166800636        2.0000000000000000                1
   5.4147484238559143        5.2151752283375883        17.608997734176619        2.0000000000000000                1
   3.4376854534115959        4.4959758112501964        34.291415230942775        2.0000000000000000                1
   6.9402717488223074        5.6462111005072497        23.830485736720245        2.0000000000000000                1
   7.8320580726999722        8.3511408572614663        9.5784411408579597        2.0000000000000000                1
   5.9347862621316203        3.0809469687215278        35.416783824422708        2.0000000000000000                1
   6.3578898519857736        5.0520276488181466        30.365054649869425        2.0000000000000000                1
   5.4126380445874140        8.8974593542326996        3.4727827891145071        2.0000000000000000                1
   6.7164353837074930        6.6861382290732010        30.418453058892695        2.0000000000000000                1
   3.4401839718885898        7.5572157545921996        37.404696101676350        2.0000000000000000                1
   4.7249099029661394        7.1435799482901698        31.713753689186643        2.0000000000000000                1
   4.8929595759729274        8.7256958663613329        6.5003559226606562        2.0000000000000000                1
   8.7125156686581153        5.0136468720423339        33.376690965467105        2.0000000000000000                1
   6.1034316135875883        8.9248681062663948        2.4898478753452253        2.0000000000000000                1
   6.2576383761320029        6.9655568675778268        37.404417489305743        2.0000000000000000                1
   7.1865812479037405        8.6850798688698472        14.644472505748794        2.0000000000000000                1
   7.1732729574330873        3.2409006780843677        31.316551004544973        2.0000000000000000                1
   3.4691970338926472        7.5694986092078720        7.4887163801041696        2.0000000000000000                1
   6.8109839484528232        8.8377889654802146        13.664492840107595        2.0000000000000000                1
   3.0416811224381983        6.3872966005000400        25.098404665012410        2.0000000000000000                1
   3.3840639700359061        4.6113384952460850        22.515310465551330        2.0000000000000000                1
   4.9850851437584440        6.2496421075725435        32.839019333440568        2.0000000000000000                1
   3.0211551087015862        6.2788621325192517        13.584196449824555        2.0000000000000000                1
   3.2033767074789208        7.0425589235253447        28.324110821039760        2.0000000000000000                1
   5.7872653044896403        7.0649028246717300        29.745523579202704        2.0000000000000000                1
   6.9023401268643809        6.4012456004534295        3.9183498225029032        2.0000000000000000                1
   6.9984571871563697        5.6331454593673049        38.775190658606711        2.0000000000000000                1
   8.9800841009518919        5.8201548899861404        14.718582317609441        2.0000000000000000                1
   7.3134607911149887        8.6890936372997700        4.4255312711317245        2.0000000000000000                1
   6.3062502696542300        5.0127778209620830        27.887164074773199        2.0000000000000000                1
   4.6702058717366608        8.6667324644411625        24.605557260846009        2.0000000000000000                1
   6.1794463745487871        8.9255124862400343        32.246679632671743        2.0000000000000000                1
   5.6482514434341402        6.8863315632973015        26.152794555492719        2.0000000000000000                1
   6.7096466270607449        3.1025047039485867        32.257735224515891        2.0000000000000000                1
   4.8679746177160652        8.7371521575259639        34.115547655992728        2.0000000000000000                1
   5.9795534019722387        5.0479743083121473        34.093924294982095        2.0000000000000000                1
   4.2694224962665182        3.5694794354196770        4.6189985438664332        2.0000000000000000                1
   7.5340501333827739        5.4948468302186617        39.754270344002094        2.0000000000000000                1
   4.3748954662714734        8.5070104607531736        35.326516211858078        2.0000000000000000                1
   5.3067235796161905        5.2244086822700595        37.778119636234280        2.0000000000000000                1
   8.8521534096385111        5.0834002940324945        13.769403247148791        2.0000000000000000                1
   8.6500779691821936        7.3675194751894555        35.232828183054288        2.0000000000000000                1
   6.9625049939737158        6.0326849076236950        7.6670992459191334        2.0000000000000000                1
   8.9158189393943790        5.4365176981669645        24.064361074422170        2.0000000000000000                1
   5.9737753852878761        3.0961511147911076        31.282697190482057        2.0000000000000000                1
   5.0769431545194230        6.2253359781666378        30.387483049743203        2.0000000000000000                1
   8.1773612665274822        3.9742585480642583        7.5363565415847464        2.0000000000000000                1
   7.6195445242033149        8.5178143461313809        22.016706554305884        2.0000000000000000                1
   8.4104762812817349        4.2778530714220580        19.876636279219973        2.0000000000000000                1
   3.4939627786041050        7.5508454131869369        35.357095521331573        2.0000000000000000                1
   3.6415606402576719        4.1594667646854839        37.407562644202031        2.0000000000000000                1
   5.0144174844954144        5.9384644563613600        15.600043901191421        2.0000000000000000                1
   4.8487114352176901        8.6918169797391904        2.4161731484012834        2.0000000000000000                1
   6.3310883577943082        6.9579437297600943        5.8529046381656595        2.0000000000000000                1
   4.6350098797739792        3.3396262036755662        3.5064406015135181        2.0000000000000000                1
   3.2442630997306265        4.8564186873062081        21.468068229989967        2.0000000000000000                1
   4.2051331965829597        3.6048824261874666       0.56097238704218344        2.0000000000000000                1
   8.1604619589187735        3.9928703267730983        29.221041820906617        2.0000000000000000                1
   3.7195558872373939        4.0979633316916546        7.6168335086933379        2.0000000000000000                1
   8.4974744865863698        7.5839943331959550        17.744670444773366        2.0000000000000000                1
   3.0890852745238258        6.4481578018440606        11.514618497258580        2.0000000000000000                1
   7.8074851098297353        3.6115126828386859        4.6355800461404479        2.0000000000000000                1
   5.3471692641775856        8.8433497164706836        15.617280228134232        2.0000000000000000                1
   5.3356712593219031        6.8172584915456049        15.094850281958342        2.0000000000000000                1
   7.1886653412675949        8.7195655514451591        16.703413855459551        2.0000000000000000                1
   7.2232217875329612        8.6626233696259760        6.4410180250011360        2.0000000000000000                1
   8.9661439029645784        5.9650725083710840        20.807336884408151        2.0000000000000000                1
   6.9961065484605873        3.2138062570478447        37.417883739005958        2.0000000000000000                1
   4.6087260000003516        3.3604652377369746        7.6180904622279098        2.0000000000000000                1
   5.0325430540880438        6.1105513993500500        23.090781535334539        2.0000000000000000                1
   5.4776692132160978        3.1208418244598777        14.774621022454443        2.0000000000000000                1
   8.1588100905527021        4.0566806578572203        31.240790290959023        2.0000000000000000                1
   6.6584724403644673        6.7632562749432639        26.599516542130107        2.0000000000000000                1
   4.7554030701822407        3.3255532694726133        5.6024931412426273        2.0000000000000000                1
   4.9937540221708527        6.2172281510888858        25.544074513575321        2.0000000000000000                1
   3.5059891293245413        4.4116721207369363        32.238551392095935        2.0000000000000000                1
   3.0110352552298787        5.8703346614363827        38.428499689760805        2.0000000000000000                1
   4.2894244269033495        8.3780989957871519        19.851043270202680        2.0000000000000000                1
   8.6147501784867551        4.5598859573599668        12.672110158183630        2.0000000000000000                1
   6.5420712994552854        6.8164752930402184        10.724952206247861        2.0000000000000000                1
   5.7572748586979552        5.0409546882207374        5.1828103637931431        2.0000000000000000                1
   6.4931852736351425        6.8773861721450107        12.059591862645677        2.0000000000000000                1
   8.3195388910174675        4.1466060047846440        17.831584047202458        2.0000000000000000                1
   5.6822905859797279        3.0331141052274182        20.950747497254763        2.0000000000000000                1
   8.4908255932349181        4.3476447002114131        36.286134057357174        2.0000000000000000                1
   5.7098097467205262        6.9376406719164674        32.154776856681863        2.0000000000000000                1
   8.9774288802840960        5.6352700429108076        6.5684134719802838        2.0000000000000000                1
