     1000000
           1
  0.10000000149011612     
   9.2192852244013945        8.5686889401019357        3.1913900066301646        2.0000000000000000                1
   7.0090572125885426        5.1383730248979340        5.3540526111586599        2.0000000000000000                1
   9.1726261512511940        4.3816847566500190       0.40488071806657067        2.0000000000000000                1
   9.6732443740742688        7.8440799726326711        15.325054395838931        2.0000000000000000                1
   9.2005791345139070        4.2772329200934163        7.0221774118388591        2.0000000000000000                1
   8.5636160748476851        9.2920647798040861        5.2868745171933682        2.0000000000000000                1
   6.1678162436768309        5.0067800221304921        36.668478278256110        2.0000000000000000                1
   7.6889785499806047        7.1663565616717513        35.548446872496832        2.0000000000000000                1
   9.9110512738729000        6.3004768505337054        24.078254957883416        2.0000000000000000                1
   9.3623096021381365        8.4050865579508311        36.713299398270422        2.0000000000000000                1
   7.7841754700815473        6.7965737209672694        29.109559471064898        2.0000000000000000                1
   4.0556775541526529        5.6738762699595062        4.4964447811423751        2.0000000000000000                1
   5.3658008149816254        7.3182354909260043        34.963481747438053        2.0000000000000000                1
   7.7954816310983457        9.6657869028332009        37.005543070132866        2.0000000000000000                1
   6.2751432345003400        7.9583570870945950        20.666161679393902        2.0000000000000000                1
   6.6421559426522583        3.1578783925996889        32.688723059070355        2.0000000000000000                1
   3.7660616547130248        8.6706969305760886        33.400203414733753        2.0000000000000000                1
   3.4896262549172428        5.8755495716466681        34.195179918864405        2.0000000000000000                1
   4.1454370597475263        8.9443461300842646        36.025929882080518        2.0000000000000000                1
   9.7731429235975611        5.4381578545389964        38.365888015071803        2.0000000000000000                1
   6.9934638138354215        6.5443358762755270        19.300964480055100        2.0000000000000000                1
   3.6480284505525087        8.1084377216554095        35.712741664516273        2.0000000000000000                1
   6.2311874314377631        9.7584130864202212        30.566471584264367        2.0000000000000000                1
   6.3338465640771497        6.2011094724199447        11.108379840313809        2.0000000000000000                1
   3.6349945189666135        5.0860799271180186        29.764487811462288        2.0000000000000000                1
   5.0063333842123150        5.6591575166183317        24.213528750406091        2.0000000000000000                1
   7.6623750810516960        3.6128440859311879        10.872390991171351        2.0000000000000000                1
   4.3728273213805311        9.2442172780320924        4.4355405952614735        2.0000000000000000                1
   9.2412565445648767        8.4940937206750853        38.739115809886542        2.0000000000000000                1
   5.2940520949975216        7.6497620682763543        1.3860378943538920        2.0000000000000000                1
   6.7145836223483633        4.7611541365437926        9.2745754742973929        2.0000000000000000                1
   3.2000410155999504        5.3698624223482918        15.530133505650113        2.0000000000000000                1
   3.1573351260877427        6.0720247216417036        36.208214423490631        2.0000000000000000                1
   8.2617742142787982        3.7096578666390312        25.752074470029651        2.0000000000000000                1
   5.7700394360539322        9.6654928824284330        23.411828465165332        2.0000000000000000                1
   8.1818726102881882        9.5601019076856044        11.541402922083755        2.0000000000000000                1
   3.0088742852003332        6.3919610080932836        4.5473065659235816        2.0000000000000000                1
   9.5443321965454047        5.0644369034071852        21.705603144984597        2.0000000000000000                1
   7.7823601251135095        6.2834845743882592        16.172339473499139        2.0000000000000000                1
   3.4476349643787141        8.0737066390380736        11.033652644536085        2.0000000000000000                1
   3.8035120341184347        4.3500453930323637        27.650843638928503        2.0000000000000000                1
   6.9319648043230293        8.1030638444232448        2.4928933442614403        2.0000000000000000                1
   9.7737428391525309        5.2853371939612241       0.63337354917043720        2.0000000000000000                1
   3.0751032988314710        6.0868338042074797        11.163807020491292        2.0000000000000000                1
   7.0101778826471062        3.3748516331878999        17.179288973876183        2.0000000000000000                1
   9.8192278895171299        7.4947069371495081        4.8987728833454414        2.0000000000000000                1
   5.9290311337658652        6.5639686463297542        28.003316038671983        2.0000000000000000                1
   9.3678265917106174        4.5679597468874746        2.7024394054146832        2.0000000000000000                1
   9.5325110737262744        4.7836397383027629        17.585271798925312        2.0000000000000000                1
   7.5567312004125302        5.4152323801404005        26.891866516380681        2.0000000000000000                1
   6.7876446229892213        5.0877974294831931        3.0099763064703460        2.0000000000000000                1
   6.7388698787735821        3.1674341472524228        3.8323737436290624        2.0000000000000000                1
   7.0197867801117653        5.0348242959394769       0.78706880109200350        2.0000000000000000                1
   7.9351059935655348        6.4875073203848759        25.106074765351718        2.0000000000000000                1
   9.6606483167443304        7.2667959124625892        24.204353421874739        2.0000000000000000                1
   7.4033380013402530        3.1820140652869111        26.009587929374547        2.0000000000000000                1
   4.7171104356468847        3.5899625981161751        16.287595597625248        2.0000000000000000                1
   4.4351259569353392        3.7301897642228758        39.570084805728364        2.0000000000000000                1
   8.1673419823146460        6.5269066521572094        1.7997304218172718        2.0000000000000000                1
   9.7481581370496855        5.4113271659926774        36.293497879861889        2.0000000000000000                1
   3.6974461238565763        4.6378392917496383        25.442657414460662        2.0000000000000000                1
   8.2037787847702042        6.3398326273389767        39.743835779815036        2.0000000000000000                1
   7.7542124433256054        9.7483966635092418        7.8820065829394714        2.0000000000000000                1
   9.3695835981141151        4.8830670568370627        30.131921097102158        2.0000000000000000                1
   5.0914267371754960        7.4578923886989488        37.059453960604401        2.0000000000000000                1
   5.9136170563324910        7.9757438305575876        34.190001111825971        2.0000000000000000                1
   5.4807446827731141        9.5650772962679902        39.848361960002734        2.0000000000000000                1
   8.0011536730313964        3.4488170157316889        29.788750572226121        2.0000000000000000                1
   8.8122164158186482        9.1193378832246772        9.5629238386949318        2.0000000000000000                1
   9.8927399844957158        6.8766981385508403        20.030179018730490        2.0000000000000000                1
   9.8038992333480071        6.4230399451387186        36.318954876166025        2.0000000000000000                1
   6.8986789725171027        9.8938292871401661        20.927100934962045        2.0000000000000000                1
   4.4971289961251708        9.3155307455469796        14.847233020587923        2.0000000000000000                1
   6.5716180210909538        9.9204431558474777        5.8214263770686712        2.0000000000000000                1
   7.8569434505094033        5.4118954787571854        33.137462334780452        2.0000000000000000                1
   3.4415992562709321        8.0915298025814817        38.135648625617016        2.0000000000000000                1
   3.0072342087271275        6.2851926324075977        26.907332308032334        2.0000000000000000                1
   7.9473723942955479        7.6483352226257306        12.086200148316523        2.0000000000000000                1
   3.6064799470181783        4.6937206830535461        2.3789393351615873        2.0000000000000000                1
   7.4582934137549612        5.2576998435753195        30.841479908968022        2.0000000000000000                1
   5.6338704462034537        9.7072983201764043        6.2169613932417835        2.0000000000000000                1
   5.7274432294112625        3.3829832273883338        3.7001475900966292        2.0000000000000000                1
   9.8904738928895135        5.7392877685558608        17.430492707808657        2.0000000000000000                1
   5.7307518572331659        6.6171917391437693        3.8747194195657513        2.0000000000000000                1
   3.7785205200782692        4.3780646112557431        21.164458957856581        2.0000000000000000                1
   9.8533230726527172        5.5773031702839493        28.073041623011967        2.0000000000000000                1
   3.1245307153970656        6.9015932588983722        14.043132981810221        2.0000000000000000                1
   6.9779251738572672        4.8042129508360158        22.828860585909901        2.0000000000000000                1
   3.1928152860040928        7.5700982894397093        24.718230419858152        2.0000000000000000                1
   5.1072131535213758        5.9416222668101613        9.4473361665537006        2.0000000000000000                1
   6.3224870441393719        4.8817460378642821        15.896218774901316        2.0000000000000000                1
   5.6686293652057822        5.0630259182105233        13.374986005833334        2.0000000000000000                1
   6.5594166124836297        5.3447867353691390        13.748307654925068        2.0000000000000000                1
   5.0307630276113287        7.3344525041073112        5.6567088736111097        2.0000000000000000                1
   9.5763772871755855        4.8470020674098251        11.293102656187182        2.0000000000000000                1
   6.0691453545440011        3.1059415499885743        17.774463408904008        2.0000000000000000                1
   6.5213119456275273        9.9672740240684039        3.7866479193549210        2.0000000000000000                1
   8.3146289125156247        9.4704753301959101        15.628473096910366        2.0000000000000000                1
   8.5573414145528570        3.7240226967732308        4.6398640699628428        2.0000000000000000                1
   5.9341600195310891        5.0637697177405858        33.738067247929791        2.0000000000000000                1
   7.7190716053059294        7.2552049488567461        39.975323741986543        2.0000000000000000                1
   6.4741159503509422        3.0429233827158417        39.537236837998236        2.0000000000000000                1
   5.1440999457715630        3.3060615020429074        6.0566392580406232        2.0000000000000000                1
   4.8467945199757203        3.4653093439051457        12.252335588396610        2.0000000000000000                1
   6.4611269365962665        9.7629306555430624        39.354962648722541        2.0000000000000000                1
   8.7358296617427076        9.1592238092241907        7.3726509895058623        2.0000000000000000                1
   3.4885426651136613        8.2224138799351554        20.537545439092582        2.0000000000000000                1
   8.3596619815233915        9.4205918732146898        13.601013272735974        2.0000000000000000                1
   4.2372945933002697        3.8773598132965605        14.355920109851354        2.0000000000000000                1
   6.8284362775156477        8.0708966937941931        36.107944295834145        2.0000000000000000                1
   8.7043754639724611        9.0849274290941011        34.388912525029397        2.0000000000000000                1
   9.6922736979563364        7.8730004180597701        13.232500217963052        2.0000000000000000                1
   6.4675459550373997        8.1896722052610471        9.1086968586817587        2.0000000000000000                1
   7.5293217258805321        9.8386672495171315        32.299523404563416        2.0000000000000000                1
   5.5038165736390416        3.1884406688728375        19.740953921947007        2.0000000000000000                1
   7.7490464002960131        7.4076041351585724        33.406178924458601        2.0000000000000000                1
   6.7242134495813559        8.2001507699166698        6.9762057700101012        2.0000000000000000                1
   3.1272461652123882        6.2098198402959204        18.671383775725957        2.0000000000000000                1
   6.3301012254702824        5.9733178080929896       0.66793754581650733        2.0000000000000000                1
   9.8559973896880724        5.7494883490001003        19.791953345415706        2.0000000000000000                1
   3.4520458707922748        4.9411584837502076        12.808118603867248        2.0000000000000000                1
   4.7577581365007537        3.6473029458730548        3.6915426826534512        2.0000000000000000                1
   4.6856169908503027        9.4062346339190626        6.4246043839067744        2.0000000000000000                1
   8.2833507422174986        3.5542460819295805        8.7116890299898575        2.0000000000000000                1
   7.4933848298022641        9.7807989177559520        26.107458359070872        2.0000000000000000                1
   3.1928002764193555        7.6359203264971631        6.8719180972483969        2.0000000000000000                1
   5.5515289725067500        9.8303825298795076        14.826945330082538        2.0000000000000000                1
   5.0243454251374757        7.4412805288014257        30.261989898460900        2.0000000000000000                1
   3.0850925955420743        6.9604409568696779        29.114750045932244        2.0000000000000000                1
   8.2403549772708065        3.4749282241014186        18.846175385534416        2.0000000000000000                1
   6.6989235904777944        5.0114546199917420        31.515060569866350        2.0000000000000000                1
   5.4343961490364752        4.3130554841989541        37.650730512282017        2.0000000000000000                1
   8.0665242285712395        8.5629715162410101        22.268021709897376        2.0000000000000000                1
   3.1712835110123847        5.8875850768920737        28.894339417729736        2.0000000000000000                1
   6.3172764711196123        9.8289424303787030        16.935248587662578        2.0000000000000000                1
   3.4911661923686474        8.2596667268287636        31.347477630173451        2.0000000000000000                1
   6.7935478192681416        6.4355850321492714        8.0448188204999624        2.0000000000000000                1
   9.8814882473917134        6.6212419395397255        2.8835816728910051        2.0000000000000000                1
   9.8234965395373166        5.6023411585887821        2.8265232886890068        2.0000000000000000                1
   3.2716107730261643        5.5203262296525244        22.878225765333308        2.0000000000000000                1
   3.7201984668613046        8.5732729069929885        6.6428460339792847        2.0000000000000000                1
   3.2856614000059694        6.2198473487398562        31.516809626138848        2.0000000000000000                1
   8.8159343483379136        4.0103895363559516        13.311007371557661        2.0000000000000000                1
   9.3551395695854449        8.4744472770242876        26.181774262802598        2.0000000000000000                1
   3.6766120122453030        4.4542795406383062        23.186960459752331        2.0000000000000000                1
   9.8257762550698278        5.8404029863986935        11.382845778185940        2.0000000000000000                1
   8.4078357292725592        3.6346941388427600        38.043333179065478        2.0000000000000000                1
   6.9907222682288497        6.8625901686749575        22.885659245111160        2.0000000000000000                1
   5.3264960143774287        3.2694315919967405        24.134932092071121        2.0000000000000000                1
   4.9234491779001743        7.1711547267461864        28.205163299903308        2.0000000000000000                1
   7.1136549649990615        7.8045586632542134        13.992935023483680        2.0000000000000000                1
   3.7730011986950824        4.7880953818473841        8.4401719563934936        2.0000000000000000                1
   5.7197040661013974        3.1357444272735266        28.341324701308874        2.0000000000000000                1
   8.2321827472421667        6.4826839019525169        37.594858441509153        2.0000000000000000                1
   8.0697389560655459        3.4397591566392274        15.142146251173937        2.0000000000000000                1
   9.9385572921206720        6.8051263397609585        15.465805519206409        2.0000000000000000                1
   6.8135582117020128        9.9584538992530458        10.056996995633767        2.0000000000000000                1
   5.7512410937649729        5.1862451699407943        9.2097816119434519        2.0000000000000000                1
   6.8706545082380597        7.1534258200414707        31.096797261298796        2.0000000000000000                1
   7.5931216607825949        5.5106166482293695        24.786595276702311        2.0000000000000000                1
   3.1245210977533246        6.5340548534126199        22.669637919902705        2.0000000000000000                1
   5.3426555930177759        9.6075658625631295        4.1383551843764748        2.0000000000000000                1
   7.7799394158660213        3.2426314617095682        34.792636976632913        2.0000000000000000                1
   5.1031741956642911        6.6438319586495780        23.998954279872223        2.0000000000000000                1
   9.5848719303889034        5.2672461409652653        26.038597760114850        2.0000000000000000                1
   5.3427811531423668        3.3934809877590033        8.2998569735212389        2.0000000000000000                1
   9.7497546679144449        5.2540718865185712        23.841579450085458        2.0000000000000000                1
   6.0126675960270752        4.9872322555440727        22.482659918940655        2.0000000000000000                1
   9.7586725872969371        7.5828422306944772        38.749955892610821        2.0000000000000000                1
   6.0393252517012641        3.0379619856551341        14.670480175996733        2.0000000000000000                1
   4.7470208655799846        6.6025190984535342        39.383525781491066        2.0000000000000000                1
   8.0917952141670995        9.4322939223087410        28.193282552490427        2.0000000000000000                1
   7.7417375805345117        7.4743862955537113        37.834272574608875        2.0000000000000000                1
   4.2403587028472183        9.1727166693268742        27.206644306551180        2.0000000000000000                1
   6.9079368943276753        8.2318522480090905        38.117362093077467        2.0000000000000000                1
   9.8844623136097898        7.2108598372429551        9.2139141472734867        2.0000000000000000                1
   9.6423497552771771        5.7831314203003510        15.416480605103160        2.0000000000000000                1
   6.6189879043370317        9.9476484232479017        14.631356590022147        2.0000000000000000                1
   6.1676212149699348        3.0414136959817442        6.1349067130175703        2.0000000000000000                1
   9.7048388170213524        7.7735558485679812        2.8180077708648072        2.0000000000000000                1
   9.9223114812703788        6.8472508163936725        11.342024874387988        2.0000000000000000                1
   7.2189758280964993        4.9833180147124656        36.726285558183889        2.0000000000000000                1
   8.9208070374608983        4.0113808045448627        29.838955314842543        2.0000000000000000                1
   4.7828889648229671        6.6289787867158854        12.308622281867841        2.0000000000000000                1
   8.9780951066825363        8.7558226682637077        17.467381308439254        2.0000000000000000                1
   6.2408196104688010        8.1052815118625432        18.165669551338553        2.0000000000000000                1
   4.8627998139768307        9.2370976439077914        8.4172814944209318        2.0000000000000000                1
   9.1141941433591676        8.5367211633774627        32.339682887895371        2.0000000000000000                1
   3.1684001214761688        5.4570115124754510        25.039562405470534        2.0000000000000000                1
   8.4532665448590727        9.2967510480977698        3.2391712475249528        2.0000000000000000                1
   3.2187366689059749        7.1189447902108034        35.875797607599800        2.0000000000000000                1
   6.8008251438665184        4.8279620655280118        24.828791115951276        2.0000000000000000                1
   9.9974358910237378        6.5038637406455919        38.577236423882056        2.0000000000000000                1
   9.3924244567581230        8.0396046386522038        8.9194999121455005        2.0000000000000000                1
   7.9375209322913358        6.3005768718630764        8.1798697270103613        2.0000000000000000                1
   8.6699185748653989        3.7679616543483210        27.817594624416827        2.0000000000000000                1
   3.1699502391949053        6.4389949920996417        24.667510732748028        2.0000000000000000                1
   3.1593715569719132        5.9073817291103863        38.233470502338854        2.0000000000000000                1
   5.8853604664454293        5.0765544650480754        11.210388713811067        2.0000000000000000                1
   3.2075743433504753        7.4946376866435545        4.7039932989508131        2.0000000000000000                1
   8.3353821903725613        3.6317749992049837        20.997812295774249        2.0000000000000000                1
   6.7104451444365489        8.0635962206810596        24.770664477389165        2.0000000000000000                1
   4.4265383966526901        9.3148711127316339        2.2389980280233264        2.0000000000000000                1
   4.6020805092657131        3.5811405264885683        19.490312451613580        2.0000000000000000                1
   5.4612767927032166        9.7671367338112525        2.0100625896880584        2.0000000000000000                1
   7.0068241798489783        3.0836331168963742        30.161487332766967        2.0000000000000000                1
   6.9194997752522909        3.2809411416342131        12.883521495366518        2.0000000000000000                1
   8.4070894101802125        9.3295913710255096        32.308263459030059        2.0000000000000000                1
   7.7202945830638123        3.2717059433443585        32.047379217632212        2.0000000000000000                1
   8.4519754848485604        3.6535496162371870        34.031255970816396        2.0000000000000000                1
   9.8171009934239564        7.3747655392221585       0.79623449240566591        2.0000000000000000                1
   3.8346199659186699        4.4922678720051072        32.500624277510596        2.0000000000000000                1
   4.9589614500660124        6.7801812393867626        19.512596810331679        2.0000000000000000                1
   6.1544964524280248        3.0504228569020699        33.561683233237446        2.0000000000000000                1
   6.4715967637950875        9.9685742951072402        32.650359410087184        2.0000000000000000                1
   5.6766816183266764        9.8499890310513383        8.2390476553233629        2.0000000000000000                1
   4.3482494606004733        3.8011352181364626        8.4197344600669197        2.0000000000000000                1
   6.7984148956963928        3.0867831363412606        10.544147163223558        2.0000000000000000                1
   7.4388844664524374        9.7982038203147415        1.5387197108791031        2.0000000000000000                1
   9.7908921824916568        7.2052832751900011        34.451795549151754        2.0000000000000000                1
   7.6316559986719037        9.7217803697399887        5.6199927663824862        2.0000000000000000                1
   9.2798521377206722        8.3427556545886468        5.3995905455386168        2.0000000000000000                1
   9.0299398891597598        8.8906197437077026        30.262725120104804        2.0000000000000000                1
   5.2236490034368757        6.3178208861188425        35.310765313764307        2.0000000000000000                1
   4.2836248223541622        4.3831423850030786        35.297669474331194        2.0000000000000000                1
   7.5506423270977150        9.6987150680660310        3.5786598334725843        2.0000000000000000                1
   5.2978849517096469        9.7063236230846357        12.634781506111512        2.0000000000000000                1
   7.3378338107985899        7.1609113864387002        2.0994798652704301        2.0000000000000000                1
   9.9631971650167053        6.3789171380309320        5.1316009149843422        2.0000000000000000                1
   5.7534304055838099        9.7091281607631483        37.275960973378758        2.0000000000000000                1
   3.6868014442093169        8.3108898468544830        27.102349723735855        2.0000000000000000                1
   5.9657480452966318        9.9231984348224866        21.330660930249735        2.0000000000000000                1
   7.8302061374460008        7.3967143014221035        27.000926532490411        2.0000000000000000                1
   3.5640912295025595        5.2524553989615725        10.813836822116729        2.0000000000000000                1
   7.2044508864522854        9.7414307639092126        30.166288547452481        2.0000000000000000                1
   4.2094421669746556        8.9317453189426850        18.460641670926243        2.0000000000000000                1
   9.2397129955206978        4.3854568381740888        23.849524643775649        2.0000000000000000                1
   7.7549665295973202        3.2962458647072408        4.0009158011754984        2.0000000000000000                1
   3.1523285296659123        5.7408689390855860        8.5868279938905712        2.0000000000000000                1
   8.5042214763960935        9.1925097969115637        26.172377440377826        2.0000000000000000                1
   6.7351701565681656        9.9149846591697237        37.034680296565320        2.0000000000000000                1
   5.9574781769595635        6.2921980941768565        25.935603829596875        2.0000000000000000                1
   9.9061685010711944        6.1427079822004886        7.4111773805340171        2.0000000000000000                1
   3.3831561159904462        7.7244726558204952        22.675020161015883        2.0000000000000000                1
   8.1175729643583665        6.6545850633703507        6.1383367673837128        2.0000000000000000                1
   7.0370578771214074        4.9694277048705029        38.742587239929669        2.0000000000000000                1
   6.6428246229507337        4.7978876542020750        27.187242288795385        2.0000000000000000                1
   5.7104864667911164        3.2237630944027438        30.658212647744609        2.0000000000000000                1
   5.3163590232534856        5.3368016750968872        31.008384158170681        2.0000000000000000                1
   8.3851128196809164        9.3597801373749796        19.658572987805339        2.0000000000000000                1
   3.3805477209702954        5.0907871562931311        18.738678208008864        2.0000000000000000                1
   6.8688402777820885        3.0531020541656053        1.7942222690238046        2.0000000000000000                1
   9.7933484480843305        5.5840558497868820        32.238396003013186        2.0000000000000000                1
   4.9648804611137782        6.4492390233490209        21.567041030930778        2.0000000000000000                1
   8.0069560690448558        6.6550877296175139        21.089743020423434        2.0000000000000000                1
   4.9373934117182143        7.1713026447919734        7.8575459880176322        2.0000000000000000                1
   8.3812063596175488        4.2355027358189972        15.865173706181604        2.0000000000000000                1
   6.1180973254033839        9.9759944736599468        18.984410543400703        2.0000000000000000                1
   7.5458716036479077        5.2390805806394889        14.256163346234484        2.0000000000000000                1
   3.8318079835257328        8.4630780955117864        12.020258734444210        2.0000000000000000                1
   3.5751919745755605        5.0088414799288961        38.028537788171633        2.0000000000000000                1
   8.1017830811697422        6.5486767693254802        19.065096437586412        2.0000000000000000                1
   8.6211919832507444        9.1173168738950032        36.531924886142939        2.0000000000000000                1
   9.1967737466866719        8.1505082656041274        34.671179637434001        2.0000000000000000                1
   6.4056347721060272        8.2439448003951075        29.030289412665116        2.0000000000000000                1
   9.9652765205057214        6.8449804721456085        17.662372870117821        2.0000000000000000                1
   6.4462792701598151        9.8988505610722939        1.6358273917102590        2.0000000000000000                1
   4.4826567503418318        9.2473400934242633        39.965282328838811        2.0000000000000000                1
   3.7090535976200099        8.5708444927566756       0.26378401327182138        2.0000000000000000                1
   5.8718999841924671        5.1714656083399557        2.4898072813989378        2.0000000000000000                1
   4.7315957130913526        9.4456165639177456        29.187544146904976        2.0000000000000000                1
   5.4576730289843640        5.6429503468215971        33.000644923489013        2.0000000000000000                1
   4.9314184080190842        6.5682056009992174        32.617574376128921        2.0000000000000000                1
   9.2226896217640171        8.5682105661330397       0.77395553726154731        2.0000000000000000                1
   4.0421503743666847        4.4566806882460854        19.142933590846461        2.0000000000000000                1
   9.8879070503965956        5.7289084616780963        13.386113632014641        2.0000000000000000                1
   9.7406498514953874        6.2517818508604623        26.143462698688502        2.0000000000000000                1
   9.2011336578038012        4.3341520283371135        25.889799819202675        2.0000000000000000                1
   7.1293927026305663        8.1004682700263295        31.353148300296031        2.0000000000000000                1
   5.8582494192694874        3.0616830334285310        1.4775430005679748        2.0000000000000000                1
   3.6701176928800638        4.5838845052679966        14.894866047116313        2.0000000000000000                1
   7.2431172537280712        4.6045805020071766        7.3386618104176335        2.0000000000000000                1
