     1000000
           1
  0.10000000149011612     
   3.9662679807094250        7.8377703845028206        16.832604216857494        2.5000000000000000                1
   3.9533217774526266        5.7129557232105332        29.946098003525929        2.5000000000000000                1
   3.7541656033253328        6.7476247370686453        16.375123138913654        2.5000000000000000                1
   9.3507567432689704        7.9152201811783272        6.2259768224693914        2.5000000000000000                1
   6.7051625360008877        9.6727931051023468       0.69739045227314833        2.5000000000000000                1
   7.0744049305783037        9.6355660973910844        18.150645040550899        2.5000000000000000                1
   7.3015436113844556        6.5346457110273137        34.200887680636711        2.5000000000000000                1
   5.5215925144939728        9.4204038282992730        27.587746113660440        2.5000000000000000                1
   6.0407286843070684        6.8465334060119396        26.076330566069686        2.5000000000000000                1
   6.6599676033985729        6.0475801766796167        21.149664407040323        2.5000000000000000                1
   7.2696241632042247        8.6518588805269978        8.0845970982167579        2.5000000000000000                1
   6.6993187562167913        9.6574232857786466        27.532503577223448        2.5000000000000000                1
   9.1217771042960827        8.5153166886855711        22.337672757729941        2.5000000000000000                1
   4.0603057385480312        5.6078271684250449        11.365388461661338        2.5000000000000000                1
   9.4318814998639926        5.5636443172069621        30.308915337780316        2.5000000000000000                1
   9.6776539213236141        6.6416674115621772        33.008545389385084        2.5000000000000000                1
   6.3033112137433935        9.6891394545538407        32.694598490751176        2.5000000000000000                1
   8.0931540427160993        9.0752263268035147        18.828452626574986        2.5000000000000000                1
   3.9861865195531223        5.8552995427759029        3.3499257557470643        2.5000000000000000                1
   4.8521960289147685        4.5433643498611804        18.958721393036861        2.5000000000000000                1
   3.8202071485271616        7.2024121333137572        5.8129899946236403        2.5000000000000000                1
   6.0525663612878287        9.6530805803221256        10.085005399157277        2.5000000000000000                1
   4.3439063052762803        4.9866610445564534        21.419959624499786        2.5000000000000000                1
   3.8223628434095858        6.9122610518398817        19.762061911708894        2.5000000000000000                1
   6.3894119463469705        6.3604422457483389        4.5708070481314236        2.5000000000000000                1
   5.2137131431851751        9.2614663231289427        24.099906238192720        2.5000000000000000                1
   3.8891499135264751        5.9396287547368569        8.5251272663050486        2.5000000000000000                1
   5.0521874577211658        4.5233825340341038        32.751614074521875        2.5000000000000000                1
   3.8651180240547407        6.1074553416439405        27.464090259848270        2.5000000000000000                1
   7.3675508997299737        3.8360374532306114        19.637517548533971        2.5000000000000000                1
   7.1039920573753648        7.4697174354336457        31.491309898299306        2.5000000000000000                1
   5.4289005890919473        4.1080825830451779        27.501580061200546        2.5000000000000000                1
   7.7778729646272105        9.5202420260931593        8.2487053988290011        2.5000000000000000                1
   8.7558123334592235        8.7833442508035589        35.699254249918361        2.5000000000000000                1
   7.2582132371094668        6.9642594279756223        39.307608517464679        2.5000000000000000                1
   9.6502875617941317        7.2391930788159957        16.507708760451724        2.5000000000000000                1
   4.4603179669025961        8.6400422080518648        30.297286248008110        2.5000000000000000                1
   7.8418231176765065        9.5135933077516679        25.278069251976738        2.5000000000000000                1
   5.1761240728947779        9.1471158159773864        19.710182497115710        2.5000000000000000                1
   6.1835055174126525        3.8620528612644489        19.762525848326600        2.5000000000000000                1
   7.4073246631889376        6.4689436817632666        31.686002297548249        2.5000000000000000                1
   5.1556874605830130        9.2821478342391455        10.788107118395788        2.5000000000000000                1
   9.0202574288235304        4.8906254098245343        35.489495077425950        2.5000000000000000                1
   9.1611992356123331        8.4256411382645524        16.242215782269479        2.5000000000000000                1
   4.5746956626734203        4.8069172943707388        37.994388046344440        2.5000000000000000                1
   4.0901661806281773        7.9546148708045328        19.534730768049013        2.5000000000000000                1
   9.2760191281688904        5.2904586880998785        11.011442383296085        2.5000000000000000                1
   9.6213373991627797        7.5517593069675621        27.917062365387849        2.5000000000000000                1
   4.0410360794720885        6.6384501447035982        35.465694102539153        2.5000000000000000                1
   8.8334229374714859        5.4920438523290169        8.4675318839950098        2.5000000000000000                1
   3.8240714338338826        6.1833649045402126        37.973432350143533        2.5000000000000000                1
   9.4232170451002233        7.7538731658701767       0.56942013453576001        2.5000000000000000                1
   7.4138353054915056        6.5933471674949100        36.787449826191050        2.5000000000000000                1
   4.6264933147352787        4.8157040125788857        25.015239560098287        2.5000000000000000                1
   3.9089819599436768        5.9580851036824001       0.79362978043818522        2.5000000000000000                1
   7.1135498133015860        9.6769598874252836        15.082244686843140        2.5000000000000000                1
   5.6319394219002064        9.3380263765597995       0.39768448789056310        2.5000000000000000                1
   7.9849597437375195        4.1777566227346616        27.548647925189425        2.5000000000000000                1
   6.8764451305074168        9.7277377542511214        30.103784113520987        2.5000000000000000                1
   8.8694339273887444        4.9427400116923996        22.364621271656226        2.5000000000000000                1
   4.7953433545852988        4.8592596306009490        6.1298915866978119        2.5000000000000000                1
   8.1751028970264965        4.1284811695235479        8.4843439497258260        2.5000000000000000                1
   9.6369070518662472        6.5232177045741961        3.6164505404197289        2.5000000000000000                1
   8.5835848694760255        4.3778425461521584        32.949892466579541        2.5000000000000000                1
   5.7848643743658519        3.9349014182790918        3.0523585563160096        2.5000000000000000                1
   4.5648218352455192        8.6883367440537462        8.2579256887682675        2.5000000000000000                1
   3.9390500436833640        6.1503699253047897        13.850502905871029        2.5000000000000000                1
   9.6480106015670870        7.5055177573895620        13.938252262382717        2.5000000000000000                1
   8.2405802746898864        9.2752609568050648        30.185531717688292        2.5000000000000000                1
   6.7328330579202813        6.3113444057609698        7.1498464218982596        2.5000000000000000                1
   9.3621869800309341        5.3612155220172601        38.180771132645361        2.5000000000000000                1
   7.4472175403052123        9.6493835947912547        32.673386683582564        2.5000000000000000                1
   6.4183310502593773        3.8056223604923400        22.501129281146802        2.5000000000000000                1
   5.5872279114375614        4.0283394722328696        14.039984306177651        2.5000000000000000                1
   7.0921404901021932        5.9609695588342229        1.7730127418664332        2.5000000000000000                1
   3.9423859208688348        6.2041853067702899        5.9456212977093825        2.5000000000000000                1
   5.1379384838287097        9.2157626579123928        2.9047269901827559        2.5000000000000000                1
   7.3477773772646584        6.7393410996142320        14.908327234325045        2.5000000000000000                1
   9.0106882713091192        8.6848093720268906       0.78077143553478423        2.5000000000000000                1
   4.9490550939954892        4.5622771259439139        3.5206142059388199        2.5000000000000000                1
   7.2486219743583735        9.6722701662640187        21.109495849363743        2.5000000000000000                1
   4.6854850346535493        4.7672400482445783        11.347268195704055        2.5000000000000000                1
   6.0106815328223027        6.7663184840276012        39.342129162892391        2.5000000000000000                1
   9.3200079381714946        8.2523770733616413        10.175953540158247        2.5000000000000000                1
   7.1438713701248684        6.7469734353446267        23.669807481404430        2.5000000000000000                1
   8.9088897532140710        4.8837224499906853        17.000057198519205        2.5000000000000000                1
   6.0576371849066524        6.9840331888933624        2.0770557764335731        2.5000000000000000                1
   8.1659313441379631        4.1593751306068878        38.339711862657587        2.5000000000000000                1
   7.0345776154673976        3.8694917978714440        38.053580022360293        2.5000000000000000                1
   7.1593004068851949        6.4958059243685744        29.040761728389118        2.5000000000000000                1
   6.4449048496522225        6.9431044728261320        18.352595959724447        2.5000000000000000                1
   4.3287466391914924        5.4510642966375373        18.835740082966886        2.5000000000000000                1
   3.9866558926878528        7.3536036515158480       0.68822013508768132        2.5000000000000000                1
   9.2884121453675714        5.3553797042248332        5.9577501374439805        2.5000000000000000                1
   3.8040758175318303        7.1907168196246918        38.177923145581303        2.5000000000000000                1
   4.9890196196613825        9.0943255031797925        35.378545404809728        2.5000000000000000                1
   8.7663438293851961        8.7752883690715784        5.9900188825863401        2.5000000000000000                1
   8.0343692494887975        4.0427446805087666        24.856318620281353        2.5000000000000000                1
   8.6575528335639191        4.4518620047401223        30.290038907417024        2.5000000000000000                1
   9.6259453300048126        7.5139662314507403        24.790793204191470        2.5000000000000000                1
   9.1082981971507859        8.2763151255428600        19.226238055951942        2.5000000000000000                1
   5.9567039120119984        9.5573462791015480        6.0365006305148308        2.5000000000000000                1
   6.2693251877725977        6.2571815468841461        23.636325644078742        2.5000000000000000                1
   5.6776508332983546        9.5465830686065569        37.753849892853381        2.5000000000000000                1
   9.1846435532731938        8.4608168049386681        30.301078237719729        2.5000000000000000                1
   5.4376511143236659        9.4400875172446010        30.272795714876853        2.5000000000000000                1
   3.8109545636537345        7.2011101168620728        24.944506280063241        2.5000000000000000                1
   6.4392966826781004        7.4281768002576500        28.811076048770971        2.5000000000000000                1
   6.7831710792718907        6.2494079785192529        9.9669869619285070        2.5000000000000000                1
   5.2734423944579296        4.4274097738255547        35.240961574654385        2.5000000000000000                1
   6.3657515582450497        7.0782214318010412        12.357565758328263        2.5000000000000000                1
   5.9077762905436604        4.1112501966805191        30.066376173634836        2.5000000000000000                1
   8.9945411318006379        8.6677091954552630        27.657077767574854        2.5000000000000000                1
   9.6860895071381989        6.9503942988132676        19.088875207834402        2.5000000000000000                1
   8.7265496267675857        5.7140074330645261        11.757579796125295        2.5000000000000000                1
   7.0815407278602578        9.5509163688327252        12.564287013797868        2.5000000000000000                1
   8.6615853194387373        9.0050690181416524        10.658018684606766        2.5000000000000000                1
   3.8852452353505180        7.0507127365092730        30.173195561363876        2.5000000000000000                1
   7.1260333521913024        7.0108210992117632        1.8739010267003322        2.5000000000000000                1
   4.7966052737494449        8.9904293882561213        17.050605539083385        2.5000000000000000                1
   7.3740141990848986        9.5911530358362711        38.253850959474370        2.5000000000000000                1
   4.4814013567122366        8.6188135104867580        3.7070885999517200        2.5000000000000000                1
   4.5675397646128513        4.7403889598188025       0.66274658818311305        2.5000000000000000                1
   6.1712374318224743        7.0430981242462316        9.7315490219886378        2.5000000000000000                1
   9.3146200817880569        7.4210889508739672        22.212391137619363        2.5000000000000000                1
   4.9412684983710289        9.0210261810047871        32.875857492673262        2.5000000000000000                1
   4.8107594441043231        4.4668512782250076        16.421199364483620        2.5000000000000000                1
   4.8032046265285002        8.9540135570310753        37.896369794828601        2.5000000000000000                1
   6.1248160371525717        6.8138934982989277        31.328818382567380        2.5000000000000000                1
   4.4214849408752803        4.9212559727267680        13.832630550245248        2.5000000000000000                1
   9.4841170758787516        7.4354113095226824        35.460626360045325        2.5000000000000000                1
   6.1091138987777178        9.5379150884320953        20.477843801367921        2.5000000000000000                1
   8.7735819749433475        4.5605791205712247        19.482258502098052        2.5000000000000000                1
   6.8528287260689638        6.0586385726735443        26.275925002951869        2.5000000000000000                1
   5.5584547037148804        4.0159893994209375        8.6482255087973474        2.5000000000000000                1
   9.4443871981932244        5.6481496385639902        19.378328341964181        2.5000000000000000                1
   9.5206728320366736        7.7043957254509392        3.6943967080779236        2.5000000000000000                1
   8.4152756315564794        9.1237632262802624        38.156372660303930        2.5000000000000000                1
   4.6901604050145318        8.9244878621059680        14.373391995745381        2.5000000000000000                1
   8.2337790937241557        9.2897024693514574        15.897611085845641        2.5000000000000000                1
   9.5573449580613783        6.1363120690711650       0.57966967272721626        2.5000000000000000                1
   3.8719903095691435        7.5414491410966953        27.709486000941631        2.5000000000000000                1
   3.9168191546624702        7.6665162916102538        22.336242153421910        2.5000000000000000                1
   9.7378402294671798        6.8033003398265031        38.147364253793519        2.5000000000000000                1
   4.2507115123726846        5.1418003167748161        22.442963270343675        2.5000000000000000                1
   6.1756580150408835        6.4371024794356773        28.732091590433900        2.5000000000000000                1
   6.6611835840829574        3.9101095095654230        8.3734072546417924        2.5000000000000000                1
   4.8690701935175937        7.6654545415460928        21.926666503063782        2.5000000000000000                1
   7.0257333004105949        3.7629531085204837       0.55851831792376594        2.5000000000000000                1
   9.6603655298387352        6.2547892707762873        35.541010168996173        2.5000000000000000                1
   6.9975648076259285        6.1581260973824810        15.707539358048225        2.5000000000000000                1
   4.6725999440365600        8.7286475702680288        13.256698230081467        2.5000000000000000                1
   9.2508727834282638        7.8933612856387541        38.030558170910496        2.5000000000000000                1
   4.7230114647738706        4.5558468553128755        30.126841451624834        2.5000000000000000                1
   7.7653791067995028        3.9559634665711494        22.105821268983551        2.5000000000000000                1
   9.4229975292666772        8.0050138538334483        32.967525703017223        2.5000000000000000                1
   9.1053313604900161        5.0281049977436272        14.249254553202880        2.5000000000000000                1
   6.7369339384107940        7.4332421121924961        34.230393202847601        2.5000000000000000                1
   9.1770508760737943        5.0704597772841362        25.085037598995470        2.5000000000000000                1
   5.5129689927452246        4.0834785019267210        24.984268412485715        2.5000000000000000                1
   9.6099374506458801        7.0737312818975280        30.397424742296213        2.5000000000000000                1
   6.1376094006253261        3.8727490317054509        32.668641579604369        2.5000000000000000                1
   7.1026999687672046        6.0967129376427875        18.385881708375468        2.5000000000000000                1
   5.3667843885776332        9.2011762493436979        25.087470661847174        2.5000000000000000                1
   8.4305481572415353        4.3520461794016922        3.2610045314462175        2.5000000000000000                1
   7.2384570747291539        3.7943296404069353        10.931946351967905        2.5000000000000000                1
   7.8021438131999838        4.0618371611460713        35.396675795934115        2.5000000000000000                1
   6.3529441166482199        6.1211207011744326        12.697071808732607        2.5000000000000000                1
   6.0272267246294451        8.5673039610732040        5.8003387524726246        2.5000000000000000                1
   4.2970915126356406        8.1126954929192561        35.393373293485901        2.5000000000000000                1
   6.3920066073226982        6.3459122052264654        36.780836131981673        2.5000000000000000                1
   9.2572364207879474        5.1397395383396418        3.3357308077983903        2.5000000000000000                1
   4.0611857664613256        7.7195755479690948        8.2751477715337920        2.5000000000000000                1
   9.3474678230222850        6.4500104144629384        8.3488585230846990        2.5000000000000000                1
   6.6281298602394054        3.7724034434706373        14.575476107848054        2.5000000000000000                1
   9.4934771434882617        5.9132027564829928        21.900067196302231        2.5000000000000000                1
   5.6582212726050924        4.1805554202912827       0.55633050808524853        2.5000000000000000                1
   9.5017721224652973        5.8683307061590773        16.674542561369041        2.5000000000000000                1
   6.4396621983405371        9.6854736201620923        35.361375514944562        2.5000000000000000                1
   9.2383226667425742        8.3503567064247353        13.357568422900245        2.5000000000000000                1
   8.1520148074369114        4.3767963649086878        14.201362465732625        2.5000000000000000                1
   6.1578873251639470        7.0108592627558108        15.417524475089703        2.5000000000000000                1
   5.4738682210354925        4.2829542137445324        37.923581092241200        2.5000000000000000                1
   4.3869458977278661        8.3948967805914609       0.37210161421647797        2.5000000000000000                1
   3.8657905167734530        6.1436205213219788        24.744808901276201        2.5000000000000000                1
   4.3140981830970988        5.3291942822847744        16.315267045276599        2.5000000000000000                1
   7.7238610555215006        3.9936439104659782        17.063986471264091        2.5000000000000000                1
   4.0708719092101973        7.9068456548688397        32.803645443558615        2.5000000000000000                1
   8.3865387868928600        4.5507597182287611        5.8579639601101023        2.5000000000000000                1
   7.5284480649269687        9.5877926398218332        35.641422414026515        2.5000000000000000                1
   5.9585104235186357        9.5072958145841096        17.330046782740880        2.5000000000000000                1
   7.7468825599540621        9.3568302580021481        24.286723756211810        2.5000000000000000                1
   3.8162131679340523        7.1366985145614548        11.177134984203663        2.5000000000000000                1
   6.9927850566183754        9.7328868546925165        13.627766755848576        2.5000000000000000                1
   6.5010775167357142        3.8023394842016138        17.079909811053557        2.5000000000000000                1
   7.2592899606799000        7.2910488941435085        26.423305610148159        2.5000000000000000                1
   9.2496515351648831        5.0965307019331005       0.73267825256662800        2.5000000000000000                1
   3.8471824476000340        6.7456440917266107        32.741623588580644        2.5000000000000000                1
   7.7818348772302732        9.4513968092566838        2.9767160230893626        2.5000000000000000                1
   6.9190247570969916        3.7607755357731798        25.078019063374700        2.5000000000000000                1
   6.6677019125607453        3.9859977752262914        35.211281447009597        2.5000000000000000                1
   7.2044776669622488        7.1171387738387279        20.851270087239424        2.5000000000000000                1
   9.6634708870690549        6.0501528306502319        27.741838774555319        2.5000000000000000                1
   4.0715101392319335        8.0827854464224096        10.911529558348764        2.5000000000000000                1
   7.2925185957241920        3.8273077566635578        5.4423936786488483        2.5000000000000000                1
   9.1794236590855682        5.1965810489414466        32.962127355914468        2.5000000000000000                1
   7.3883038494485236        3.9148457262819050        30.294505365512791        2.5000000000000000                1
   6.6399428564419782        7.3230037626883577        36.746432076594111        2.5000000000000000                1
   6.9274518915746928        3.7601553985412495        27.599410813847996        2.5000000000000000                1
   3.8487732184625902        6.8833423062035353        3.2824223552250498        2.5000000000000000                1
   6.2699021953705429        6.4245441961757059        33.947460058095572        2.5000000000000000                1
   7.4193306684451317        9.5315142061522469        3.9333040390150438        2.5000000000000000                1
   6.6651563781394501        9.7283107681509957        21.925839614215246        2.5000000000000000                1
   9.1132409696480785        4.9727320240800186        27.670891731268330        2.5000000000000000                1
   4.2452530795974388        5.3989077362237969        35.279132624690021        2.5000000000000000                1
   5.7195400310257591        4.1762544464166611        5.9464867341682162        2.5000000000000000                1
   6.9190769577363822        3.7861712477186247        11.929734142735070        2.5000000000000000                1
   8.2897864669192458        8.0804241322285080        10.826671699274025        2.5000000000000000                1
   4.5148757497562571        5.1414392294701834        8.7783110898458627        2.5000000000000000                1
   9.4849012337614536        6.4505219522742401        25.117944532494086        2.5000000000000000                1
   4.0414980781699255        7.5673897270585000        14.019978304303931        2.5000000000000000                1
   4.0716746518385669        5.4100415675726303        32.553399388511075        2.5000000000000000                1
   4.4284816168884769        5.0163653984350747        27.510161089026617        2.5000000000000000                1
   7.3502886199064257        6.6900613810922938        4.6675235545128588        2.5000000000000000                1
   8.6858784139846463        8.9428575941191522        33.118484126913678        2.5000000000000000                1
   9.6484661245899392        6.1037798182117804        11.790334379622022        2.5000000000000000                1
