     1000000
           1
  0.10000000149011612     
   6.2615059698165050        6.2516916188134610        17.420050433719670        3.5000000000000000                1
   6.9920657648760551        6.1879865990906069        2.0517281196441948        3.5000000000000000                1
   6.2607707580246261        6.3497186235226524        25.585710581936812        3.5000000000000000                1
   7.2366677699482400        6.2171997811862783        38.515564838387199        3.5000000000000000                1
   7.2292341624303997        6.3063192155714001        25.931212203108842        3.5000000000000000                1
   7.2343506073816668        6.2302053399129207        7.9556490293056514        3.5000000000000000                1
   6.2502953783814812        5.3316336576009249        39.607636218266542        3.5000000000000000                1
   6.3052972267269398        5.5161341003000581        5.4969445805573320        3.5000000000000000                1
   6.2519829396018967        6.2340607654079339        12.528365641812863        3.5000000000000000                1
   7.2302759069856872        6.1437743364146344        3.1580661955713629        3.5000000000000000                1
   6.4860764136634952        7.1805627451207341        26.115771127900235        3.5000000000000000                1
   6.5584202550174462        5.3333032681679349        13.928866554302980        3.5000000000000000                1
   6.2554545737757818        6.2629177580085811        16.358777668966262        3.5000000000000000                1
   6.3409432018367902        6.2444955470801204        36.799318433744823        3.5000000000000000                1
   7.0684426143720236        6.5561644580709588        18.323009399731067        3.5000000000000000                1
   6.2815747315723574        5.6078332488389675       0.76656224898884195        3.5000000000000000                1
   6.2662674893155090        6.2464685374342439        32.635820826437140        3.5000000000000000                1
   6.4261090195595383        7.1350003735014429        14.915066165877111        3.5000000000000000                1
   7.1897529704967367        6.0920340051297810        37.358791842509717        3.5000000000000000                1
   6.2579536697168887        6.2168795956034337        8.1915289475137385        3.5000000000000000                1
   7.2482522946737884        6.2713276992019669        26.991620220170908        3.5000000000000000                1
   7.1547636615509207        5.8300618960635395        31.402701244045470        3.5000000000000000                1
   7.1397181260888747        6.2083917348319249       0.90794095215381798        3.5000000000000000                1
   6.2535182201619461        6.2011666002804882        11.354536616448707        3.5000000000000000                1
   7.2043125175044676        6.5112764249094077        22.172272549229596        3.5000000000000000                1
   7.2323311064989717        6.1604855690465907        33.413748648128582        3.5000000000000000                1
   6.3507279004800434        5.2585801202662887        31.211459495801247        3.5000000000000000                1
   6.3369005151765556        7.2235983214114325        17.072126373223011        3.5000000000000000                1
   6.2848655836353080        5.2928141665709063        34.973598083722422        3.5000000000000000                1
   7.1248580511010964        6.4797955646326084        19.764400514929083        3.5000000000000000                1
   7.2197917984662014        6.0485329931795118        9.1414133669071713        3.5000000000000000                1
   6.4555875596485564        5.3130887365583161        32.221599470730858        3.5000000000000000                1
   7.1447101100684032        6.2530126422214041        20.806914333173651        3.5000000000000000                1
   7.1619571564189251        6.6468106573354753        17.125412035773959        3.5000000000000000                1
   6.2733645723272211        5.2620461434069750        7.8774073853707121        3.5000000000000000                1
   6.4221722089251436        5.2976055178500463        11.764345996170020        3.5000000000000000                1
   6.4646206877698509        7.1968783852664107        22.188195138232043        3.5000000000000000                1
   6.3008910042581414        6.2541816489141215        21.825322325894550        3.5000000000000000                1
   6.2957700457705856        5.2524037599126503        3.1771846882143886        3.5000000000000000                1
   6.3078682670138928        5.3929118412276544        6.8271673648311415        3.5000000000000000                1
   7.2441714414711180        6.1454234144799731        32.360248959221835        3.5000000000000000                1
   6.2760519846674629        6.2680421880646042        26.743262489746598        3.5000000000000000                1
   7.2107370699974505        6.1884180328405112        6.9293075703035152        3.5000000000000000                1
   6.3002507524979103        7.1012017872467599        23.323385438534789        3.5000000000000000                1
   6.3142702939686055        7.1999560516899486        19.766847321655646        3.5000000000000000                1
   6.2511646348867842        6.2602882203622015        27.782211076695486        3.5000000000000000                1
   6.2866396523899093        7.2052302224498206        20.810130615564418        3.5000000000000000                1
   7.1608434625204938        6.3433799866332752        23.262777081549277        3.5000000000000000                1
   6.4722847693793870        5.3115322445522111        33.291594707358207        3.5000000000000000                1
   6.2601528134001017        5.8487040333204030        38.451038755782726        3.5000000000000000                1
   6.3665206543437742        5.2986107907911082        1.9900397872250937        3.5000000000000000                1
   7.2134912646530065        6.0819062378284370        11.660410192271554        3.5000000000000000                1
   6.4852920523877504        7.2178037368619989        24.338812663709881        3.5000000000000000                1
   6.3102779725565510        7.2170988238610052        28.197906875772670        3.5000000000000000                1
   6.2530306494100509        5.3662194785073885        4.3630820827918058        3.5000000000000000                1
   7.2059924921830296        6.2133782932448609        10.522680085557635        3.5000000000000000                1
   6.2606815122214963        6.2366984464750521        31.596652879539391        3.5000000000000000                1
   6.3964174743846689        5.2628755328363175        12.915038492112098        3.5000000000000000                1
   6.5311672662449292        5.2937928186651151        10.330356691912497        3.5000000000000000                1
   7.2015445948546244        6.4739021430573986        24.369988078406589        3.5000000000000000                1
   7.2415928569252381        6.1546319097410214        12.660102211993175        3.5000000000000000                1
   7.2485808133717491        6.2756439393501600        16.177272253513593        3.5000000000000000                1
   7.0376677657371474        6.1253826812134431        4.4207354122703775        3.5000000000000000                1
   7.0947936049714517        5.8811717041127602        34.986028500218076        3.5000000000000000                1
   6.2575792554737868        6.2483386574430657        3.4039921784810794        3.5000000000000000                1
   7.0178321912207045        6.0853117612671408        39.662209830142174        3.5000000000000000                1
   7.1393062350313992        5.9136973725659585        36.112128699716692        3.5000000000000000                1
   7.1563472828539556        6.6667927921481347        27.940394590267775        3.5000000000000000                1
   7.0852435417984587        6.1541814521416294        5.5715762064055756        3.5000000000000000                1
   6.2602334614207766        7.1443094496898070        18.437366842158550        3.5000000000000000                1
   6.2881816749896773        5.2638130119107327        37.124764758463037        3.5000000000000000                1
   6.2858075366068986        5.2691658542345570        36.067306242644584        3.5000000000000000                1
   6.4672633188207698        5.3857181190716883        9.1208399452582345        3.5000000000000000                1
   6.6416207160290304        7.1520426558434060        27.120584201257905        3.5000000000000000                1
   6.3636299285940927        7.2103655568076075        15.980448531914016        3.5000000000000000                1
