     1000000
           1
  0.10000000149011612     
   9.7152572363198217        7.2254727214774066        22.744837659049200        2.0000000000000000                1
   6.9380633515022030        4.8120094476553348        33.798801672262343        2.0000000000000000                1
   9.6222916955595750        4.9878960035441571        19.570969019068624        2.0000000000000000                1
   5.2987353937223727        9.6854919167839384        18.570676126057517        2.0000000000000000                1
   7.3892785983923623        3.1230403820227206        11.810114905514229        2.0000000000000000                1
   4.7734407075242116        6.7234173434021809        11.692101223747644        2.0000000000000000                1
   7.3766670702168247        7.9769922405118434        19.625006877606737        2.0000000000000000                1
   5.8122584991227466        6.6658606631718076        24.481152063849613        2.0000000000000000                1
   4.9305556213956825        6.8785471546441190        30.829365089539870        2.0000000000000000                1
   9.5241586757246637        4.7560088198850448        1.1603795534039127        2.0000000000000000                1
   7.2086187184806931        7.7733015329950437        39.244692991791155        2.0000000000000000                1
   6.7429937354609084        7.9413859386352019        13.117493424963685        2.0000000000000000                1
   7.5738795339900644        9.7826420905107909        26.957487577378139        2.0000000000000000                1
   9.8319607555423936        6.7653237719328123        20.637935138550670        2.0000000000000000                1
   5.4752703409210008        5.4970062972595839        28.061576006388478        2.0000000000000000                1
   3.2664335900760029        7.5558667805079454        21.335459323462519        2.0000000000000000                1
   4.9781155835588491        3.3826781717041676        15.711899509944843        2.0000000000000000                1
   5.0971361449103050        7.4385549538288540        18.140030061220155        2.0000000000000000                1
   9.3317606233188890        5.0484035325482690        6.4885218590207137        2.0000000000000000                1
   5.8201531874835055        5.0428960611869647        21.488756983003704        2.0000000000000000                1
   8.7017224610680284        3.7958924712296951        24.160743741817907        2.0000000000000000                1
   8.0588666633467323        5.9815698400461113        14.344674022755489        2.0000000000000000                1
   6.3758277430575667        5.1395349656852360        6.1111970236064339        2.0000000000000000                1
   5.5892687065312918        5.1893231181141246        16.903742188857521        2.0000000000000000                1
   8.9588630859498117        8.9330100639605092        15.982483551660296        2.0000000000000000                1
   9.9392824281861536        6.7083875207245312        34.913840135061761        2.0000000000000000                1
   6.9139806418884344        5.4299119324750285        23.323412403657851        2.0000000000000000                1
   7.1648932481439349        8.0623775127229838        17.617345460000248        2.0000000000000000                1
   6.7873962810420005        3.1628083491623480        24.378458131013538        2.0000000000000000                1
   8.3310600924226232        3.6822770709038495        14.769582445962929        2.0000000000000000                1
   5.6008600520959426        3.2499640017031441        13.627696483851807        2.0000000000000000                1
   4.3459988285712523        9.1044612813896588        38.148955062239118        2.0000000000000000                1
   4.7090651102717596        9.3909956882015457        6.3610888553820200        2.0000000000000000                1
   6.1462170394710611        3.3435714611024698        20.331994803693021        2.0000000000000000                1
   7.4005990326361770        9.8021645388939014        35.675736790708193        2.0000000000000000                1
   3.3264029410883991        7.8449709509293468        15.042241376419978        2.0000000000000000                1
   5.9124495736013323        3.2087867447861496        5.2188969973511705        2.0000000000000000                1
   3.3872137076507203        7.9705169576378427        23.386438684606137        2.0000000000000000                1
   4.2128192205662893        4.1868325149220640        22.630011098380294        2.0000000000000000                1
   6.6892943174246540        9.9758420977958444        12.444280875740766        2.0000000000000000                1
   5.5288548431438844        5.4062707979974638        39.842145023542457        2.0000000000000000                1
   3.7694941373485102        8.5984487342332425       0.28958104512497790        2.0000000000000000                1
   7.9176115312719837        7.0710970763212835        14.515341658008177        2.0000000000000000                1
   8.4871237284508148        7.8815085513580385        11.917600150343009        2.0000000000000000                1
   4.6367526649086894        3.6188946178706445        9.1743230604777715        2.0000000000000000                1
   6.4157326501022247        3.0203765068491077        14.247383692511928        2.0000000000000000                1
   7.0476272617216642        3.0599298977265925        37.055227452802157        2.0000000000000000                1
   3.6686203652831431        4.5737910270758197        11.213214883369362        2.0000000000000000                1
   3.5430059812048680        8.2615719523201818        5.1393168634796620        2.0000000000000000                1
   4.9599165833938530        7.2667031742285957        16.092419402838058        2.0000000000000000                1
   7.3904605860596977        9.7684768225584886        8.4652729949642946        2.0000000000000000                1
   6.9143375476043270        5.1299303482015066        10.862506087808651        2.0000000000000000                1
   5.4631393468086307        7.6073587899644508        3.1339704772549708        2.0000000000000000                1
   5.2691682693877704        7.6068022200841998        24.712581125200707        2.0000000000000000                1
   8.7096148394101469        3.7936751537224298        17.671603162819039        2.0000000000000000                1
   6.2843223461574746        3.0192400684394167        1.1989046526195226        2.0000000000000000                1
   4.3375443090846399        3.7515123767499374        11.187410621785256        2.0000000000000000                1
   3.9859373429998901        8.7941897636171120        23.584779459289944        2.0000000000000000                1
   8.4877006621555591        9.3024959933226956        27.076594761016228        2.0000000000000000                1
   9.7347763488865020        7.7174845610405995        13.916737658761626        2.0000000000000000                1
   6.3928355131260579        9.9477864371209073        35.921526680624169        2.0000000000000000                1
   7.2002711584440071        3.3714567600242940        20.308289534177188        2.0000000000000000                1
   6.0419099082970238        7.4915501412834855        13.769098180022612        2.0000000000000000                1
   7.6111875679631957        5.2842855376082287        13.432972197980192        2.0000000000000000                1
   8.7964971417096560        9.0184960561087575        10.098463728593631        2.0000000000000000                1
   3.2268639491511824        6.6341140345909189       0.32865629917337708        2.0000000000000000                1
   9.2225573847393463        4.3119117009100405        30.407674349027776        2.0000000000000000                1
   3.2080629316984943        5.3614430849511212        21.336546231459646        2.0000000000000000                1
   6.7474932869714861        7.5616594291834724        1.5135562744779798        2.0000000000000000                1
   3.0265898982689854        6.1007483522906769        8.3705132731882479        2.0000000000000000                1
   6.8909265586385597        6.9180019844691731        7.5693387495923350        2.0000000000000000                1
   9.5521012501366602        5.2942163817347350        30.397081496306917        2.0000000000000000                1
   3.7546436133794860        4.3980738630005618        17.266922373138136        2.0000000000000000                1
   9.5925674463710351        7.9720748280812304        37.137524300377997        2.0000000000000000                1
   9.4012962779873988        4.5841120901109473        17.565687482679255        2.0000000000000000                1
   3.5504957386533529        8.3561760362841078        38.233384976480281        2.0000000000000000                1
   7.5636757882663055        5.4861222322696808        29.563513972227238        2.0000000000000000                1
   4.1451374467072730        6.0064768704955309        23.482282920963726        2.0000000000000000                1
   5.9691593331021808        9.9487682310379828        31.221897725749681        2.0000000000000000                1
   3.6627506820678168        8.2593735718562087        19.288521382455741        2.0000000000000000                1
   8.0370408604813033        9.6245509799668127        24.795853573025639        2.0000000000000000                1
   4.5014502539145393        9.2711815324950066        35.980198628360647        2.0000000000000000                1
   5.6639079023586838        3.1025350058017884        24.696201154983264        2.0000000000000000                1
   5.1093191809750795        7.6104526109251394        22.394178819400331        2.0000000000000000                1
   7.9356227597041098        6.4843609068210606        27.118731800250941        2.0000000000000000                1
   5.0707255266424411        7.2074148772049123        9.6783798659210074        2.0000000000000000                1
   6.9036043378343486        5.0495531678436603        25.358569410180284        2.0000000000000000                1
   6.3990617193437771        9.9759549261287166        2.6605193377502774        2.0000000000000000                1
   3.1928341638599109        7.5528846655781789        10.692190968035803        2.0000000000000000                1
   8.8631027287948552        3.9406331996087656        8.3264276273938247        2.0000000000000000                1
   3.0537075626883925        6.9638608434504405        27.609616232529035        2.0000000000000000                1
   6.6185036408814915        4.7189590861315596        39.924665528902551        2.0000000000000000                1
   7.8875414804736881        5.8105083386896856        25.176901698857566        2.0000000000000000                1
   9.2663916924917693        4.5163490400484010        35.820321950222649        2.0000000000000000                1
   9.3467859297485010        8.4391808108341806        12.054837248142162        2.0000000000000000                1
   3.1556594754099327        7.3305338713942296        33.834010322966002        2.0000000000000000                1
   4.0993497862213903        8.9192191764820681        31.676825256788796        2.0000000000000000                1
   9.4520102224329321        8.1386157113548734        31.140638208756830        2.0000000000000000                1
   3.0301419574131687        6.6458748646807102        36.042268144052748        2.0000000000000000                1
   7.2989504308534583        3.2122721087104287        30.681014285800888        2.0000000000000000                1
   9.0219431289428531        4.1009036532857328        19.625012405848665        2.0000000000000000                1
   4.5139706059994644        9.3361034890110961        21.443527024634914        2.0000000000000000                1
   4.9378070674113044        6.6071783286569241        1.3770566755048050        2.0000000000000000                1
   9.1019445161308159        8.6419823767428063        20.572309022616896        2.0000000000000000                1
   8.9512171397917903        8.9224673888970401        4.6569315373639322        2.0000000000000000                1
   3.1965084499039582        7.6327157280859037        12.735043192265348        2.0000000000000000                1
   4.6101525626272020        3.6966627300443080        35.502427377726534        2.0000000000000000                1
   3.1476982660056261        5.5549016354657530        35.992958344298188        2.0000000000000000                1
   6.6578724344981861        8.2338967169289639        32.320833390520320        2.0000000000000000                1
   3.6682894209100998        8.3382958573123975        29.768180854363603        2.0000000000000000                1
   9.9710086143692447        6.3438038735160402        11.329768994640709        2.0000000000000000                1
   5.7866198487297824        6.8482669646687597        22.409397697221500        2.0000000000000000                1
   7.3938473227169244        9.8516291291983897        38.232333624790677        2.0000000000000000                1
