     1000000
           1
  0.10000000149011612     
   3.9376680151091663        3.4203882571333524        8.9358801446928240        2.0000000000000000                1
   5.0776506101973728        3.2425833072777390        19.132749044322800        2.0000000000000000                1
   4.2176709556149952        6.8227386963854402        31.709705617324854        2.0000000000000000                1
   3.1318131873239872        5.2218282087835117        13.117959046942959        2.0000000000000000                1
   3.5431235361633910        4.5571876884816689        31.828607716950678        2.0000000000000000                1
   6.6121730589963557        5.2535453546472475        33.334081511913475        2.0000000000000000                1
   3.3626177895148959        3.9684683349430645        39.195620365329013        2.0000000000000000                1
   5.1425154509797846        3.0716376431286649        30.733270867461826        2.0000000000000000                1
   4.5908813414020155        3.3489327956758577        33.161009666493896        2.0000000000000000                1
   6.5987385429829706        5.3720863437807695       0.70098006763384657        2.0000000000000000                1
   5.3551609899942276        6.8503919738307326        27.630588199092184        2.0000000000000000                1
   6.6678595522969548        4.1119523824465753        28.772824827929707        2.0000000000000000                1
   3.4969141481195307        4.2645789177014670        23.724922587450081        2.0000000000000000                1
   4.1950865894346752        6.7663298532654554        15.229405617356807        2.0000000000000000                1
   3.3640913163014905        5.0756267802586734        33.761041129832542        2.0000000000000000                1
   6.0146837382092606        6.0099661291450763        13.743458883092085        2.0000000000000000                1
   4.8244436243604554        3.3692061762720340        1.2358000987356326        2.0000000000000000                1
   3.4713309665288246        6.0492775975657285        9.4818491100472180        2.0000000000000000                1
   3.6847290155535126        5.3849122037906847       0.79954879118879785        2.0000000000000000                1
   5.3608814283041450        4.2195319918256011        38.724209445851727        2.0000000000000000                1
   4.5910909965966580        6.7060082310489779        11.639744097055528        2.0000000000000000                1
   6.6328329985620718        4.2143889270125356        6.6567712658275360        2.0000000000000000                1
   4.4078698580356690        4.4781697412160026        35.869542702757528        2.0000000000000000                1
   3.3866446163332826        4.9871715939804879        21.148241098757801        2.0000000000000000                1
   5.4104935733853283        6.2789594827076289        24.049789261055199        2.0000000000000000                1
   3.8287824264880825        3.5178437356802026        16.134722167564746        2.0000000000000000                1
   3.1689329825792827        5.0483977582487434        7.0976572705230545        2.0000000000000000                1
   4.7844428372331755        5.8974358732607479        4.8704925898727920        2.0000000000000000                1
   5.7832265514721053        6.6601141216757958        2.9291916889038276        2.0000000000000000                1
   6.1732825143761296        6.3567072074886060        35.194137560995699        2.0000000000000000                1
   3.2827000618189728        4.5616858297997833        17.856040670380647        2.0000000000000000                1
   3.8020880915034452        3.9584415973010598        11.081293301298709        2.0000000000000000                1
   6.8270156254285101        5.4173074792992342        4.1909563801416381        2.0000000000000000                1
   4.6909881258597563        3.4740636469842450        12.807077271471718        2.0000000000000000                1
   6.1201394420675612        4.5412899217605238        8.6987856422255856        2.0000000000000000                1
   5.2683729519785532        6.8688338418664827        7.6329791228039943        2.0000000000000000                1
   3.6259567633852936        6.2962189488238387        3.0603243435892318        2.0000000000000000                1
   6.7002398737289015        5.9853261428410649        29.807650959771465        2.0000000000000000                1
   5.9331824821909143        6.4912190508492156        18.687200608031709        2.0000000000000000                1
   6.2933865651871059        5.9385384730802055        22.279923967705120        2.0000000000000000                1
   6.5602382255904867        4.9043815323524695        10.845023350102553        2.0000000000000000                1
   4.5025513193094282        4.3664793822761414        25.761013579578282        2.0000000000000000                1
   6.3098253613549335        4.1952021133476478        2.5792971399034075        2.0000000000000000                1
   4.5583517926764667        3.8899978252417600        4.1220054598207128        2.0000000000000000                1
   4.0141768457895033        4.0322062317028120        28.564959672939572        2.0000000000000000                1
   5.1813032173585318        5.6645751733256331        20.575339456695019        2.0000000000000000                1
   6.7926097860009085        5.0739319395055649        26.004224628462023        2.0000000000000000                1
   5.5070974126054058        6.7315305611053429        37.592984615628467        2.0000000000000000                1
   6.3793901092921548        3.6253576339290912        17.255003073886424        2.0000000000000000                1
   5.3751823259061613        3.1476195650179930        22.616409038535839        2.0000000000000000                1
