     1000000
           1
  0.10000000149011612     
   5.3843360175206039        5.5048605205451437        28.319139538596033        3.0000000000000000                1
   7.4563499328368641        7.5653289619217707        32.668968226223328        3.0000000000000000                1
   6.3247546033160154        5.1301861905349710        1.1852556746039835        3.0000000000000000                1
   5.5852283119175130        5.2345058989305642        6.6096547336780631        3.0000000000000000                1
   4.5413319489764863        7.9350877792579704        24.991279918688520        3.0000000000000000                1
   6.4003150352293270        10.156441043348078        11.206427539488578        3.0000000000000000                1
   4.6840795472441972        7.1166715081816712        37.486624767670214        3.0000000000000000                1
   8.2991632689428680        10.341864009725601        13.646538897324863        3.0000000000000000                1
   6.6809671934078985        4.6789891609666387        31.075619781391726        3.0000000000000000                1
   8.2524407916372873        10.039582532084404        27.644310787183052        3.0000000000000000                1
   4.5311462916207290        7.4512414662974535        17.508465665235885        3.0000000000000000                1
   8.2621396012345620        4.6420506303092388        20.734661595598030        3.0000000000000000                1
   9.6358001152257113        5.4936049328683234        30.963929664479565        3.0000000000000000                1
   4.6932686693735448        7.7913532048019407       0.83113691435385584        3.0000000000000000                1
   9.5592178170185687        5.6416354284861852        37.951035666592119        3.0000000000000000                1
   7.5814881050019984        7.2547622258673679        29.664892714117041        3.0000000000000000                1
   9.2326310878647959        9.8886302372265646        38.253412485229632        3.0000000000000000                1
   7.5746496273427368        7.4543750832366289        2.6649515934001595        3.0000000000000000                1
   5.8751811637483815        9.9165441803508543        37.537973245094229        3.0000000000000000                1
   10.335738348658786        7.1706428399381323        4.7361844518928713        3.0000000000000000                1
   7.5210123375735440        7.5403628856412839        5.7560120929191294        3.0000000000000000                1
   10.409383261674348        7.0420614556714263        28.162549101136165        3.0000000000000000                1
   4.7537771802205473        7.6027895686525362        10.333028828934072        3.0000000000000000                1
   10.376436180294904        7.9035383099971259        13.687306323548848        3.0000000000000000                1
   8.0373646786372834        10.377310683808799        34.912691440378843        3.0000000000000000                1
   4.6732661199437802        8.2167652476793673        18.181988714680198        3.0000000000000000                1
   8.6164353009017560        4.8813549697655789        14.838424215435708        3.0000000000000000                1
   5.1316574142109772        9.0007325268013378        14.946432740650383        3.0000000000000000                1
   5.3798291860395633        9.3041578962679541        7.7957822628093547        3.0000000000000000                1
   8.3376092952337277        4.8413422886173496        34.797352242588694        3.0000000000000000                1
   5.9806043210900137        5.2707358794739640        7.6880408078498546        3.0000000000000000                1
   4.7726052707493061        8.3535423076075244        7.3459164317302754        3.0000000000000000                1
   7.3728100108771555        7.4096763300209245        39.434211990547432        3.0000000000000000                1
   9.6228186377711147        9.5871002631113615        31.336061286249098        3.0000000000000000                1
   8.5996457758918403        10.218003058987511        6.6385740095036141        3.0000000000000000                1
   5.3335924948902527        5.5170765194227238        35.010367325799443        3.0000000000000000                1
   4.8707492632388893        7.3895801306293594        31.127644173414282        3.0000000000000000                1
   10.276626300402009        6.4018293573586957        38.064971844465703        3.0000000000000000                1
   4.7891889745161293        6.3632751040682454        3.7745246613404104        3.0000000000000000                1
   9.3330156598027418        9.5523990095501148        24.716451562455546        3.0000000000000000                1
   5.2348247513783681        9.4069089860158996        27.543904038988430        3.0000000000000000                1
   4.8048898899037971        6.2629757472906675        20.657545657692776        3.0000000000000000                1
   4.5814332451292898        7.7734860071101535        30.185225016982251        3.0000000000000000                1
   6.9187965061865606        10.297416141427334        17.573728483993047        3.0000000000000000                1
   7.3458777048495278        4.7166741943135717        4.1460396689667141        3.0000000000000000                1
   5.2650131536893383        5.5460920911188927        21.340634575011268        3.0000000000000000                1
   7.0688572332528672        4.7252028901633736        10.512194781511816        3.0000000000000000                1
   9.8481822989466874        5.7041335942888605        11.638581868994324        3.0000000000000000                1
   4.7599259277683021        8.6283731453585588        1.3851813074271793        3.0000000000000000                1
   9.6680652621964782        9.5707829096141115        39.553092749162367        3.0000000000000000                1
   9.8687521178518693        9.2891289694786874        30.354819104992817        3.0000000000000000                1
   9.1454903626657718        5.3666044560317454        17.906338124372947        3.0000000000000000                1
   6.9382666608194290        10.353677404422591        10.331026774619666        3.0000000000000000                1
   9.8144583206066951        6.0090102708730120        17.531197200999106        3.0000000000000000                1
   4.6905216479411038        7.8420520624923862        23.942184662651741        3.0000000000000000                1
   10.262107543704587        6.9004070750127076        20.707252325961662        3.0000000000000000                1
   6.5165935340282113        4.7437702785716969        38.106302607879435        3.0000000000000000                1
   7.5831683931829312        7.5037935361442667        12.604264259505836        3.0000000000000000                1
   6.2320852974182426        4.8490396934348787        11.326752419258991        3.0000000000000000                1
   9.4451362956710341        9.7192983534107995        3.4133362732155188        3.0000000000000000                1
   6.0705127803842451        4.8995656500127014        18.281535788443879        3.0000000000000000                1
   9.0607584769733620        10.029293596818976        21.114992774480367        3.0000000000000000                1
   6.7078366569330692        10.156951719356979        30.548535308128955        3.0000000000000000                1
   8.4333157684266400        4.6837744300790369        33.751995887620637        3.0000000000000000                1
   6.9566594859397188        4.6156419363734154        24.703491183779224        3.0000000000000000                1
   6.3826405905302899        10.125603342004510        4.6118080449236434        3.0000000000000000                1
   9.8431686354240586        5.7681602483696990        25.461012293915317        3.0000000000000000                1
   7.4592545090480007        7.4196075319575483        15.999152346747184        3.0000000000000000                1
   4.6589689858211907        7.5714849217550313        11.532247168432551        3.0000000000000000                1
   5.3734072262073456        9.2154925363524960        20.993096149277292        3.0000000000000000                1
   10.447365635617304        8.0436520853810425        35.471964087175614        3.0000000000000000                1
   7.9674803160286665        4.5410586734228202        13.945763617139058        3.0000000000000000                1
   7.1761492483325693        10.404559430809867        1.1281020666034502        3.0000000000000000                1
   10.432247125626205        7.9174265479253831        27.562284706673061        3.0000000000000000                1
   10.145049671434146        8.8990731578801956        18.464950871761346        3.0000000000000000                1
   8.5150988634888627        4.7784441926783563        3.9678419358702652        3.0000000000000000                1
   10.051930750442489        6.2610161074839317        31.692916714037313        3.0000000000000000                1
   7.6723870683917461        7.5031910235756731        9.4241147974070572        3.0000000000000000                1
   10.185611972613684        6.1883980880486460        1.7797110781628060        3.0000000000000000                1
   7.5234679121879457        7.5883630616052917        22.665662035481532        3.0000000000000000                1
   10.430600112381418        7.2877377577377365        1.5373950614519212        3.0000000000000000                1
   8.2207452501397267        4.6124022310009751        21.742709654739695        3.0000000000000000                1
   6.2099204891967812        5.2273617533590064        24.233478064276667        3.0000000000000000                1
   4.7374638709674688        7.5880014414972710        4.4086637191920408        3.0000000000000000                1
   5.7773804400129416        9.8072595449148015        38.528968853574305        3.0000000000000000                1
   10.306570006993645        7.6493900173430420        14.776292912003459        3.0000000000000000                1
   5.3373393026230600        5.5069812136847318        33.636352461399284        3.0000000000000000                1
   10.371204016382830        7.7028052573440178        7.8461621141117215        3.0000000000000000                1
   6.2356829476766640        10.188729255947576        31.433336078860993        3.0000000000000000                1
   8.1112640719993756        10.421003006204112        33.843127562145284        3.0000000000000000                1
   4.9474647821631930        6.3333694021294633        27.568785317136346        3.0000000000000000                1
   10.067739448958246        8.7066350029160660        24.373862455169842        3.0000000000000000                1
   8.5160890730949887        10.106257789139677        7.6775708946548500        3.0000000000000000                1
   8.2886181802227625        4.7254372317062892        28.192550116834308        3.0000000000000000                1
   7.5183464622402072        7.4232662357824983        19.563114854080034        3.0000000000000000                1
   7.5619883152681089        7.3666099292687903        36.384375042576487        3.0000000000000000                1
   7.3752956566894845        7.6046373524810003        25.936554931466748        3.0000000000000000                1
   9.8392600857001113        9.1923695214094501        10.791630392243611        3.0000000000000000                1
   9.0361529475738109        4.9589470476515611        8.0662098453927999        3.0000000000000000                1
   8.9446851814320638        5.0247096135685094        6.9657658097671007        3.0000000000000000                1
   9.9100739575369658        7.7240054855208191        34.487143605842654        3.0000000000000000                1
   6.4751841687243070        10.305065204831470        24.184247162858316        3.0000000000000000                1
   7.0653949392877937        10.314553633699751        18.722704013783396        3.0000000000000000                1
   9.7232222430485322        5.7190659044704963        24.284753076577040        3.0000000000000000                1
   9.8487322209081221        9.1930591808402173        17.316542767077642        3.0000000000000000                1
   5.1079520741661177        5.9917186651933729        14.255760901472797        3.0000000000000000                1
   5.2341874636210903        8.9310258941184912        34.558937089894371        3.0000000000000000                1
   5.4157293326871265        9.6263986608779337        14.107642562148845        3.0000000000000000                1
   8.3630707446422008        10.269685352070649        14.779699775175953        3.0000000000000000                1
   10.389073645734022        7.2900218134342074        21.686883786895464        3.0000000000000000                1
   6.2727994319460292        4.7887743328063559        16.978023250975955        3.0000000000000000                1
   7.3778927855275747        4.6235140921735995        1.1471997951026693        3.0000000000000000                1
   10.145978956374158        6.1655800143737807        10.757570325541407        3.0000000000000000                1
