     1000000
           1
  0.10000000149011612     
   5.0278134980070339        5.6592115466213482        8.8471142833710257        2.0000000000000000                1
   9.0368381930997170        4.2124828712956885        10.701337969668362        2.0000000000000000                1
   3.1753632103472444        5.8871243967461089        28.135173086010571        2.0000000000000000                1
   9.6514470155187482        5.0735841127199217        33.610254586201677        2.0000000000000000                1
   3.7010227340980304        4.8508929372303813        16.346737351380728        2.0000000000000000                1
   7.9252473829708121        5.9023340916615563        32.682122761813972        2.0000000000000000                1
   6.3733509924764054        7.6638391157131700        35.886551661560127        2.0000000000000000                1
   6.8534786560861356        4.9598539056891662        38.452199108301159        2.0000000000000000                1
   6.7766916608419168        9.5493444764316511        25.560638841686110        2.0000000000000000                1
   5.5433357862995605        5.0485522921601991        4.6763634377872281        2.0000000000000000                1
   6.2992086141228469        9.6151400397819877        7.1877212904866097        2.0000000000000000                1
   3.6161181533311679        8.0831424964375991        30.860772382733284        2.0000000000000000                1
   8.9374668651977718        8.9816104298016199        9.2744843541563942        2.0000000000000000                1
   3.0573593664958678        6.7754202984992373        16.041553599636138        2.0000000000000000                1
   3.4747048183868814        5.0333338177923483        34.266478322257036        2.0000000000000000                1
   7.4566059845731667        3.1807537846922918        39.407995018016145        2.0000000000000000                1
   3.9723054909054429        4.0802101824756294        34.342756980786199        2.0000000000000000                1
   9.9846847803744190        6.7494675641806516        23.155785942378589        2.0000000000000000                1
   6.8541670230491327        9.9702918827239984        32.459584012157379        2.0000000000000000                1
   3.1483996808793617        5.6833287865674009        16.414519819834378        2.0000000000000000                1
   5.9791504163024882        9.9013579567710988       0.92753275875665786        2.0000000000000000                1
   5.3500899283279182        5.4495387404364717        15.300314541825170        2.0000000000000000                1
   4.8312748089223918        9.4596030924198509        17.181171286685444        2.0000000000000000                1
   3.9289564716791254        8.8046389920294068        27.061367034308834        2.0000000000000000                1
   7.5460564152030392        3.1681235042465108        25.832942921246300        2.0000000000000000                1
   5.1300617960142150        3.3515857539754967        16.341977652945594        2.0000000000000000                1
   5.1763992155227054        5.9246008627700197        28.201173725729110        2.0000000000000000                1
   7.8038484211292616        3.2777206645914960        4.2194797234661090        2.0000000000000000                1
   6.3870372736832843        4.9878748630220411        22.778763649346814        2.0000000000000000                1
   3.4815398382406308        4.7535771674781300        5.5000400710833306        2.0000000000000000                1
   5.8339674849365046        5.2499745000945284        38.018497926907393        2.0000000000000000                1
   3.1457707041171643        6.0008893409231980        18.390399790073985        2.0000000000000000                1
   9.9548126837137509        6.9867908428637753        7.4544716639590067        2.0000000000000000                1
   8.0639935534395413        6.8394208812364043        22.032341823876159        2.0000000000000000                1
   7.5027181559692959        5.1967524847148363        5.2088647666229129        2.0000000000000000                1
   9.8953812735491020        6.1731068241756537        29.481788963823689        2.0000000000000000                1
   7.3181139635159536        3.3451098797236094        12.719555859669343        2.0000000000000000                1
   7.1004000974052426        8.0517398129187043        38.108823067710858        2.0000000000000000                1
   5.2134731176973137        7.4384799901180978        18.881657471654226        2.0000000000000000                1
   5.8975746115399383        7.6149346064780863        7.9224689786989302        2.0000000000000000                1
   3.9593087982744217        8.8802614951497407        35.364264066196526        2.0000000000000000                1
   8.9734168065807633        4.3127736688658764        33.418891612214942        2.0000000000000000                1
   3.0767476153190323        5.8667813099779877        20.684780431091578        2.0000000000000000                1
   3.2254709434099675        7.5809067503482108        39.447590677004115        2.0000000000000000                1
   3.2059794879121233        7.4207295090676677        24.656746314522302        2.0000000000000000                1
   3.6617819135469798        4.6060158076976778        14.303761979574825        2.0000000000000000                1
   9.8859700480731227        6.4440351182615432        12.432676486246105        2.0000000000000000                1
   6.9184087299402339        9.6806170958627433        28.129271049193029        2.0000000000000000                1
   4.3670019616233322        9.1921448376537587        24.377777406591225        2.0000000000000000                1
   3.1016609186423527        7.2111881004752911        1.4693361142445436        2.0000000000000000                1
   4.9449107260977527        3.5101625902793256        22.911076735754168        2.0000000000000000                1
   8.0396499549100966        3.5156768126668689        1.8984652219297908        2.0000000000000000                1
   9.4893004940512178        5.3158713487886313        14.608043015567210        2.0000000000000000                1
   5.9615771992267437        9.9434321278740452        28.502136710191294        2.0000000000000000                1
   6.0888505083568250        3.0643300118398398        16.646208881313065        2.0000000000000000                1
   5.9121401695062774        5.1563995022606743        9.1197638436437316        2.0000000000000000                1
   7.5637509474397993        3.2463104549275315        23.808654723182773        2.0000000000000000                1
   7.0858224067748408        3.1154605126561390        22.936295762840000        2.0000000000000000                1
   5.0932987418060023        3.3065118616660292        32.861225738145137        2.0000000000000000                1
   9.8309375496918694        7.2510393623307206        29.395103125126475        2.0000000000000000                1
   3.2811778287571469        5.8753189901778837        36.609555407293726        2.0000000000000000                1
   6.0842163940593217        7.4365268973971794        14.259134014553394        2.0000000000000000                1
   8.6606828706540337        9.0671056708236026        13.219676131502611        2.0000000000000000                1
   9.9334157870899524        5.8761239549708213        27.409591912974026        2.0000000000000000                1
   9.6262801464914887        7.1011984482989909        18.962723224242492        2.0000000000000000                1
   7.2577122055318002        9.8816527289896019        23.563939576412874        2.0000000000000000                1
   8.3193879107539548        3.6654571613586615        39.555875060020789        2.0000000000000000                1
   6.8467798002033380        4.8959679126687474        34.178131992281934        2.0000000000000000                1
   9.6093260450411080        7.9022784572941900        22.897129246618867        2.0000000000000000                1
   5.2386138981713808        5.6755780768474047        37.329385291813416        2.0000000000000000                1
   5.4504884517822187        9.7536380830741116        5.2603596930420746        2.0000000000000000                1
   5.3477541534014525        7.7272528182393714        21.130644133258027        2.0000000000000000                1
   3.6779669025544455        8.3850840210743911        24.738999290753103        2.0000000000000000                1
   8.1300917116957798        6.5047223780685197        28.423162541282114        2.0000000000000000                1
   7.9725953874648781        6.2141079529709931        1.2560327753776981        2.0000000000000000                1
   9.8497086931502427        6.6866605056719157        5.3752687556805059        2.0000000000000000                1
   9.4510608550434831        8.0940750155460037        38.338716400342115        2.0000000000000000                1
   4.8294618081835727        9.3835137996883216        19.301824956055665        2.0000000000000000                1
   9.6469449639114870        4.9721525077206907        10.403962305423040        2.0000000000000000                1
   3.1725814970981583        6.0918935069381686        34.538917847061029        2.0000000000000000                1
   9.8698086071979780        7.3174778610265818        25.114850748880592        2.0000000000000000                1
   3.9642491965390323        4.4678792478042570        24.739158649426741        2.0000000000000000                1
   3.2408538864899201        5.4258267986044206        31.934721909496400        2.0000000000000000                1
   8.8025854506919838        5.6857024142224475        20.420622572632613        2.0000000000000000                1
   8.1105737848934165        8.1405808028452906       0.34199967378207419        2.0000000000000000                1
   9.0105130928742216        4.1427161033310922        31.259947579576554        2.0000000000000000                1
   9.7800339856308174        5.3900822332769183        12.614444192833327        2.0000000000000000                1
   6.1577297558634863        9.7598089327728168        38.620314906096851        2.0000000000000000                1
   4.2745571570370222        9.1798253535698109        8.2406715652688192        2.0000000000000000                1
   4.8285309765472517        6.0115980608676516        23.772135747195339        2.0000000000000000                1
   7.8893405963182897        6.2773483070063438        13.596605694964982        2.0000000000000000                1
   5.6629633511147413        3.1685455467982599        24.848530687467903        2.0000000000000000                1
   6.3248042649791252        3.0734227137340926        12.431593498602007        2.0000000000000000                1
   4.4547677245356079        3.7241342343037913        32.121198907266290        2.0000000000000000                1
   8.1843258037186555        6.7682731575561030        15.602099699122364        2.0000000000000000                1
   7.3721774478501638        3.3684002639301514        14.785542926992255        2.0000000000000000                1
   4.1111183430907863        9.0385531381361126        30.942017811798376        2.0000000000000000                1
   3.0841150629660032        5.9446745827202667        22.688010570635658        2.0000000000000000                1
   3.7652793326138418        8.6645795342064940        37.530757135922592        2.0000000000000000                1
   9.6120352519914096        7.0910547948472606        9.5886878682627579        2.0000000000000000                1
   4.8055086353643350        5.8171076242334951        25.959058958399371        2.0000000000000000                1
   4.0331011865157222        4.0586920769926866        28.013561913945662        2.0000000000000000                1
   4.8694717308236513        3.5968278702570440        37.372909263493845        2.0000000000000000                1
   9.6852101234813794        5.1011378272643473        8.3343664581530454        2.0000000000000000                1
   7.3175736414405055        5.0630693211633462        3.0471033633524138        2.0000000000000000                1
   9.5921062716057186        8.1147191671867294        9.1904233404913143        2.0000000000000000                1
   4.0876742916312256        4.0195353943800427        26.829267162501083        2.0000000000000000                1
   3.2456067107676065        6.7837642079082743        11.542066571217791        2.0000000000000000                1
   5.9510684381869972        7.9384211941682619       0.39886932885637150        2.0000000000000000                1
   5.7304603719298273        9.4719940878162188        34.616109795534499        2.0000000000000000                1
   7.1228119821741780        3.1579907712477753        16.866858232441455        2.0000000000000000                1
   8.6550399866045691        9.1825868343492800        17.301114838576275        2.0000000000000000                1
   3.2419002076816410        6.8783762046932795        20.521087602428370        2.0000000000000000                1
   5.1297619965427996        7.3190253239446212        2.9028809915020228        2.0000000000000000                1
   6.9799472334289989        9.9666957248499095        9.0916852766282794        2.0000000000000000                1
   4.4655979095713354        3.8835194834767690        8.0163098870929304        2.0000000000000000                1
   7.4969722642887762        5.4777621063999975        28.125005104942140        2.0000000000000000                1
   7.3140256191057320        7.4958577295258619        26.334728319696740        2.0000000000000000                1
   9.9815504442370155        6.7627945850892859        14.587520417463715        2.0000000000000000                1
   6.4637394871838474        9.8541495593004171        36.628095833948940        2.0000000000000000                1
   8.8851929335630295        8.9579697377919700        27.482917917856934        2.0000000000000000                1
   5.1756365857530300        6.6537600035785260        21.449329217869462        2.0000000000000000                1
   8.7937803925026046        9.0687756395522356       0.18672976678833886        2.0000000000000000                1
   7.7564111447599906        9.7501606149427253        15.498838910156955        2.0000000000000000                1
   3.2460421208599386        5.2525413369318095        24.778530281266793        2.0000000000000000                1
   9.8880576609801984        6.1248017203255358        38.071639010326159        2.0000000000000000                1
   8.1493025944281179        7.1731200990646977        30.574246456370652        2.0000000000000000                1
   5.4494093600354692        5.2009013807397420        31.070929966616635        2.0000000000000000                1
   7.0910271641817273        9.9285832807692103        39.076365293634460        2.0000000000000000                1
   3.2784018759939717        7.7635763546819909        6.1236995890219754        2.0000000000000000                1
   4.8914033992215815        5.6027761585406441        21.522799581012137        2.0000000000000000                1
   8.9012986463540358        4.0275556346694437        6.3475007854076262        2.0000000000000000                1
   4.9319440181334322        9.6090378692462703        28.601492937854488        2.0000000000000000                1
   6.0373428381943182        5.8538989299934130       0.18695011589000082        2.0000000000000000                1
   6.8515573449927958        3.0981232187390213        35.302448266009208        2.0000000000000000                1
   8.8301344038699980        6.5963933661509984        3.3322115739913238        2.0000000000000000                1
   7.7891598995316453        9.7524599323936449        2.9366298339300845        2.0000000000000000                1
   9.8350674381150931        6.1461636359622362        10.052848157673182        2.0000000000000000                1
   7.8378305230101137        9.6084506557750053        30.035628963414499        2.0000000000000000                1
   3.9627995009352297        8.8912216001300450        22.255913556050832        2.0000000000000000                1
   7.8476231057868668        7.7204322154302369        19.833847539776695        2.0000000000000000                1
   6.0703109109643574        3.0520062513977875        6.2595810775517329        2.0000000000000000                1
   4.9368655121121510        6.9680529384130043        31.933812600954401        2.0000000000000000                1
   3.7695432914499580        4.3596759007612933        30.064422545499035        2.0000000000000000                1
   7.0872138901162014        6.5348043591914502        17.366786045923558        2.0000000000000000                1
   7.9383083397877954        5.5136576081649480        7.3683922927136090        2.0000000000000000                1
   9.0824270180472890        4.2624531529225669        29.234473599420880        2.0000000000000000                1
   6.2540758289660774        3.0801730944666583        10.307792281155706        2.0000000000000000                1
   5.7978791014581139        9.8135970100768688        17.582803157063037        2.0000000000000000                1
   7.3325000468310870        5.0988467923455874        11.410733095217447        2.0000000000000000                1
   9.0563433312148049        4.3746130656915536        12.700787093270289        2.0000000000000000                1
   4.2071044842593954        9.1199007328615505        20.082808339732576        2.0000000000000000                1
   9.9248885894859757        6.6677197716465599        3.2822470029932713        2.0000000000000000                1
   8.6737234729739985        9.1965398283858573        34.094984985939526        2.0000000000000000                1
   6.7353554622579344        4.6792317934128995       0.75875349859551944        2.0000000000000000                1
   8.7350676105576532        9.1191832293365582        29.838490848186126        2.0000000000000000                1
   8.9879272963091221        5.4404739266606814        24.426457943994865        2.0000000000000000                1
   5.1564252167334530        3.4119199317601807        5.8867956860889663        2.0000000000000000                1
   5.0824795980408979        5.5462194923657862        6.6248130688327880        2.0000000000000000                1
   9.1679062542285319        4.2758394969952462        39.685541635156483        2.0000000000000000                1
   8.7097220121504009        8.9883892944788233        21.434875999635544        2.0000000000000000                1
   5.2378138283922517        5.3589547804613202        19.367453852476512        2.0000000000000000                1
   4.8777078410534402        3.9212297658799544        24.888015239015651        2.0000000000000000                1
   9.5580285221906767        4.8877121041889540        1.8930399935136737        2.0000000000000000                1
   9.9245201256582405        6.8980389689959081        1.2795150732995084        2.0000000000000000                1
   3.1797549223965347        6.0074688203364648        3.2444184457154974        2.0000000000000000                1
   9.6392118715022175        5.0042560358193793        18.431300224533857        2.0000000000000000                1
   7.8217812136258340        9.6597657085104700        19.233029835551957        2.0000000000000000                1
   3.2602476088497307        7.7981698373553714        11.338522951783943        2.0000000000000000                1
   4.6609451577328338        9.3818716475862338        5.9089426486005756        2.0000000000000000                1
   9.6598650288760304        7.2952146289507587        11.749517611458575        2.0000000000000000                1
   7.1358683575125950        3.1536985102818447        2.1759202796808839        2.0000000000000000                1
   4.0198684186522140        8.6390889354167477        15.530442979368146        2.0000000000000000                1
   9.9173775725446767        7.1382096458243565        5.2660551486771644E-002   2.0000000000000000                1
   3.3325068510361127        7.0277016927955840        3.7686169188177314        2.0000000000000000                1
   7.0179349480638002        9.9238449096149512        1.0890194763974259        2.0000000000000000                1
   9.1853777217223662        8.7167492216265536        36.123747881612054        2.0000000000000000                1
   4.2287162431462795        3.8573775076196246        5.7241580920169177        2.0000000000000000                1
   8.9070673654772925        9.0276601507909007        38.186940758936849        2.0000000000000000                1
   9.1649963878507936        4.2431367733132852        16.270126617542324        2.0000000000000000                1
   5.1086229922115844        7.5621864414633553        7.1538914915321170        2.0000000000000000                1
   8.1548970554156668        6.9496328613338578        32.704687930918972        2.0000000000000000                1
   9.5889321096543636        8.1023592700666072        18.761109449378392        2.0000000000000000                1
   8.3183035261578144        3.6689324594701977        20.813428842553339        2.0000000000000000                1
   5.8453084688140313        4.9659540834662401        2.6545919481531719        2.0000000000000000                1
   3.3850762267121404        4.9743786030518367        22.719719544761318        2.0000000000000000                1
   9.2617316524397157        8.5720438322861767        4.5411858455684726        2.0000000000000000                1
   6.9790615859520173        7.7671472932501349        6.2468767578741469        2.0000000000000000                1
   8.7292081837954463        3.9619780866608330        4.0959942335803463        2.0000000000000000                1
   9.4238637664809684        8.4104568300802942        20.905860768604036        2.0000000000000000                1
   5.5099075978675049        7.9215463654640290        23.180864480249063        2.0000000000000000                1
   6.0051485588059439        8.2384684505543735        20.536699822117271        2.0000000000000000                1
   4.6341758796229833        9.2893241096210843        37.396078465006617        2.0000000000000000                1
   3.5394605410120410        4.7966994704628361        36.477372461056625        2.0000000000000000                1
   6.9929321081701197        5.1051458779950112        9.3161088222256740        2.0000000000000000                1
   3.5018902195205652        8.2453188290656723        32.857389997889541        2.0000000000000000                1
   3.7577475648246668        8.5818333338851112        39.561415443751279        2.0000000000000000                1
   6.8115200131947820        9.9763567052405744        17.521406931539424        2.0000000000000000                1
   6.8799624416163399        3.0553121333408932        37.324997062411164        2.0000000000000000                1
   8.0850230216166157        6.4550168115756437        39.157373668342132        2.0000000000000000                1
   3.0653865745192386        6.1982280925577689        1.2520114898328289        2.0000000000000000                1
   6.8733786874789971        9.8993343323070420        21.579980228795034        2.0000000000000000                1
   7.2431563039499425        5.9620578597483682        36.602723431824835        2.0000000000000000                1
   4.1359247007130762        6.3329155674735826        29.985435814463013        2.0000000000000000                1
   7.8366985958803719        5.4977326341950530        38.775134921720067        2.0000000000000000                1
   7.7609950572777811        7.4719946988441270        28.459967797777395        2.0000000000000000                1
   5.7279946527369132        3.1757629324570047        18.796838754441918        2.0000000000000000                1
   9.4797462700254389        4.7537890700660013        35.636410236143291        2.0000000000000000                1
   7.4129891570507764        5.3907362195678763        13.550748667615998        2.0000000000000000                1
   7.2019429596534659        6.7417058400863210        19.721570610119592        2.0000000000000000                1
   3.0817290226881675        7.0889277946779723        22.643002270855675        2.0000000000000000                1
   3.2488881785558132        5.4905828774595786        7.6401759970634933        2.0000000000000000                1
   7.7822155647079727        9.7282622648411916        13.283390691161292        2.0000000000000000                1
   3.3742176736028315        8.0631251378367725        22.367293638672553        2.0000000000000000                1
   9.5683248298977208        4.8806136751587914        6.2309658755882369        2.0000000000000000                1
   3.4448414677883901        4.8459781834550029        20.181586265146858        2.0000000000000000                1
   3.2809113458117438        7.6410222334730999        15.482465701382397        2.0000000000000000                1
   5.0141119963994498        9.5574097090018331        8.8585305618804586        2.0000000000000000                1
   5.9652459715031343        9.6418717479746547        22.052370442044094        2.0000000000000000                1
   3.4483305889848035        4.7899670830859318        12.068179348318477        2.0000000000000000                1
   6.2855575022561370        7.2860938531387918        38.203157174359134        2.0000000000000000                1
   9.1486364296953546        8.7784858176667342        6.6991180852667842        2.0000000000000000                1
   6.1404327047839580        7.8340075072012203        12.204255821735973        2.0000000000000000                1
   8.1915741179840680        3.4822233286389461        33.094228466661278        2.0000000000000000                1
   8.4001418782684851        7.8144537360350235        15.573044981421511        2.0000000000000000                1
   6.6634992096821737        3.0762180376566355        21.976372295319553        2.0000000000000000                1
