     1000000
           1
  0.10000000149011612     
   3.7799065816531163        2.4142355096734391        3.4121249270217140        1.5000000000000000                1
   3.5758795606103058        4.0555060292310809        22.533425734509166        1.5000000000000000                1
   2.4164617357415201        3.1068482398506836        2.3377978280368907        1.5000000000000000                1
   4.1275776983509447        3.7264768209236414        36.249802785119314        1.5000000000000000                1
   3.0692944555046515        4.0784358844334463        26.456803707770408        1.5000000000000000                1
   3.5543220048268482        2.3286833663890505        33.244027861516379        1.5000000000000000                1
   3.2128615688690085        2.2934636830158612        19.776462959200423        1.5000000000000000                1
   4.1326400002127670        3.1747372364295181        4.8500360144256849        1.5000000000000000                1
   2.3069317707799470        2.9998289541237635        17.940743465930872        1.5000000000000000                1
   2.6347259220746233        3.2050862493990868        3.9859649250651850        1.5000000000000000                1
   2.7707563412200034        3.7434580689496411        24.202850904746967        1.5000000000000000                1
   2.7425763988781049        2.4492457692186620        29.252671402392963        1.5000000000000000                1
   4.0623401132860888        2.6981094880765966        1.8118847696792360        1.5000000000000000                1
   2.2627217954179661        3.4065825378244248        21.727392013687975        1.5000000000000000                1
   2.2622428539172783        3.1678687386697022        12.039794667068815        1.5000000000000000                1
   4.1440610618511649        2.9513972653886578        27.005061588692168        1.5000000000000000                1
   3.2448153719047892        4.1883574328599407        17.936323299364624        1.5000000000000000                1
   3.0971306125295035        4.1208506685886084        7.6269887718088647        1.5000000000000000                1
   2.3480240684287232        2.8429233746687887        6.9200582068533443        1.5000000000000000                1
   2.6321360513422865        2.5445455994894925        13.949625408626831        1.5000000000000000                1
   4.1460738794808440        3.3024695739440650        30.405902993048514        1.5000000000000000                1
   2.3982759125685478        3.7127389267879027        39.611251763633511        1.5000000000000000                1
   2.3341847314548985        2.8938512283070321        38.315558814652867        1.5000000000000000                1
   4.0861620273577133        3.7049054749803654        28.790737086800007        1.5000000000000000                1
   3.1344470082031921        2.4461083495274663        39.936913045498088        1.5000000000000000                1
   2.7073548048967417        3.9883461799033544        28.002297163990502        1.5000000000000000                1
   3.6319993461804572        2.4127884488937066        16.845218724058899        1.5000000000000000                1
   3.3007144047422350        2.2883107166905114        24.748769618670668        1.5000000000000000                1
   4.1314466412543425        2.8950804456551489        34.986663695606104        1.5000000000000000                1
   3.1638170365551059        2.2672449571217128        5.7538519388647167        1.5000000000000000                1
   3.9339378242086473        3.4434240892571943        19.044454897176763        1.5000000000000000                1
   3.9747940223785045        3.7845458225259283        33.300146551314484        1.5000000000000000                1
   4.2110089893308107        3.1773168045937719        11.272109146178577        1.5000000000000000                1
   3.8474445928884293        3.5591967958091653        21.102776453403209        1.5000000000000000                1
   3.7972910639072164        4.0356463488031986        9.5316995594950882        1.5000000000000000                1
   2.7022000920719189        4.0033094947666683        14.668082359876450        1.5000000000000000                1
   2.3796281266118031        2.9757124789172482        35.643705861475674        1.5000000000000000                1
   2.7399669488837852        4.0927038121867882        5.9345536285390335        1.5000000000000000                1
   3.1456071856355807        4.1578854307378128       0.84876084599712809        1.5000000000000000                1
   2.9312563276582932        4.0301654166538086        31.934072035604821        1.5000000000000000                1
   2.8716819315472382        2.8884153045810370        9.1768318565689597        1.5000000000000000                1
   4.1956873626205526        3.3961014870435644        25.469670297369834        1.5000000000000000                1
   3.6392015967416866        4.1505839435438592        2.8877955758398977        1.5000000000000000                1
   3.8700077621483060        2.5361525062670975        22.230800182836560        1.5000000000000000                1
   3.9795332051035204        2.9839165161504471        15.052090976230883        1.5000000000000000                1
   2.2900426025439611        3.2904590289862417        33.193232893157443        1.5000000000000000                1
   2.5330957193225321        2.5692042671282858        23.084897588834032        1.5000000000000000                1
   2.3069743066124317        3.0546823157658900        16.214639266550776        1.5000000000000000                1
   4.1433407307543515        2.8315077421016643        38.328839571318092        1.5000000000000000                1
   2.8466314707679055        2.4718092763916362        10.794450778450065        1.5000000000000000                1
   3.9999484429640959        2.7096848761698777        13.294129043988331        1.5000000000000000                1
   4.2064117949867486        3.2797431832866444        23.863584721513131        1.5000000000000000                1
   2.7826154778749803        2.5115965753675749        31.300103868862667        1.5000000000000000                1
   2.7216132802924466        3.8243451651230860        30.011609787647142        1.5000000000000000                1
   3.3099148231176025        2.3383438993937506        36.772455769006839        1.5000000000000000                1
   3.8988920100646380        2.7505173110625321        7.2457209250953598        1.5000000000000000                1
   3.4859809163331081        4.1317448625368556        12.891201348560781        1.5000000000000000                1
   3.0037918830114960        4.1703957827263061        37.756490086922668        1.5000000000000000                1
   2.6796952579330835        3.9818242017720986        10.711744254442090        1.5000000000000000                1
   3.6825934923337620        4.1113300794933911        16.450328279755329        1.5000000000000000                1
   3.1274913028187132        3.9918962825885811        34.534088447714019        1.5000000000000000                1
   2.7666378716066902        2.3909148015758559        26.415599554329262        1.5000000000000000                1
