     1000000
           1
  0.10000000149011612     
   11.037943771660373        8.6158863229765803        30.043428570606732        4.0000000000000000                1
   10.411255691128620        7.4765454924450951       0.38157055012389440        4.0000000000000000                1
   8.7985498084078113        11.972600632665129        5.5343762102988707        4.0000000000000000                1
   10.740284179020321        6.5652716224874910        34.611778937769415        4.0000000000000000                1
   11.679583806034103        10.205580899629261        36.642837694172236        4.0000000000000000                1
   6.3892381548873320        7.7927553297664494        26.214102902920079        4.0000000000000000                1
   11.849571348239776        9.7881816070510776        24.364449312589358        4.0000000000000000                1
   9.3658811987848765        11.039168629286229        38.655332629929227        4.0000000000000000                1
   7.4068694586313848        6.4666877594055503        30.929428824785674        4.0000000000000000                1
   8.1150685076502445        11.776155721945582        4.7452382363866423        4.0000000000000000                1
   10.765845506366725        10.071552341118526        14.307859591509748        4.0000000000000000                1
   9.3107354444362311        6.0587004689442834        39.558543377005861        4.0000000000000000                1
   6.9698575198881976        9.0309171453880772        35.949463731211054        4.0000000000000000                1
   8.4632775361757702        6.0847259719392399        10.305113200466543        4.0000000000000000                1
   7.2187888583137001        6.6667522389848370        32.584975998681493        4.0000000000000000                1
   8.5322651060774337        11.925600345568295        10.125712421364453        4.0000000000000000                1
   10.283653622565776        11.688658805112306        10.228814829383085        4.0000000000000000                1
   6.1606190876599598        8.3786667303860831        12.759899292458295        4.0000000000000000                1
   6.9278067670529255        11.089046046285146        7.0219579131552308E-003   4.0000000000000000                1
   6.8306985405918947        6.9387176243771425        37.755371011110903        4.0000000000000000                1
   8.9113556275982706        11.929291531349174        3.9888655886671023        4.0000000000000000                1
   7.5867038606966917        10.519781977657731        5.9744294864313341        4.0000000000000000                1
   10.805339848763303        6.6377998225183905        23.437488254985258        4.0000000000000000                1
   10.196288942973988        6.3605305676632478        27.478208154520150        4.0000000000000000                1
   10.380781222819653        10.538582718060443        37.460468222591068        4.0000000000000000                1
   11.077625993876604        8.8858770532922424        7.4008481406949302        4.0000000000000000                1
   7.2925910942902892        11.410779705305011        16.477737979271740        4.0000000000000000                1
   11.590943005650136        7.5425631256111414        1.4575012643012055E-002   4.0000000000000000                1
   9.4043345017642856        11.941475028449922        33.139566164930855        4.0000000000000000                1
   10.650318174996650        7.7254919154948123        12.144183417839246        4.0000000000000000                1
   7.0555791175953830        6.7322181915694701        2.8539109606038799        4.0000000000000000                1
   8.6978029612443049        6.0303184121322380        3.8162519445206553        4.0000000000000000                1
   8.7738924988161298        11.942577913618925        22.820176351428287        4.0000000000000000                1
   10.940835059215654        11.285339596177897        9.4913702138631368        4.0000000000000000                1
   7.2559118232895914        6.6170398835488671        8.7472966444800040        4.0000000000000000                1
   11.977280256395924        8.9375330688498220        12.630900396719024        4.0000000000000000                1
   11.200665126815927        7.0528613934769693        35.516003187759054        4.0000000000000000                1
   11.841298903703587        9.7038548830279119        25.933158405910305        4.0000000000000000                1
   7.8906021561839212        10.818081908429564        17.025336147543513        4.0000000000000000                1
   10.628415445327562        11.517294968623515        26.619717414958444        4.0000000000000000                1
   8.0181590596381689        6.2439941759818698        20.550860396742330        4.0000000000000000                1
   6.6435926608036056        7.1683165526133941        9.3333075493785973        4.0000000000000000                1
   10.657645948189055        11.449941835136579        31.676518296125227        4.0000000000000000                1
   11.851449470594954        8.0688476328752685        24.784379168137811        4.0000000000000000                1
   7.2272480465730027        11.411057097169586        27.708539499940876        4.0000000000000000                1
   7.6421304917043233        7.3467696385882659        31.964705431702917        4.0000000000000000                1
   8.8844815932449723        11.093680791424740        33.031280171838723        4.0000000000000000                1
   9.0072070204535510        11.986674106467056        21.721708510724124        4.0000000000000000                1
   10.908756093498189        6.7016863053233617        12.147789337836706        4.0000000000000000                1
   6.9009226265537222        9.2797583492526723        24.272103192885886        4.0000000000000000                1
   10.544283321044817        6.5651988315617125        6.3385827662154695        4.0000000000000000                1
   7.9818614214907688        11.820266551374573        28.251868439725243        4.0000000000000000                1
   10.999106713967112        9.7417033663211168        2.4595361882642264        4.0000000000000000                1
   9.1921404992401712        11.944491604826599        38.152832682091521        4.0000000000000000                1
   11.998989689334694        9.0107299213388554        36.302607298758204        4.0000000000000000                1
   11.910491672550897        8.4920356272215098        6.7381108972866723        4.0000000000000000                1
   10.661610760268040        6.5178177404276525        28.511854211741660        4.0000000000000000                1
   6.0857265144059793        8.3495512240984571        30.274754433165125        4.0000000000000000                1
   11.123048986067273        6.8991085474043645        29.500130344488642        4.0000000000000000                1
   11.358054078857524        7.1463099100196708        34.069328912978428        4.0000000000000000                1
   11.639846244159184        7.6779932386946648        29.915498983849712        4.0000000000000000                1
   6.0426218643947767        9.2201897667896819        18.170983340359758        4.0000000000000000                1
   6.1618742558226138        9.9084419928463774        18.926416602295095        4.0000000000000000                1
   11.064608126367856        9.5130216611368184        25.062155742871127        4.0000000000000000                1
   8.6530727273256112        6.8945616302772832        15.800314269263630        4.0000000000000000                1
   6.9454362557880156        9.6143733983483202        18.345754806767555        4.0000000000000000                1
   11.893354777490286        8.2078234576317950        11.886813115168335        4.0000000000000000                1
   8.0276547331443115        6.1733897545677054        26.856222122148385        4.0000000000000000                1
   10.941160694342168        11.169445655683688        36.779490956537110        4.0000000000000000                1
   6.1268908126179644        9.7781805553856014        7.7585697672440697        4.0000000000000000                1
   6.9643444225300373        9.0577819142191576        7.6237113266840106        4.0000000000000000                1
   11.213197300153487        6.9972209397318590        6.9541127777569667        4.0000000000000000                1
   11.080194797395324        11.155986665949559        20.928944603381456        4.0000000000000000                1
   10.920313464090230        11.261182227348073        38.396654913890238        4.0000000000000000                1
   10.231804781661022        10.594041504772646        14.996117030619015        4.0000000000000000                1
   9.5380249264881982        11.947026743904841        9.5611973509789827        4.0000000000000000                1
   6.3608463671822451        7.5766470058827684        13.396628240035682        4.0000000000000000                1
   11.025386798362996        8.9878130578288840        1.7966091005270299        4.0000000000000000                1
   7.2368647764464242        7.9534311267783435        19.865139682384033        4.0000000000000000                1
   7.7416485329262521        11.719398824551305        23.227650546473278        4.0000000000000000                1
   9.1453167684960111        6.0100385096598439        27.162917590329311        4.0000000000000000                1
   11.571240142984369        10.507621703466850        20.299382531246529        4.0000000000000000                1
   6.0742303733675662        9.5744631728488852        36.090973635288741        4.0000000000000000                1
   8.3839193807885373        6.1233870140270099        27.843082800659548        4.0000000000000000                1
   9.5771966883818624        6.0998749819941196        22.069798051647108        4.0000000000000000                1
   11.612376655833048        7.5562365419567161        17.354671661852937        4.0000000000000000                1
   9.0862594652033994        6.9393968299151112        21.829741945209996        4.0000000000000000                1
   6.0534924876914333        8.6502712733331304        24.347954638841298        4.0000000000000000                1
   11.838181832331960        9.7283277293599291        13.362037733133242        4.0000000000000000                1
   7.4176750215274243        11.548740653959017        29.250559026511748        4.0000000000000000                1
   7.9785321551260751        11.812275837528366        17.112665713229482        4.0000000000000000                1
   11.229223317770224        10.979952575007774        30.719063894813303        4.0000000000000000                1
   10.769574559540288        6.5810129453766155        11.105668004717312        4.0000000000000000                1
   10.994445117784355        11.222939767068031        25.623318300397106        4.0000000000000000                1
   11.037280976524269        9.7866758666893752        31.045772803280069        4.0000000000000000                1
   7.2682933858026981        6.5865752816873524        21.136890787997231        4.0000000000000000                1
   6.3349989329714029        10.375613664256564        13.129561608373946        4.0000000000000000                1
   6.9553529438630024        6.8096594637408279        15.434167801252704        4.0000000000000000                1
   7.2214244285999651        6.5864754187908856        5.0277659735163951        4.0000000000000000                1
   10.534884709326953        6.4294106741476664        33.573537461435748        4.0000000000000000                1
   7.3076459434194483        11.137383139865012        11.482087558580121        4.0000000000000000                1
   10.206017226973435        6.2640779497145207        16.458007150845628        4.0000000000000000                1
   10.447611970395391        11.600725972008021        21.595035051509271        4.0000000000000000                1
   10.472530608880998        6.3930567189482108        22.435776553414957        4.0000000000000000                1
   8.4944787504647135        11.812251686314275        16.229466916982528        4.0000000000000000                1
   11.352294020831879        10.821912221751113        14.992991854750731        4.0000000000000000                1
   7.4992052052310703        6.4277444369223016        37.104923205549767        4.0000000000000000                1
   11.734655209554706        7.8781537299093758        23.336421446487357        4.0000000000000000                1
   8.0740247558839933        6.1477317889020444        33.076114159560774        4.0000000000000000                1
   11.962197050926649        9.3085224276240019        31.115423484601930        4.0000000000000000                1
   11.176045850556443        6.9429625269709367       0.74513625106231596        4.0000000000000000                1
   11.602611754824061        10.475395573757739        31.527542052469968        4.0000000000000000                1
   7.3414693270834457        7.7501912198783334        25.885345994491303        4.0000000000000000                1
   9.0795565229653921        11.967538995260631        39.219546818613381        4.0000000000000000                1
   6.1396192700744061        8.1140829283642564        31.429436290046247        4.0000000000000000                1
   11.645366335056924        10.244746083103125        3.1136898399178654        4.0000000000000000                1
   10.058677048359257        11.787435131946253        14.839027239318172        4.0000000000000000                1
   7.1924633302654719        11.113355765678410        22.640322812324321        4.0000000000000000                1
   9.5059085740074138        6.0772528965280372        28.207376241848728        4.0000000000000000                1
   11.526116792762103        10.614541058762091        13.906889739655902        4.0000000000000000                1
   8.0463121782145688        6.1673454762658766        4.5708367013624018        4.0000000000000000                1
   6.0924628672013750        8.8568077425781571        8.4062317102597000        4.0000000000000000                1
   6.4301523049937597        10.420293082752947        11.770448060742055        4.0000000000000000                1
   6.1311353324912838        9.4274100246176111        24.985503875903781        4.0000000000000000                1
   6.2255482204711079        7.8662922685779124        37.263598208742074        4.0000000000000000                1
   8.2273620406069892        10.885370305746985        22.595050770605024        4.0000000000000000                1
   7.5104642335152967        11.485511787729452       0.72234943515083783        4.0000000000000000                1
   11.997924415290639        9.0414958382847619        14.078948755529256        4.0000000000000000                1
   7.9594579351119670        7.2443451737299274        15.159211138618462        4.0000000000000000                1
   6.2344648609683642        10.127502416544798        17.737215799881078        4.0000000000000000                1
   6.1105273931391197        8.7880836352347469        19.311021128019213        4.0000000000000000                1
   11.881104337748521        8.2133956971391058        13.330239734815418        4.0000000000000000                1
   10.495510354901239        6.4260149378143838        4.9847395555635385        4.0000000000000000                1
   6.3349405113603368        8.3038534685859773        1.5174790472218738        4.0000000000000000                1
   7.7327676659235980        7.3185710540646731        20.471930153134199        4.0000000000000000                1
   7.7317697648937607        7.3007777798922628        3.3787027962764165        4.0000000000000000                1
   10.058847292469691        11.806327780695451        38.663694903416065        4.0000000000000000                1
   6.0090822879612009        8.7827646538949082        36.849758198010377        4.0000000000000000                1
   6.9374047397527745        9.3620397702443352        13.046471313649532        4.0000000000000000                1
   10.303174070241942        11.648773400883057        8.7912388494809495        4.0000000000000000                1
   9.3213125208518353        11.042467180482410        21.499263507386519        4.0000000000000000                1
   6.5479918149466476        7.2865864881421611        25.359190735813531        4.0000000000000000                1
   6.4805573091973070        7.3771704432232363        3.4682638586031720        4.0000000000000000                1
   9.0925030736655224        6.9571664783398157        10.413695595361387        4.0000000000000000                1
   8.7063934250873718        11.815550932060715        32.338783135658502        4.0000000000000000                1
   6.4267200869831216        10.530214219077905        22.943248643242963        4.0000000000000000                1
   7.5562313234338552        6.4070769306553039        14.629614603580933        4.0000000000000000                1
   10.898551545510438        9.8660667695315016        19.782126026975693        4.0000000000000000                1
   8.2286189353472530        11.877819404878066        4.7188495218806678E-002   4.0000000000000000                1
   6.6777802350751978        10.885853930658728        34.488258793838561        4.0000000000000000                1
   6.1085798092787762        9.0224818089957601        7.0956004395645378        4.0000000000000000                1
   11.646754272064275        7.5878975136277971        18.743636010217291        4.0000000000000000                1
   9.5733307164851151        11.929264958381134        4.7879304347479383        4.0000000000000000                1
   7.2007389151747896        11.390170982423932        17.798753452442330        4.0000000000000000                1
   8.8629555641701963        6.9586493563265446        4.6255957075335763        4.0000000000000000                1
   7.9998975689691587        6.1885539731190580        9.4098483575109970        4.0000000000000000                1
   6.9469610330542295        8.5231993135427526        13.623128986019207        4.0000000000000000                1
   7.8772758904438911        11.741663031958563        5.9169007557194835        4.0000000000000000                1
   11.172709835826407        10.837458280784908        8.6191022073593846        4.0000000000000000                1
   10.082866893738881        6.2067339994905542        11.805371361213922        4.0000000000000000                1
   10.820443331557383        11.326586128324927        3.0828245136429464        4.0000000000000000                1
   11.065483463158884        8.7118706778449919        18.713520737662730        4.0000000000000000                1
   6.0978514945717848        8.2480965608894206        14.099945278753115        4.0000000000000000                1
   6.2436581178538857        10.097702112609106        1.5789052915489923        4.0000000000000000                1
   6.9679199697128826        9.3719319532510337        1.5052843298715497        4.0000000000000000                1
   8.3370193555233900        7.0295209921549562        32.624404541437791        4.0000000000000000                1
   9.7435404025280672        6.9626266505452463        11.195410971395475        4.0000000000000000                1
   6.7001805795876193        7.1883695740019791        20.498797026388626        4.0000000000000000                1
   11.642008986475885        10.402425044995329        25.228145496114863        4.0000000000000000                1
   9.5246550780767674        11.943056204776704        26.826571460498187        4.0000000000000000                1
   9.2776928787372306        11.956782078367141        15.567450481299709        4.0000000000000000                1
   8.2645799683347239        6.9696302391498239        21.246189300283348        4.0000000000000000                1
   9.2879346116486374        6.0954876721063149        15.804218454655816        4.0000000000000000                1
   6.6942402125308940        10.835477916510131        17.111325479484439        4.0000000000000000                1
   10.535812503828650        10.342709620887765        3.1768248117770983        4.0000000000000000                1
   11.939566091579625        8.4247749532565379        29.288356062657918        4.0000000000000000                1
   11.774049917346062        8.0102988768131702       0.91608214349238037        4.0000000000000000                1
   7.6202982176884406        11.639225527746337        39.280669896212316        4.0000000000000000                1
   6.3505582762519106        10.374080480563395        35.337483419306970        4.0000000000000000                1
   6.0095557073609687        9.1155736396902416        13.450538358783875        4.0000000000000000                1
   11.910074795538707        9.7191705412262959        19.658068359584494        4.0000000000000000                1
   8.3500286181410264        11.927944600368749        11.667303637384464        4.0000000000000000                1
   11.603840710390529        10.275185080481148        7.8724565853742430        4.0000000000000000                1
   11.410910203828161        10.779232447978409        26.460765366735153        4.0000000000000000                1
   7.3825426050597986        6.5029602841000189        27.566389932936666        4.0000000000000000                1
   7.1900540013475913        6.6720545743680297        4.0157425366376591        4.0000000000000000                1
   10.786480299924362        10.209815825489693        25.855742912597901        4.0000000000000000                1
   9.6576222657276425        11.909045921237215        32.004780232435827        4.0000000000000000                1
   10.122984013074438        6.2620484911980112        38.995429125205156        4.0000000000000000                1
   7.3066064898940013        10.024131162698007        23.730132887991719        4.0000000000000000                1
   9.8508091727353300        6.1553721643466792        23.205003466909609        4.0000000000000000                1
   7.2136867486736174        10.115824900445682        12.361037497080885        4.0000000000000000                1
   11.164403389903576        6.9296659464271535        5.6329260413926416        4.0000000000000000                1
   11.516561555518239        7.4086558544158247        28.727830514050208        4.0000000000000000                1
   11.992954102409342        8.8896183890602618        35.205233237846663        4.0000000000000000                1
   11.340809188074212        10.856171071912573        2.3683901924511588        4.0000000000000000                1
   9.9805569492002579        11.815963143467338        16.283178202339815        4.0000000000000000                1
   11.276377562774847        10.938554160115405        3.9185212696966731        4.0000000000000000                1
   7.3815840960081518        10.355766243817639       0.57695533815252076        4.0000000000000000                1
   8.4848537654466920        11.087933017758258        27.785796001513916        4.0000000000000000                1
   6.0733688610265997        9.1863599707269135        1.0685229108524121        4.0000000000000000                1
   9.0439626994825222        6.9154148160833104        38.920389483534194        4.0000000000000000                1
   9.6474625068102320        6.0876430803396264        4.3419280564486105        4.0000000000000000                1
   8.9157855476575758        6.0233574627186313        5.0545560793488420        4.0000000000000000                1
   10.226095464580281        6.3510888889821127        8.8292826682489334E-002   4.0000000000000000                1
   7.0270546303067345        11.254373747688689        6.4384979930830495        4.0000000000000000                1
   11.933284225276994        9.2824604868197103        1.2461911787238702        4.0000000000000000                1
   9.4155578099640902        6.0350699427620711        33.231963737543808        4.0000000000000000                1
   10.779308851294719        11.394879156538982        14.247329862918823        4.0000000000000000                1
   6.2159478383552225        7.9072563207659297        8.7608225877980335        4.0000000000000000                1
   9.3730230168393618        6.0296705971008713        11.047796494196717        4.0000000000000000                1
   11.176715777497835        7.0029224691165766        18.082377338672558        4.0000000000000000                1
   9.7134475991585756        6.1543427026267334        34.202416170826488        4.0000000000000000                1
   6.1027440074456516        9.5739157635500867        12.483144147361680        4.0000000000000000                1
   7.0073193434661132        8.3426158105110790        8.3308802439670657        4.0000000000000000                1
   8.3909764529856101        6.0663470217105040        15.204142858348305        4.0000000000000000                1
   10.942495012264208        8.3541292299306562        35.450090270174165        4.0000000000000000                1
   10.170464405618528        7.2078660255449494        5.6512149269470857        4.0000000000000000                1
   11.263588401626970        10.958869886908133        32.379964954000798        4.0000000000000000                1
   7.1058489698385721        11.320370467520739        35.297789205503321        4.0000000000000000                1
   9.5726840079092934        10.994533780082975        15.656930020999395        4.0000000000000000                1
   11.731800627601070        9.9238034939038471        14.600797524641179        4.0000000000000000                1
   11.963332852816448        9.0247486825806558        25.064873881913339        4.0000000000000000                1
   6.7050681972849633        7.1724170762377382        36.708987306254372        4.0000000000000000                1
   9.8258627165401240        6.1281421956581905        5.6958497785170534        4.0000000000000000                1
   6.0595363862369309        9.1860827368138640        30.823503989432695        4.0000000000000000                1
   6.0933937160739555        8.3095167710145876        2.7782515243129042        4.0000000000000000                1
   6.2247591308481089        7.9295889040169234        36.261606507268574        4.0000000000000000                1
   6.2256355770827003        10.139829478793226        28.940445237030119        4.0000000000000000                1
   8.9524363564048688        11.094252044847492        4.6554035621012764        4.0000000000000000                1
   10.625737639304861        11.427478355267144        15.594108665109481        4.0000000000000000                1
   8.5370731513061813        6.0716446248320874        16.581388577449285        4.0000000000000000                1
   9.8009710118602236        10.932823076414401        26.753111456791526        4.0000000000000000                1
   6.6326027259459144        10.706961003194523        29.660351174643871        4.0000000000000000                1
   7.1878408111523138        7.9337149664614932        2.7730709840074401        4.0000000000000000                1
   8.7771215253105748        6.0848033672610935        32.280895148737869        4.0000000000000000                1
   6.1117791790154152        8.2762897693744097        25.334286903412714        4.0000000000000000                1
   6.7648409999318222        7.0046755929056808        31.500502325083289        4.0000000000000000                1
   6.6175033247517900        10.815201284072428        18.405573030392979        4.0000000000000000                1
   6.9976800669521770        6.8485220923548917        26.598764219991260        4.0000000000000000                1
   8.4981926096339322        11.117606182070153        39.452358021560251        4.0000000000000000                1
   8.8592163141306575        6.0358520582313275        21.207642481483514        4.0000000000000000                1
   8.4847684324406440        6.0526766807588963        38.985885026316382        4.0000000000000000                1
   11.906983260014705        8.5494421953081883        19.382687848380836        4.0000000000000000                1
   11.946401118704197        8.4942196973545947        1.8815253028453494        4.0000000000000000                1
   11.896478217656256        8.2557084138049568        34.071538379180637        4.0000000000000000                1
   6.2801201856844102        10.247196876353300        24.368586713672322        4.0000000000000000                1
   8.2587707750542325        10.972218237042865        5.3772569079253625        4.0000000000000000                1
   11.843393570350273        9.6119644247132641        8.6842524010409541        4.0000000000000000                1
   7.8102351623063067        11.753840302665465        10.809427752112974        4.0000000000000000                1
   8.2765742686489165        11.833322199190659        38.551415873516099        4.0000000000000000                1
   10.301370409791920        11.699571904563504        32.751719050555387        4.0000000000000000                1
   7.8375535261948261        11.758521447618417        22.180946506726901        4.0000000000000000                1
   11.969498880646258        9.0429093334884794        30.098690698215680        4.0000000000000000                1
   8.4992425163279890        11.948713640208963        29.117298973740866        4.0000000000000000                1
   6.4160068259777496        7.5537813137454215        2.1770321469419316        4.0000000000000000                1
   6.4150906993105314        7.5602695664609358        32.269746952455968        4.0000000000000000                1
   6.8837275732042587        11.069930918512695        12.461780782614600        4.0000000000000000                1
   9.4185964864729286        6.8817051080526213        16.449824261923162        4.0000000000000000                1
   7.4300240388346328        7.6616895227498407        37.377147463095454        4.0000000000000000                1
   10.199518487364765        11.687226084969938        3.9621220844474454        4.0000000000000000                1
   11.460997570031363        7.3465921670693044        24.183499022349533        4.0000000000000000                1
   11.153610527380705        11.084638873841065        19.560154066674599        4.0000000000000000                1
   10.836046777934106        7.8649088573268875        29.348018877753084        4.0000000000000000                1
   8.8190802050219794        11.993804358033961        33.985432124784886        4.0000000000000000                1
   6.5220634322108024        10.627000164985024        5.8336838726307194        4.0000000000000000                1
   11.757502655136102        10.080647638207434        1.8478264746532711        4.0000000000000000                1
   10.007519887492709        6.2573770359423211        10.297036183656550        4.0000000000000000                1
   7.1914645959931720        11.266188496735879        5.3346156003589549        4.0000000000000000                1
   7.5164895570565422        7.6916086484946371        8.9543288690724587        4.0000000000000000                1
   6.2359466951695408        7.8676774138690888        19.837160390370453        4.0000000000000000                1
   7.8125122979695805        6.2818884824966226        31.859127443821212        4.0000000000000000                1
   6.0122961635573935        8.8683913965462509        35.365509406663705        4.0000000000000000                1
   8.0615743543053036        6.1588632463758062        21.831653700721546        4.0000000000000000                1
   6.0463391364522954        9.4874001722186758        23.740130100718805        4.0000000000000000                1
   9.8642882672372725        7.1538620094449588        39.531114492473399        4.0000000000000000                1
   10.639561500439534        7.7445903197090669        23.488741057202130        4.0000000000000000                1
   11.847514216840459        9.9085447998702367        35.613994708124160        4.0000000000000000                1
   8.5161950854984276        11.954572938530763        27.212068738711086        4.0000000000000000                1
   11.081166394273989        9.4438416692000278        36.359759147444755        4.0000000000000000                1
   10.613563811902781        6.7668338268488446        17.234514120516195        4.0000000000000000                1
   10.850175194645548        8.0557860975079301        6.7148999401449787        4.0000000000000000                1
   7.7308937321942457        6.3824338576889570        15.903021992258671        4.0000000000000000                1
   7.8621085349268469        10.812873169740618        28.528013855864899        4.0000000000000000                1
   11.459656266759394        7.3518817436432631        12.682069195943187        4.0000000000000000                1
   7.8500077589502792        6.2564380720029389        3.3099991640516366        4.0000000000000000                1
   6.7693904318848164        10.967109162254264        28.693414977253028        4.0000000000000000                1
   6.3527292572977556        9.6630653352945099        29.845751889229373        4.0000000000000000                1
   10.060063030292429        10.717558888215017        20.745619237483307        4.0000000000000000                1
   7.6630154498430390        11.652203651455240        34.448130469017919        4.0000000000000000                1
   11.623847084265421        7.6216728776676037        6.2387609635356212        4.0000000000000000                1
   11.723350737802829        7.7586393928702462        7.4037771778171368        4.0000000000000000                1
   7.1162137323692498        7.9448188333147458        31.291681623459620        4.0000000000000000                1
   11.838928502673694        8.0456117710320871        35.828358417243521        4.0000000000000000                1
   6.4680212663664651        7.4002814970518322        30.571006606829499        4.0000000000000000                1
   11.816661849631116        10.030163418462678        30.375739275481795        4.0000000000000000                1
   11.855715443742017        8.3414773250842167        30.824037084969635        4.0000000000000000                1
   7.9110005187840082        7.2687012287455168        26.625706139365555        4.0000000000000000                1
   8.6062692719967924        6.0393207760799728        26.044089152207633        4.0000000000000000                1
   8.0278416469882128        11.833250995752840        33.266860176370223        4.0000000000000000                1
   10.319128447085175        11.648607135855691        37.688369646335495        4.0000000000000000                1
   6.4104502406417456        10.436881896363342        6.8658181759727421        4.0000000000000000                1
   11.938274406920183        9.4056147953048121        2.5860748333071171        4.0000000000000000                1
   7.3076773350497692        6.5503914205686398        19.885198627168069        4.0000000000000000                1
   11.987669197774188        8.9180150751423550        7.8329468285193435        4.0000000000000000                1
   9.3013770770338926        11.147563276539152        10.199140618199214        4.0000000000000000                1
   9.7274023115053030        11.899033649057618        20.909851153356939        4.0000000000000000                1
   6.9829412384427965        8.4141977633484171        36.775353741999787        4.0000000000000000                1
   11.968739279096368        8.7061058238582127        23.983662430615436        4.0000000000000000                1
   6.8939667162004570        11.068637718218206        23.646249002649331        4.0000000000000000                1
   9.1431271756215011        11.912022644453272        27.991315576224153        4.0000000000000000                1
   8.7219035810817527        6.9451175208954412        27.175465711040033        4.0000000000000000                1
   11.969369340053580        9.2688163657529579        18.689793966936172        4.0000000000000000                1
   9.2988078187143568        11.971535303371509        10.774457311785973        4.0000000000000000                1
   10.005291792087304        10.911441638835248        9.4649379941825984        4.0000000000000000                1
   8.2684776856519857        10.855953718558112        33.798411183923228        4.0000000000000000                1
   7.3414166126093638        10.385532719341430        17.776336854467541        4.0000000000000000                1
   11.936146412228194        9.6095839953754254        7.0854147912990708        4.0000000000000000                1
   6.6139777263377555        7.1945661312854297        8.1674899504345326        4.0000000000000000                1
   10.621062916123023        7.6043753005890533        34.707737395792407        4.0000000000000000                1
   11.352539066376051        7.3153139343973823        11.461910062107586        4.0000000000000000                1
   9.2368401315383348        6.1189314805559070        38.321282979694239        4.0000000000000000                1
   6.3298092015507503        10.298082890249461       0.58655036465557875        4.0000000000000000                1
   7.1351800720528038        11.298173552553269        33.650449290944643        4.0000000000000000                1
   6.0062965391390861        9.0964948366057747        2.0641101060951721        4.0000000000000000                1
   11.869992692976876        8.2775049445720157        18.039878458574059        4.0000000000000000                1
   10.475718201176937        11.607655432925542        20.248186210487965        4.0000000000000000                1
   10.970510009819634        6.7408353997272084        39.510910987064456        4.0000000000000000                1
   11.312607510793017        7.1762694520704029        22.726898369260621        4.0000000000000000                1
   7.7731715074474890        6.3880786289203293        38.282249441410386        4.0000000000000000                1
   10.828994216113916        7.9414603408012363        17.958609157373498        4.0000000000000000                1
   6.6414200303721120        7.2643857551990099        14.462908889536024        4.0000000000000000                1
   7.5891785120503359        6.3634393893792724        25.933168272509867        4.0000000000000000                1
   6.2373374241372606        8.1195556487603842        7.6625804884835214        4.0000000000000000                1
   11.448316042940030        10.723899442633936        37.535922396103615        4.0000000000000000                1
   8.5456502801480365        11.074102947849976        10.902104125652995        4.0000000000000000                1
   10.104215042026601        11.781211428036711        27.686861508006945        4.0000000000000000                1
   7.2882142259790861        6.6023793381943738        10.077037571151950        4.0000000000000000                1
   11.693119956229397        7.6860878823933767        34.873989941966407        4.0000000000000000                1
