     1000000
           1
  0.10000000149011612     
   6.0061334676766558        6.7148364878522528        28.520872166603105        2.0000000000000000                1
   6.4780475218117735        3.6623717305659351        11.105700822840799        2.0000000000000000                1
   6.3217101558438742        6.4704559131124162        24.497037979669660        2.0000000000000000                1
   5.4963821995619746        4.1470194188974672       0.12629845189209840        2.0000000000000000                1
   6.0799368547652337        3.3289923135579733        25.480158969593795        2.0000000000000000                1
   5.4578032306976132        5.8609015398546980        24.190741370625016        2.0000000000000000                1
   4.3060993077270853        5.7067089466363443        31.245789364734843        2.0000000000000000                1
   3.5358896432527822        6.3618590469359502        18.181716237892051        2.0000000000000000                1
   5.8451424853638558        3.2073669610457003        29.668608484573387        2.0000000000000000                1
   6.9095950248853564        5.4987832604902724        24.477030257561616        2.0000000000000000                1
   5.8316934296817591        6.7560515973316342        26.496789687893923        2.0000000000000000                1
   5.3924446880319854        3.0460418741449882        14.677004180983639        2.0000000000000000                1
   6.9617118371091236        5.3793326407649946        8.0078602078464023        2.0000000000000000                1
   3.5495287423492687        6.3093153591674431        11.103981276876919        2.0000000000000000                1
   6.9774927481932902        4.7549804848600719        23.461125664439844        2.0000000000000000                1
   4.2581671347647880        4.3778990396115915        18.657290777753353        2.0000000000000000                1
   5.0029512479923062        5.0242349930542396        24.962884309421515        2.0000000000000000                1
   6.7952752563664447        5.8263530929373681        30.510861257272172        2.0000000000000000                1
   5.5041863430789020        3.1220138621031484        13.152454459661657        2.0000000000000000                1
   6.7821288938986743        5.8324756102779842       0.92261064132496640        2.0000000000000000                1
   3.5566923196399260        6.3721069521614115        34.782225370820164        2.0000000000000000                1
   5.3726551836856640        6.9634317576697855        11.866731579273837        2.0000000000000000                1
   6.1634673267617792        6.5759163042748945        25.544865378829563        2.0000000000000000                1
   3.0362677572254224        4.6229929906447955        4.1665783621462662        2.0000000000000000                1
   3.5892694879522189        3.6263486183476070        35.720247256399261        2.0000000000000000                1
   3.0100365272406138        4.8219075006579502        31.663781843037285        2.0000000000000000                1
   4.0845133376506562        3.2256976694641435        25.580786678541536        2.0000000000000000                1
   6.4722983145866744        6.3104116351363642        1.9805359571755705        2.0000000000000000                1
   3.1898600269797472        4.1881230797503530        20.348175048897499        2.0000000000000000                1
   6.9850541301777884        5.2296401813428446        27.516377273309537        2.0000000000000000                1
   3.5038091039346111        3.6953217037935469        17.404289617081567        2.0000000000000000                1
   3.4611791711330220        6.2743117416408305        24.459328035804841        2.0000000000000000                1
   6.7803408701883141        4.1237295233316056        6.0656973048919447        2.0000000000000000                1
   5.4081982032298423        6.9258006486428174        39.898992691596035        2.0000000000000000                1
   4.9771665011073942        5.0117651049049838        11.637315488192844        2.0000000000000000                1
   3.2719697737650679        5.9947785191448570        25.465960117706985        2.0000000000000000                1
   5.1963948215903777        3.0378039910435399        32.578885486750352        2.0000000000000000                1
   6.7867650647506128        4.1532128922244098        11.980439360021728        2.0000000000000000                1
   4.2996672061959629        5.7569129389288438        37.429479132149147        2.0000000000000000                1
   3.2526548040983134        4.1230979677340418        3.1031304781941129        2.0000000000000000                1
   5.0020973144901912        5.0098505149022312        16.778726820919751        2.0000000000000000                1
   4.9934974594935087        5.0170739073338861        10.587348766578890        2.0000000000000000                1
   5.3926973012817649        3.0471092743789012        5.1048246872264533        2.0000000000000000                1
   3.0257299305751246        4.7859986681798983        39.884078254005274        2.0000000000000000                1
   3.3974995011767049        3.8153303516102937        7.5603819192184432        2.0000000000000000                1
   3.3001260191582151        6.0378072798406928        4.0818472845456801        2.0000000000000000                1
   4.1489657713268535        3.2147961069740854        5.0969924721153070        2.0000000000000000                1
   4.9915112835199702        5.0144036645296586        15.769445681771609        2.0000000000000000                1
   4.2455314431235740        3.1520478888573913        9.2757665616437457        2.0000000000000000                1
   5.9434249181800061        3.2504067429732957        33.856703371491470        2.0000000000000000                1
   6.7939096637332135        5.8433800509313496        14.473151532083477        2.0000000000000000                1
   3.0486420380187336        4.7727191811680560        37.865424345473762        2.0000000000000000                1
   6.3978465620662348        6.4071462732321125        29.620628305360668        2.0000000000000000                1
   5.3038453929585252        6.9705814291984387        33.668280653777536        2.0000000000000000                1
   3.0324146643349930        4.7296281977922146        33.759359054276075        2.0000000000000000                1
   6.9850952980779262        5.0835662869977121        20.461987529853786        2.0000000000000000                1
   3.6211611767195757        6.4363704861511701       0.95364891250973383        2.0000000000000000                1
   6.9713507799246095        5.3106274571102983        10.058305625581824        2.0000000000000000                1
   6.0551038567786009        6.6918877701730866        12.612774921191576        2.0000000000000000                1
   4.2977049330483279        3.1339106854903540        15.079972156234025        2.0000000000000000                1
   4.9958734982928341        4.9977153832059118        21.946428735612994        2.0000000000000000                1
   5.3151631977959539        6.9596588467329523        37.785993768692926        2.0000000000000000                1
   3.6572107273921675        6.4769452941819932        6.9366436277553127        2.0000000000000000                1
   5.2149161032829783        6.9479730607213925        10.091166790693565        2.0000000000000000                1
   3.9147140535543623        3.3526831951549947        22.534144989626629        2.0000000000000000                1
   6.5320866458628508        3.7318650443462764        16.605611761009257        2.0000000000000000                1
   3.1141090946950118        4.3883658466935813        23.417805625366807        2.0000000000000000                1
   3.0079839971849185        5.0718389175176535        13.121136004955241        2.0000000000000000                1
   5.2410947038025926        3.9557314104051819        3.8081661878524868        2.0000000000000000                1
   5.8655861468686599        3.2127969268283318        26.518206170930583        2.0000000000000000                1
   6.3696602053183220        6.4572229603513644        31.704126712529234        2.0000000000000000                1
   3.1706630680303873        5.7715584328495773        26.474985228362353        2.0000000000000000                1
   5.8373161020101207        3.1879786587618359        35.892351477839668        2.0000000000000000                1
   6.6244474821162038        6.1298809971172616        13.336302305240171        2.0000000000000000                1
   6.3425776989045595        3.5276408572932900        12.718798827275577        2.0000000000000000                1
   5.0001556500738182        5.0245726040287559        18.841901242228648        2.0000000000000000                1
   3.2243405306452435        4.0937500149552708        28.508618566507710        2.0000000000000000                1
   5.1654039073917399        6.0118605440987984        26.302656008000174        2.0000000000000000                1
   6.5865694053347212        3.7845322047598811        23.466210037326618        2.0000000000000000                1
   6.3994094025013082        3.6154963704954968        2.9373337493100595        2.0000000000000000                1
   5.3188906400395881        3.9751491596625148        27.259614119003089        2.0000000000000000                1
   6.4299961059616715        6.3293503496497223        39.979441258202591        2.0000000000000000                1
   4.7019391799302674        6.9626440907409606        7.0749408335734065        2.0000000000000000                1
   4.6483553702277067        3.0794323252393623        33.740145031741243        2.0000000000000000                1
   4.3449692742941117        6.8795921413482031        15.132346349578560        2.0000000000000000                1
   3.1937634502028400        5.8577534800094062        10.166489450647830        2.0000000000000000                1
   5.3914636962056433        6.9611982417809610        15.470082391121821        2.0000000000000000                1
   5.0269830993952027        5.0087214734271868        28.028390501064280        2.0000000000000000                1
   3.0455558123358615        5.2513395278566950        11.009004494638695        2.0000000000000000                1
   4.0872136579797385        3.2260059102103731        34.887783031400275        2.0000000000000000                1
   6.8978886710720193        4.3836856857070527        14.480494690617142        2.0000000000000000                1
   5.4661283752579735        4.1364923743792037        10.656688693197379        2.0000000000000000                1
   3.0289859441510045        4.7097638280374028        35.785856724215314        2.0000000000000000                1
   6.3236588398657325        6.4857065695513514        35.889888053002323        2.0000000000000000                1
   6.6919533606656509        3.9996666879375748        22.471877556246760        2.0000000000000000                1
   6.6743985799976784        6.0647869173909399        22.534304288406457        2.0000000000000000                1
   5.3861137316427223        6.9615610980092777        29.611081125939883        2.0000000000000000                1
   3.1017552755897291        5.5439718973516374        23.440857535589359        2.0000000000000000                1
   3.0607237999961430        5.3416096615983113        28.615926347941190        2.0000000000000000                1
   6.9378855733701972        4.6173393304457147       0.89440988379199127        2.0000000000000000                1
   6.0888568603705231        6.6672746632807174        16.185721275661120        2.0000000000000000                1
   4.9616667973869930        5.0165347783486114        34.277943491626488        2.0000000000000000                1
   3.5055293976420931        6.2885109255989020        2.9990268189706542        2.0000000000000000                1
   4.1040754421511929        4.5451128357103627        6.5947820588504040        2.0000000000000000                1
   4.0844815571270603        3.2271381059010880        28.713477139434751        2.0000000000000000                1
   5.9816794576128238        3.2853627572554038        8.1879326064790359        2.0000000000000000                1
   3.3327538742089509        3.9417022299142368        25.483895166387359        2.0000000000000000                1
   3.3788939196955918        3.8701187521803826        11.213673499660766        2.0000000000000000                1
   4.4725001312534918        3.0873034637915429        17.072712611752191        2.0000000000000000                1
   6.9836963733752144        5.0916626183384563        22.514401475549207        2.0000000000000000                1
   6.9845056060119406        5.1773284250435294        13.732068690602208        2.0000000000000000                1
   3.8741025553940291        3.3673869740953464        1.0296396006430248        2.0000000000000000                1
   5.8547943299879508        3.1961584487521697        37.903517181972916        2.0000000000000000                1
   5.3087167357616876        3.0340498161701284        38.826326509509244        2.0000000000000000                1
   6.7484462838403516        4.0857684557938390        37.908135434751259        2.0000000000000000                1
   6.3544924466413857        3.5875721522942263        36.782963955274958        2.0000000000000000                1
   6.7558284572550322        5.9281638362166698        36.709430757344258        2.0000000000000000                1
   4.6890334063328361        6.9641106345482120        9.2023318712050770        2.0000000000000000                1
   6.4178884288129225        3.6020228686148696        30.721580382373247        2.0000000000000000                1
   6.9055004549354013        4.4019277725977588        24.492401262753905        2.0000000000000000                1
   3.3057360517625050        4.0263524080086937        9.1678654734019087        2.0000000000000000                1
   3.7790888448591144        6.5835033754935814        26.479821692947457        2.0000000000000000                1
   6.6317016320221329        3.9439532081296793        26.465665288383928        2.0000000000000000                1
   5.8973214872999415        3.2360881781810797        6.0709287407604240        2.0000000000000000                1
   4.8404834999119037        3.0225354031542846        26.522461993970207        2.0000000000000000                1
   6.8544064325917224        5.7422041847187497        12.426750124856422        2.0000000000000000                1
   5.3611310749240868        3.0669786666264471        10.981703145407840        2.0000000000000000                1
   6.4305612621015253        6.3813732128350074        8.0815298159127078        2.0000000000000000                1
   4.6536523982163569        6.9377079647512092        16.264998751572744        2.0000000000000000                1
   3.0572688892412736        5.3690158982113658        39.008023279680657        2.0000000000000000                1
   5.0010438458312390        5.0213538853371027        22.955676284698306        2.0000000000000000                1
   3.0509470011376787        4.5661879628123447        12.015625852614496        2.0000000000000000                1
   5.1876275347092484        6.9904674246738780        19.388143747003699        2.0000000000000000                1
   3.0296505909826363        4.7110635625378903        26.539933584724960        2.0000000000000000                1
   4.1612469308281641        3.2256583298921480        7.1143368870454946        2.0000000000000000                1
   6.4076591670572824        3.5842766672662436        14.943062139543118        2.0000000000000000                1
   5.2713379862958227        6.9709640913155591        31.640270249062141        2.0000000000000000                1
   5.1138143664653990        3.0155276762637691        25.453677244451264        2.0000000000000000                1
   4.1012153618197491        6.7599792012098119        25.455348591362711        2.0000000000000000                1
   4.9925901170504687        5.0174750193746389        17.832433770707592        2.0000000000000000                1
   6.0489179206326220        3.3058373874447402        20.486397250810036        2.0000000000000000                1
   3.9605586325217881        6.6967511593351974        2.1453107986715341        2.0000000000000000                1
   5.9877626778021904        5.1516492705497985        38.415955654869478        2.0000000000000000                1
   5.2986234403721397        4.0129099297003856        20.691796217947040        2.0000000000000000                1
   3.2672177448039728        5.9776505199237402        21.419539733679169        2.0000000000000000                1
   3.8608161254988462        6.6249933939262622        4.6829273968053711        2.0000000000000000                1
   4.2756562304609833        4.2873954918883888        3.5700758557709888        2.0000000000000000                1
   6.9106867630364643        4.4426781722450999        17.802472647609150        2.0000000000000000                1
   5.7306811012502896        4.2375099674914409        36.162089159395592        2.0000000000000000                1
   3.6608450794673835        6.4806383265549297        23.478343261512958        2.0000000000000000                1
   5.1887841488184154        6.9530118117558644        3.9949725539540681        2.0000000000000000                1
   6.4015870349794142        3.5866216379971614        28.503955894543260        2.0000000000000000                1
   3.1266943632470698        5.6131097974396820        12.183436379714582        2.0000000000000000                1
   6.3436025665525406        6.4620124482694781        37.892569741349583        2.0000000000000000                1
   3.4559105750980796        6.2467701837549194        5.5237041425605220        2.0000000000000000                1
   4.6783072890408084        3.0436317047183672        4.0094122724949184        2.0000000000000000                1
   3.7490891781434126        6.5554492447955166        16.567563861706979        2.0000000000000000                1
   4.5254190551905937        4.0842273503623794        14.054995669838821        2.0000000000000000                1
   4.9971031342114403        5.0068039218078253        14.753068583741124        2.0000000000000000                1
   6.7024362196258105        3.9792043810939961        39.925947264299388        2.0000000000000000                1
   5.7885847366633483        3.1818874765412866        21.470429503122542        2.0000000000000000                1
   3.2490098980569551        5.8836384780158228        1.9805449504893795        2.0000000000000000                1
   5.0436581556700295        3.9648646347994800        16.788135683785786        2.0000000000000000                1
   6.9347359701524693        4.6830689656796851        5.0138004334866499        2.0000000000000000                1
   3.2552694401950393        4.0902538186732134        34.770206329849863        2.0000000000000000                1
   5.0104736479589498        5.0184927572151796        19.861236290607895        2.0000000000000000                1
   6.0360875647594607        6.6653891633429918        34.729630281646386        2.0000000000000000                1
   3.0063812328101100        5.1246002966813506        22.131200460062573        2.0000000000000000                1
   5.4056406357588784        3.0479601554974103        24.490256501413143        2.0000000000000000                1
   4.9628972699337801        5.0021446494082396        25.977862809928137        2.0000000000000000                1
   5.0437784852103213        5.0184113774059078        37.319358925204568        2.0000000000000000                1
   3.7051581448728808        3.5038868370981349        6.1835394406671567        2.0000000000000000                1
   6.7127873719924649        5.9683587663458493        32.649205971243035        2.0000000000000000                1
   4.0302497241183639        3.2543432486674799        36.920543408477059        2.0000000000000000                1
   4.7420041602632432        6.9774135063337202        39.106195645474401        2.0000000000000000                1
   5.4829114905151348        5.8972930168105933        3.3287824805165926        2.0000000000000000                1
   3.5385190516665745        3.6374568216874006        19.405630741679072        2.0000000000000000                1
   4.9948850672415608        6.0030510494811722        5.3370387910593662        2.0000000000000000                1
   3.9846942126652154        4.7090629713745633        27.269544712412532        2.0000000000000000                1
   4.9731321471743426        3.0146538655338544        12.303279594063314        2.0000000000000000                1
   4.5019241099100817        6.9291519176951493        11.290604910490737        2.0000000000000000                1
   3.6581178440090745        6.4750219727355667        38.879182729639311        2.0000000000000000                1
   6.9482534332789205        4.5778344711121326        10.738576283652959        2.0000000000000000                1
   5.0562661141341083        6.9954322425474276        23.433815115633706        2.0000000000000000                1
   6.7668769376633309        4.0915315333814268        3.9902434469011432        2.0000000000000000                1
   5.4018443050042286        3.0570135139837449        7.1729607397770465        2.0000000000000000                1
   3.0140403152698148        5.1693833156895872        3.2060947708435767        2.0000000000000000                1
   6.9556493104582389        5.2799743080750039        6.0041773396963283        2.0000000000000000                1
   6.7460237418343487        4.0345085696459533        9.9081908667403749        2.0000000000000000                1
   5.1229500299337589        3.0131826055389603        27.504262404226271        2.0000000000000000                1
   6.0777421397813356        5.1383158174016339        30.222940703500402        2.0000000000000000                1
   6.7401491638242970        5.8656660326708723        2.9712343333867373        2.0000000000000000                1
   6.9530841813588049        5.3019907756781732        31.640827405549434        2.0000000000000000                1
   6.4048522535872410        6.4132302010257289        18.410957257707967        2.0000000000000000                1
   3.2158279878265463        4.1266297962266139       0.99180392309815824        2.0000000000000000                1
   5.2984519684732891        6.9756678323948531        8.0874609380174398        2.0000000000000000                1
   3.2275328831623185        5.7900434357123798        37.814896951524474        2.0000000000000000                1
   3.6168907594268020        6.4166234714832804        36.862255721926843        2.0000000000000000                1
   6.3597561684059274        3.5361598786883532        32.766644173495848        2.0000000000000000                1
   5.4723297937811566        5.8796660629802711        28.338561153609795        2.0000000000000000                1
   6.3616961612468632        6.4620619965463311        17.363611333230192        2.0000000000000000                1
   4.7866168672467975        6.9789088378295414        26.453958890730757        2.0000000000000000                1
   3.1080576748486064        4.3863042252336086        10.364312904217339        2.0000000000000000                1
   5.0072208539748351        4.9888826648399744        4.5222669381085314        2.0000000000000000                1
   3.0189012329966962        5.2416696953022859        1.1228784152598041        2.0000000000000000                1
   5.9040043372537507        3.2487054179029822        11.827787339264605        2.0000000000000000                1
   4.2461545540268775        5.7055311379973572        39.598719831586216        2.0000000000000000                1
   3.4814666113645569        6.2897601242977625        28.457624229315972        2.0000000000000000                1
   5.8729827243392805        6.7904420424057657        10.918123828407980        2.0000000000000000                1
   3.2198484975099233        5.8917795622361391        39.899097723335494        2.0000000000000000                1
   3.3843577109449625        3.8511542259473628        13.217333099326048        2.0000000000000000                1
   4.9804050798930080        5.0014643368611562        20.887889197391747        2.0000000000000000                1
   6.5019232977956127        3.6828605647417900        8.9927834953065648        2.0000000000000000                1
   5.9081289066941931        3.2497846058733071        18.471743183607511        2.0000000000000000                1
   5.1006246458230882        4.0132136982234519        29.271414680510432        2.0000000000000000                1
   6.7451256158374155        4.0293341986967155        13.534326126362750        2.0000000000000000                1
   3.0232235537719578        5.2091737100959437        24.485860735036422        2.0000000000000000                1
   6.9696619790511907        4.7515335809032226        9.1747300890693868        2.0000000000000000                1
   3.7084216008791517        3.5084808446712423        16.335955072303346        2.0000000000000000                1
   4.7895389658626524        3.0326961205437093        21.352944001453661        2.0000000000000000                1
   6.3984284848042758        6.4215927250974936        10.116816351898644        2.0000000000000000                1
   6.9611552534539216        4.7048971897967569        30.533071816450288        2.0000000000000000                1
   4.0685580562588921        6.7265034923632339        27.536968498019355        2.0000000000000000                1
   6.9899636016451137        4.8824592667710540        26.433599827503745        2.0000000000000000                1
   5.5214346919059745        5.9844739910070635        9.8191979863828553        2.0000000000000000                1
   6.8076177598837102        4.1804238926508255        25.490767926275190        2.0000000000000000                1
   5.0996799104488817        6.9954515661389607        21.432184797601067        2.0000000000000000                1
   4.7375329096680385        6.9356630200427514        1.1437517801591530        2.0000000000000000                1
   3.7274457792115272        3.4733998093128728        12.143973519544446        2.0000000000000000                1
   6.7469406367117930        5.9558487791336177        9.2462231657759144        2.0000000000000000                1
   6.9629450473439123        5.2624176276058527        1.8893092990570599        2.0000000000000000                1
   3.4315403650395484        6.2390813469068815        22.381732425541891        2.0000000000000000                1
   3.0829913213129005        4.5321252772825735        1.9061894447700911        2.0000000000000000                1
   4.0148288841021111        3.2761039676202777        39.015254059719879        2.0000000000000000                1
   5.9188165580049699        6.7431556733759246        5.0973045491031268        2.0000000000000000                1
   3.5783824681541487        3.6058211202562718        29.552700944529022        2.0000000000000000                1
   3.2817043981379959        4.0914610456142064        32.645072136457735        2.0000000000000000                1
   3.0714748020252456        5.3951238652119962        34.863857085028329        2.0000000000000000                1
   4.5942777150802510        4.1137235134211831        22.817917143595718        2.0000000000000000                1
   6.0563432890358220        5.1580320744847246        6.8226648678198689        2.0000000000000000                1
   5.9042159523588458        6.7639446505226166        32.732862936814904        2.0000000000000000                1
   6.7607557929160285        4.0806738454316278        1.9560674739615773        2.0000000000000000                1
   6.9846396876134351        4.8208128937431649        21.438495177532687        2.0000000000000000                1
   5.6877318139603172        4.2486995924581592        34.134204287639633        2.0000000000000000                1
   3.1573385980927555        5.7689000915920232        6.4203608728220978        2.0000000000000000                1
   4.6639111532500754        3.0327569838329187        8.0558199767823258        2.0000000000000000                1
   3.9406053904860787        6.6946778798109978        12.111461141586151        2.0000000000000000                1
   6.9831491946389219        5.1301612975097681        15.242472161863848        2.0000000000000000                1
   3.2354824043032933        5.9344494790052087        33.690847851647284        2.0000000000000000                1
   4.7121308244905595        6.9703739391591002        32.765011946159177        2.0000000000000000                1
   4.9892281879575116        4.9966643026325448        13.666666523208210        2.0000000000000000                1
   3.2195016651170110        4.1064787885791203        5.2742781867563204        2.0000000000000000                1
   6.9693106671831497        4.6806236213566690        32.608650206538705        2.0000000000000000                1
   6.9669474035233918        4.7558762051053245        19.421475909430516        2.0000000000000000                1
   4.9947734987297707        4.9824471670979111        38.376644961848264        2.0000000000000000                1
   3.2391924586318361        5.9258188025502081        35.713088619893952        2.0000000000000000                1
   4.6714317376874464        3.0342498702223137        39.849612255585178        2.0000000000000000                1
   3.2665786119090816        5.9650786260625503        19.395035523884243        2.0000000000000000                1
   5.0972363779036725        6.9948901745306360        25.435190329943630        2.0000000000000000                1
   4.1059231396306837        4.5707223538136468        37.486993746461025        2.0000000000000000                1
   6.0196589272853123        5.1989027592798465        34.375322415834475        2.0000000000000000                1
   4.7560518674755938        6.9824337516433648        12.677457417135606        2.0000000000000000                1
   5.8621978663061274        3.2038120354724824        1.9568994560163839        2.0000000000000000                1
   5.2353444161294407        3.0280735857623116        34.638679341999662        2.0000000000000000                1
   6.7717597127989420        4.0821636794511020        35.858399873286061        2.0000000000000000                1
   4.1581065437973228        6.8022728556459047        37.855330333492766        2.0000000000000000                1
   5.9919009544442066        5.1845641010577914        32.270207992241907        2.0000000000000000                1
   3.4206113084037684        3.7767255499746710        26.534205069593572        2.0000000000000000                1
   4.3612396867408831        6.8746827137419393        24.496556100432869        2.0000000000000000                1
   3.0398555264579641        4.6282687634944439        21.255110371362264        2.0000000000000000                1
   4.8337663387292809        3.0391045423409975        20.347995560522929        2.0000000000000000                1
   3.6154856512224849        6.4216975514417713        32.742494225788640        2.0000000000000000                1
   3.0219389476028344        4.7085928862681490        29.593103701663033        2.0000000000000000                1
   4.8452261723343959        3.0099500077441834        10.082124960006125        2.0000000000000000                1
   3.4502884006737169        6.2614289964884184        13.115876059413212        2.0000000000000000                1
   6.3688563258917048        6.4555940025913818        27.612217037055881        2.0000000000000000                1
   5.9139779970261381        3.2438314625131510        4.0529307497609492        2.0000000000000000                1
   3.5401667928855036        3.6939914933677591        37.800210092046669        2.0000000000000000                1
   5.1854815620124484        5.9560783276876554        22.190906701051308        2.0000000000000000                1
   3.3023997393160802        5.9822247025222497        27.484405019411778        2.0000000000000000                1
   3.0980917930161556        5.6043706856860815        14.189363432586346        2.0000000000000000                1
   3.6051401164925356        6.4129360767586663        30.503333168878275        2.0000000000000000                1
   4.6664135888973357        6.9525586076936596        28.593703506501114        2.0000000000000000                1
   4.1371292535608442        3.2368012491056466        27.593353210674469        2.0000000000000000                1
   4.5812232764588305        6.9536516995641735        36.821000112840252        2.0000000000000000                1
   4.9612682838050652        3.0159845449283345        18.028234468546934        2.0000000000000000                1
   6.7182162941885650        5.9991375447481099        26.413223092077352        2.0000000000000000                1
   4.0683884600282898        6.7534752179400748        19.460310420339212        2.0000000000000000                1
   5.1066587684971436        6.9681432900166085        27.481011515291620        2.0000000000000000                1
   6.3082621090192292        3.5436863336502729       0.91108649760520033        2.0000000000000000                1
   4.0855312986177941        6.7553636086208630        8.0517495530839778        2.0000000000000000                1
   3.8350929717227435        3.4381903637034545        18.459191587798859        2.0000000000000000                1
   4.1266858557738670        4.5558810674273689        29.267512425043218        2.0000000000000000                1
   6.4248459868653596        6.3722968075408000        6.0322213241963674        2.0000000000000000                1
   5.1292280793540952        5.9753012991605745        38.484265313340352        2.0000000000000000                1
   4.7467556549723877        3.0312051401141078        15.981761988280793        2.0000000000000000                1
   3.3995608968991493        6.1887254964429763        15.431786780024101        2.0000000000000000                1
   5.0310613776531614        4.9662938030017889        35.315118522022232        2.0000000000000000                1
   5.5417413682059822        3.1024507123659473        17.143197336349957        2.0000000000000000                1
   3.6411539326527773        3.5328118109829294        2.0366639848973480        2.0000000000000000                1
   6.7655775178183726        4.0902391870490238        20.774182696508408        2.0000000000000000                1
   6.6750444327372325        3.9162635861251296        18.621323793794975        2.0000000000000000                1
   5.0316514529698075        5.0073561155818389        7.5784774419460739        2.0000000000000000                1
   6.9739670548964510        5.2172563583698208        37.854715687847808        2.0000000000000000                1
   3.4874769363200193        3.6957806021563466        31.656477656838916        2.0000000000000000                1
   4.6935281297453209        6.9746919608314686        34.809746047472458        2.0000000000000000                1
   3.0360506009672572        5.1572246969000393        7.2892806592246577        2.0000000000000000                1
   6.7443556650844165        4.0594661897309425        33.802983900736194        2.0000000000000000                1
   4.0044231991704757        5.0673101116810919        15.951802255299013        2.0000000000000000                1
   5.0297079732695078        5.0083214295708398        29.028860063531560        2.0000000000000000                1
   5.9742487215532112        6.7336480567719459        36.828179683250518        2.0000000000000000                1
   3.0176906071807985        4.9007157804556423        5.8652866876163863        2.0000000000000000                1
   3.6386990061375557        3.5503431705788682        10.043259010476106        2.0000000000000000                1
   3.1564914101201622        4.3046463228436727        18.197993090566349        2.0000000000000000                1
   4.9814997302379194        5.0215358862777526        36.320420101348866        2.0000000000000000                1
   5.0269984278620568        6.0111790465007937        16.811155791137171        2.0000000000000000                1
   4.1197831410876669        6.7949626517401445        1.6834387629362138E-002   2.0000000000000000                1
   6.7841580872361664        5.8570167513752738        10.888500851178101        2.0000000000000000                1
   3.0389385131322819        4.9887764889902826        27.567981706766581        2.0000000000000000                1
   6.9837736836448334        4.7617515210938102        12.788271202712632        2.0000000000000000                1
   6.0370284831176777        6.6954676670078559        2.9533807613311285        2.0000000000000000                1
   4.3770961683300946        6.8956124558578606        18.487188111698181        2.0000000000000000                1
   4.1445445050963228        6.8049455285005935        3.6401164446863166        2.0000000000000000                1
   6.7920281055060947        5.8768348013779050        7.0513953127116871        2.0000000000000000                1
   6.7438756554667583        5.9023246011759118        34.672446349711549        2.0000000000000000                1
   6.7738288629633923        5.8277769839241387        5.0055599588177317        2.0000000000000000                1
   5.9224781827158433        6.7645461003886016       0.95107922663587807        2.0000000000000000                1
   3.2342966283746066        5.8821806382262753        29.511754886043136        2.0000000000000000                1
   6.7733020379567170        4.1612743329801756        27.523900171017733        2.0000000000000000                1
   4.1396201296243422        6.7833869503396000        6.0457655696781520        2.0000000000000000                1
   5.2343703141440558        6.9817176623360702        35.784328506330567        2.0000000000000000                1
   5.6741748650940744        3.1550583139007515        23.497296480748179        2.0000000000000000                1
   5.8664334752506493        3.2157752080619861        31.716159648628373        2.0000000000000000                1
   4.6393394453658567        3.0465693823411666        1.9735871877426019        2.0000000000000000                1
   4.9908552474025907        4.9785682244653540        2.5057365889404104        2.0000000000000000                1
   3.6818732067042252        3.4960637354356838        4.1320902908300070        2.0000000000000000                1
   5.3328181324552535        6.8964895941672495        1.9904475822739904        2.0000000000000000                1
   3.5639159498726185        3.6221271643356778        39.871630434314902        2.0000000000000000                1
   6.4273115390784232        6.3940840225770756        11.717951288844541        2.0000000000000000                1
   3.0164945984766067        4.9881089997928720        25.461966408361040        2.0000000000000000                1
   6.7470616384034630        5.8574706764856419        21.488641539468667        2.0000000000000000                1
   5.3024823153207841        3.0318271704630031        30.528302054152370        2.0000000000000000                1
   5.3995573772833891        6.9496230358840867        24.469506399714714        2.0000000000000000                1
   4.0699849356603028        4.6566708683997504        7.8408665704317411        2.0000000000000000                1
   3.0003718996261810        5.0018085573683155        9.5201642027462174        2.0000000000000000                1
   3.0272572349333644        4.6917269038480143        17.111652529608303        2.0000000000000000                1
   4.9670247642420877        4.9703817117123954       0.47984807793727513        2.0000000000000000                1
   6.3820348580523873        3.5943420829686712        17.609648737440555        2.0000000000000000                1
   4.5728565897264133        3.0504401763823350        19.080508639051853        2.0000000000000000                1
   5.5978081396187038        3.1166975559006289        19.441607336258294        2.0000000000000000                1
   6.4159019110518116        3.5913877828032739        6.9830594899337193        2.0000000000000000                1
   3.2307627360036899        4.0859891983296599        38.894563822486262        2.0000000000000000                1
   3.0678561548706109        5.3438212824434252        32.778288134804036        2.0000000000000000                1
   3.1155179638656705        5.5375634734496630        16.338776915308117        2.0000000000000000                1
   6.9395476706346058        5.2181828577402065        29.636502393723244        2.0000000000000000                1
   6.9879410220347538        5.1018510608967107        11.621484087116249        2.0000000000000000                1
   4.0629841711829693        3.2394135112719895        30.830339995848970        2.0000000000000000                1
   3.0466769798047215        5.2899133336902651        20.423233137736837        2.0000000000000000                1
   6.9306270391780869        4.7434500889045976        38.837190642373152        2.0000000000000000                1
   6.9069875665587883        5.5748147330567042        17.359946935842402        2.0000000000000000                1
   5.9784547181544738        6.7152337979879704        30.552933716428395        2.0000000000000000                1
   4.1483899553593782        6.7601877330909339        33.730612593713730        2.0000000000000000                1
   4.1867313863138600        3.1836183336833876        32.838291321676991        2.0000000000000000                1
   3.1394626572480084        4.3106232444974024        6.7186211288558919        2.0000000000000000                1
   4.0962533854316128        4.5483966038528019        1.5679624157373584        2.0000000000000000                1
   6.9267264483827597        5.4065107146845550        25.490288736326942        2.0000000000000000                1
   5.3469780656234764        6.9683041439821842        22.451753981625899        2.0000000000000000                1
   6.3563164514860189        3.5426936279160675        34.767448724512278        2.0000000000000000                1
   4.6359905206330083        6.9298591628675643        30.626842856974935        2.0000000000000000                1
   4.6932092031719383        3.0272001377947908        29.597712524017453        2.0000000000000000                1
   5.7819747055170252        3.1706177841560610        16.120813549473684        2.0000000000000000                1
   3.2893799227279890        3.9729787720606060        27.511478406531200        2.0000000000000000                1
   3.4572974526338784        3.8318835251161527        15.252497901895103        2.0000000000000000                1
   3.0664411129075253        5.4642640578087551        4.8987624803762957        2.0000000000000000                1
   6.9463675036263757        5.2271166800087130        3.9924191067468855        2.0000000000000000                1
   4.9803615419223455        5.0344830869473141        32.150370735373109        2.0000000000000000                1
   4.2199285880455575        6.8411981447609822        13.521188703763649        2.0000000000000000                1
   3.9978982098570470        4.7437712848363782        9.2702228551624621        2.0000000000000000                1
   6.7488271337023580        4.0326545476178914        31.755350422995093        2.0000000000000000                1
   5.0127525454693025        4.9727942607767783        30.126185300099120        2.0000000000000000                1
   4.9306860347515444        3.0315191420238707        22.425753572309844        2.0000000000000000                1
   6.9778874831608100        4.7547683188300987        34.680840144765945        2.0000000000000000                1
   4.0319432064539749        4.8709746154288078        35.194447545219795        2.0000000000000000                1
   4.0249443582278825        6.7205833127242309        10.068784276315101        2.0000000000000000                1
   6.9764611651370352        4.7356586897739747        16.520432335462576        2.0000000000000000                1
   4.9993152010993800        4.9877324790836655        33.163873031377982        2.0000000000000000                1
   5.5616235714807036        6.9155694822759974        18.115040239211552        2.0000000000000000                1
   6.0365965141020226        5.1081794899071822        12.657476288681451        2.0000000000000000                1
   4.2963568676002666        5.7023156858659254        33.298242422335527        2.0000000000000000                1
   3.2154237542181678        5.8952373350480665        31.619812033332018        2.0000000000000000                1
   6.7440312555999213        4.0471148179342356        29.539111287248375        2.0000000000000000                1
   5.8705941142881066        4.5083044013923192        14.633084126853248        2.0000000000000000                1
   6.6450796437691872        6.0979557027424960        20.521264045902093        2.0000000000000000                1
   4.0935741065204549        3.2421220076769619        3.0889160145537025        2.0000000000000000                1
   6.9608612476552425        4.6721859764963378        36.717415956366857        2.0000000000000000                1
   3.2679343708309938        4.0203476044337716        36.843853700174471        2.0000000000000000                1
   4.7190324711867060        3.0328918796453848        37.808931287470095        2.0000000000000000                1
   4.2123305160793842        6.8343397093715410        35.741459291531797        2.0000000000000000                1
   4.1441057856534673        6.7664313972573993        29.544967444988227        2.0000000000000000                1
   6.7987552249430196        4.1267743104359678        8.1333477160322740        2.0000000000000000                1
   3.2104338933658068        4.1182851390781954        30.527274395336892        2.0000000000000000                1
   5.9481320963284503        5.2550324882816613        26.042051922461834        2.0000000000000000                1
   6.9490609706524866        5.4133190976266974        18.427640951966879        2.0000000000000000                1
   6.3682252730849935        3.5494632415432275        4.9821475062629679        2.0000000000000000                1
   3.0845304156087248        4.5209886031225404        8.3252459876482536        2.0000000000000000                1
   3.5783726672653073        3.6097250850827556        33.676932811794288        2.0000000000000000                1
   3.8891211194360449        3.3655205328853013        20.498801052474402        2.0000000000000000                1
   5.0081842319116161        4.9814852169604160        1.5043268654736608        2.0000000000000000                1
   5.0261624797236681        4.9758095246234868        6.5590705588930112        2.0000000000000000                1
   4.7732638473243689        6.9785140188470152        5.0733054120783327        2.0000000000000000                1
   3.6968316928796230        3.4907461638773283        23.543068507785669        2.0000000000000000                1
   4.9766257283509088        4.9881509261248063        12.643114260924630        2.0000000000000000                1
   4.7829516895235242        6.9411289518084578        2.8573422826860213        2.0000000000000000                1
   6.1413858130395251        6.6250532105997140        19.409399940944056        2.0000000000000000                1
   5.2803624110160259        3.0428660762355997        8.9089394024782074        2.0000000000000000                1
   3.3251531735826902        6.0614743202434447        7.8521923285984956        2.0000000000000000                1
   6.9535356845349510        4.7207151163562004        7.0516135293031095        2.0000000000000000                1
   6.9561384229873529        4.5879922137100078        2.9413239525736228        2.0000000000000000                1
   4.7924452396550326        5.9903483486032369        19.724984283526705        2.0000000000000000                1
   5.3063444110704081        3.0441925179744822        3.0485856124170794        2.0000000000000000                1
   5.0316587639621329        5.0391890845811060        8.5856660641428331        2.0000000000000000                1
   5.4649526423241745        6.9381050786892251        13.399571245832476        2.0000000000000000                1
   6.0791445026960460        6.6835716445802449        23.447709571229410        2.0000000000000000                1
   3.5099919353682250        6.3270490646841129        20.301481543395049        2.0000000000000000                1
   5.9406809859946001        3.2500995748961734        22.531766582899710        2.0000000000000000                1
   3.0470640437323051        5.4115255667755715        36.878126838517126        2.0000000000000000                1
   4.9429895568540436        6.9975925110241493        14.274519229066073        2.0000000000000000                1
   5.4255344010810838        6.9508129545147863        6.0131299704760179        2.0000000000000000                1
   3.1198297257880467        4.3289786972440432        16.182090228071264        2.0000000000000000                1
   5.2949090414465809        3.0671589241007973        28.498727000946140        2.0000000000000000                1
   5.8764488468664418        6.7913411689964374        9.2224606630145587        2.0000000000000000                1
   6.9485552143505878        5.2457280456548423        33.648007228629218        2.0000000000000000                1
   3.6830687411878520        6.5032162417177410        14.411785969242251        2.0000000000000000                1
   6.0894687702450616        6.6371922888482615        21.411942849767215        2.0000000000000000                1
   4.6398984086192900        3.0701594645719066        23.441347004170101        2.0000000000000000                1
   6.8309185596618978        5.7751224801871111        23.491401730550272        2.0000000000000000                1
   3.2209945809555132        4.1625994232168493        24.458918224841408        2.0000000000000000                1
   4.2449951069241978        6.8485015022248374        31.609071131995819        2.0000000000000000                1
   6.3702351908520205        3.5606036311049989        38.835423589429602        2.0000000000000000                1
   3.0818022311656152        4.5631894101401000        14.176273732920553        2.0000000000000000                1
   3.7164278059180091        3.4917223889631814        14.265944705657452        2.0000000000000000                1
   3.0298980016506203        4.6677638356747986        19.152383918080929        2.0000000000000000                1
   4.2829920068402476        4.2789599004687382        20.670410448486592        2.0000000000000000                1
   4.1576352436035151        3.2007124161544800        13.034823256972635        2.0000000000000000                1
   5.2300711824424209        3.0270185333721189        36.741318384119019        2.0000000000000000                1
   4.8056136445147697        6.9472960897825740        20.450914320265799        2.0000000000000000                1
   6.8352598394755342        5.7883929612283325        19.393036484638532        2.0000000000000000                1
   3.0749096806235636        5.4925171839902767        8.6510974660740416        2.0000000000000000                1
   4.3081433906234201        3.1354406847500247        24.557503966218906        2.0000000000000000                1
   6.5906404898815829        3.7894627858959087        19.740808768785804        2.0000000000000000                1
   3.1201216354747232        5.6596986401835485        17.412404552320389        2.0000000000000000                1
   5.8666359080511503        6.7845303289851797        7.0977863381447239        2.0000000000000000                1
   6.8290194591177888        4.2168925186416244        15.662811599439049        2.0000000000000000                1
   5.9658830312692936        5.1832605655321844        36.396744856748825        2.0000000000000000                1
   3.0265966373695168        5.2408948311548773        15.160631228211553        2.0000000000000000                1
   4.5839608577067787        4.0909831238377237        5.8359309977536995        2.0000000000000000                1
   5.0178098092402426        5.0069161354193792        9.5850952984006206        2.0000000000000000                1
   5.5947693358288291        5.8445232820276631        1.1838724070529600        2.0000000000000000                1
   4.1234892240454668        4.4804880572078378        31.268636299633570        2.0000000000000000                1
   4.7752456356858364        3.0129056472004798        13.866767922056155        2.0000000000000000                1
   6.7737057101871763        5.9172263309023903        28.502215977037075        2.0000000000000000                1
   6.3387537248547350        3.5291835524517325        24.524243265579283        2.0000000000000000                1
   6.9293791895183334        4.5113957203317225        28.492300499040088        2.0000000000000000                1
   6.8732304602879548        5.6833878591620319        16.077119270252968        2.0000000000000000                1
   6.8034216578100688        5.8498017662510309        38.912851615832253        2.0000000000000000                1
   3.7910583017419008        3.4675987494821121        8.4280722560679884        2.0000000000000000                1
   3.0579336625443738        5.4568579765025049        30.724165771382729        2.0000000000000000                1
   6.9846717040538993        5.2021907127226461        35.769558761943820        2.0000000000000000                1
   5.9079691710931463        6.7813713928488566        20.380326052800292        2.0000000000000000                1
   4.3511170322159440        5.7914114447691798        11.822076532103720        2.0000000000000000                1
   5.0133845930643446        5.0053621079986454        31.134032089326325        2.0000000000000000                1
   4.2965170920846809        6.8406572982265441        22.488208624948971        2.0000000000000000                1
   4.1432853435372978        4.4318561230517926        23.699777921863763        2.0000000000000000                1
   3.5528234855897316        6.3700172622506734        8.9950631272565076        2.0000000000000000                1
   3.0423307791362335        5.3795288451062175        18.407912766081640        2.0000000000000000                1
   4.9858686359330875        5.0003257291528280        26.990901050679199        2.0000000000000000                1
   4.2627074646950076        6.8475290330829663        17.428711300170086        2.0000000000000000                1
   4.9972448364543460        4.9935148824474878        39.400176998415184        2.0000000000000000                1
   5.8235621169564151        3.1826153245052708        9.7820697272890502        2.0000000000000000                1
   5.8838501724648653        6.7776174956150657        38.918771598962863        2.0000000000000000                1
   4.4548719722640140        3.0779042503367173        11.446408917968725        2.0000000000000000                1
   4.6747538071908696        3.0456533996259525        35.799292737844404        2.0000000000000000                1
   6.0789794707146054        3.3202190250085573        13.969218593867652        2.0000000000000000                1
   5.8381337618892566        3.2004392117706773        39.933034366681341        2.0000000000000000                1
   5.2207223290228395        3.0166502361178273       0.87463242086881676        2.0000000000000000                1
   5.0120853945643624        4.9864131272282659        23.961991172414599        2.0000000000000000                1
   6.9809949346679128        5.1872046558875367        39.855972731947105        2.0000000000000000                1
   5.3004295056434989        6.9737626516209597        17.138134600042111        2.0000000000000000                1
   4.7289975197158265        3.0221658003306437        6.0347068755106612        2.0000000000000000                1
   6.1425147784233216        6.6129845604628654        14.123650447348973        2.0000000000000000                1
   5.0104192066018696        4.9836909285496791        3.5196701475783803        2.0000000000000000                1
   4.0210056390357609        6.7345700428817477        21.482291057992217        2.0000000000000000                1
   5.0223594387959558        4.9612525921799806        5.5527823494249517        2.0000000000000000                1
   4.6629505790693146        5.9607345835537480        13.892487061221303        2.0000000000000000                1
   6.1405448906172877        3.3755125407821720        27.508300937180255        2.0000000000000000                1
   5.9564689348195570        5.3524417571852299        7.8288339518051497        2.0000000000000000                1
   5.8885747502064261        5.6806768939407073        17.951698721796429        2.0000000000000000                1
   4.7159565286523657        3.0272146636705748        31.608862129103287        2.0000000000000000                1
   6.3508163662684369        6.4578059171654703        33.793810588629057        2.0000000000000000                1
   6.4263636213003483        6.3963252670647215        3.9785662936088753        2.0000000000000000                1
   6.5181358203460054        6.2951077522346548        15.329776594216501        2.0000000000000000                1
   3.2281225543359353        4.1520803087351732        22.432861137877914        2.0000000000000000                1
