     1000000
           1
  0.10000000149011612     
   10.805279175003944        11.724093438514732        27.001668484356429        4.0000000000000000                1
   7.3757195891407870        6.7756924186127589        20.798127490094544        4.0000000000000000                1
   6.9178026301767801        7.1384125357230124        5.8579848328574160        4.0000000000000000                1
   12.907707700557788        10.225350874233911        13.548128237193083        4.0000000000000000                1
   6.1629943531757458        10.170409298232871        8.4272464103054485        4.0000000000000000                1
   8.4827195779734854        12.845623951619245       0.92296829118488855        4.0000000000000000                1
   11.415562731103893        12.409114617925413        10.380164441187910        4.0000000000000000                1
   7.8714090509226606        7.5704586023292544       0.49727140952930710        4.0000000000000000                1
   6.6525743382838582        7.5726197397003938        6.7893067376268448        4.0000000000000000                1
   6.3269450938816592        8.2930178689381631        18.045642675791360        4.0000000000000000                1
   6.6625941349671969        7.4797733731327938        39.054726712270650        4.0000000000000000                1
   12.686582585512138        10.880310922343712        16.696247715994936        4.0000000000000000                1
   9.6820084562023734        12.985930599358440        10.904539008869605        4.0000000000000000                1
   9.4851804742944701        7.1507630273602825        15.532299591879546        4.0000000000000000                1
   7.6908023632648508        12.479240515474402        30.603484056297344        4.0000000000000000                1
   11.775679414934988        8.4078022448852732        13.669495371259353        4.0000000000000000                1
   8.8358011264887697        12.824987006744129        2.0838663579758552        4.0000000000000000                1
   12.617312741718843        7.9360675615839407        17.967708844537981        4.0000000000000000                1
   6.0168766491389842        9.6522213307050748        18.209684796363188        4.0000000000000000                1
   10.747040054346863        12.752836713169703        6.1582436311244555        4.0000000000000000                1
   10.932261812094200        6.3385735601439297        38.183028694974745        4.0000000000000000                1
   10.716524005406242        6.2442148680134331        14.278531490031241        4.0000000000000000                1
   7.8319990628098584        11.414279521886604        20.222338224046375        4.0000000000000000                1
   11.720229531769034        8.2311329779666274        8.1077409447261974        4.0000000000000000                1
   12.305001837002001        11.544065629989205        17.355109125775034        4.0000000000000000                1
   7.2990102993700212        10.713801421426343        2.0233413475257707        4.0000000000000000                1
   6.8564006406601683        9.3379971809188600        1.9931224566774535        4.0000000000000000                1
   6.0606139518612698        9.8811464024799385        7.4091884233249923        4.0000000000000000                1
   10.999690134054488        6.3915661457734689        20.138827771079253        4.0000000000000000                1
   6.9294162678152409        9.3574111990974131        7.5638108631909446        4.0000000000000000                1
   8.4451243975085415        11.580025833160844        26.257775885689210        4.0000000000000000                1
   12.856799335370189        8.7035436487213413        18.579440373669293        4.0000000000000000                1
   9.0562754141362998        6.0366156336808476        10.425494152871952        4.0000000000000000                1
   12.965200669930088        9.7896244436350912        18.490514896707250        4.0000000000000000                1
   7.9535536165602352        7.5076203568064717        28.093312679592159        4.0000000000000000                1
   10.548924237700412        11.844439618951720        17.031858275266629        4.0000000000000000                1
   10.336239842844341        6.1392865174586415        10.287485099225226        4.0000000000000000                1
   9.3256287169655856        12.973468839222699        15.077703341669315        4.0000000000000000                1
   6.3539320069022294        11.010754626744012        2.6203829714222682        4.0000000000000000                1
   12.970954116882664        9.3421581410902306        37.760085886651368        4.0000000000000000                1
   10.839419157396090        6.2956448983849587        39.441338884376570        4.0000000000000000                1
   6.7361792326860286        11.534526983896797        15.249515508661903        4.0000000000000000                1
   11.473838539344280        11.260465102514202        22.116822762121199        4.0000000000000000                1
   11.265582977744575        6.4841873642809613        19.130674558418043        4.0000000000000000                1
   8.9465596418492073        12.954207000331916        20.731793003995072        4.0000000000000000                1
   9.0471870859392620        12.949637428557587        10.095267926520181        4.0000000000000000                1
   6.0136693679796682        9.5343966021106521        11.540710416236994        4.0000000000000000                1
   8.9561177213657999        6.0968167362429719        17.129183484573414        4.0000000000000000                1
   9.5325125176101118        6.0096153120528184        16.200771397905399        4.0000000000000000                1
   9.0243155264917814        12.953359898947134        25.819383540636615        4.0000000000000000                1
   12.773198424908669        10.470832532044552       0.78812926457219468        4.0000000000000000                1
   12.094193714206211        7.2182071910327545        13.100109632056220        4.0000000000000000                1
   6.6114228211705184        11.461332953225886        35.600485577367600        4.0000000000000000                1
   10.466113392436890        12.860497608422820        28.632481368339118        4.0000000000000000                1
   12.271007074419359        11.578627982358650        10.673158421606828        4.0000000000000000                1
   12.838230683604275        10.506549892486714        34.343260853169170        4.0000000000000000                1
   8.0137404561178833        11.596473574942321        36.538965669222037        4.0000000000000000                1
   12.209962172467433        7.2946308036559300        23.974428801988999        4.0000000000000000                1
   6.0664544724119587        9.1477513649579478        3.1375644605464199        4.0000000000000000                1
   11.777586996175419        12.130232462525164        27.210257464227013        4.0000000000000000                1
   11.637006867548514        8.1174847243698274        30.014323540905668        4.0000000000000000                1
   6.7873634784660144        7.2993466333881418        17.745938550573680        4.0000000000000000                1
   10.572112986295961        12.809831013730326        38.298533593328280        4.0000000000000000                1
   6.3102470651796425        10.816538127250201        9.2385470035094777        4.0000000000000000                1
   8.5627539361773017        12.810200887417894        9.0203939771136810        4.0000000000000000                1
   12.541058873286349        7.8706548209287464        35.933314092194188        4.0000000000000000                1
   6.0662892992981430        9.0017511942429138        28.909849128358381        4.0000000000000000                1
   12.974116756643694        9.5319042750937335        7.7166377691248575        4.0000000000000000                1
   12.464231538361492        7.6876311789599638        7.1471147599878035        4.0000000000000000                1
   6.1534611296242163        8.5137282456716594        28.024624720951472        4.0000000000000000                1
   10.628520017410336        7.2126488971075204        15.070055272189945        4.0000000000000000                1
   8.2022964760056372        11.568486325525315        2.8511144184339803        4.0000000000000000                1
   12.495762216258068        11.298413262135492        13.194339151263010        4.0000000000000000                1
   11.847443598727464        12.024097195420286        33.442928570615535        4.0000000000000000                1
   12.245464977095121        7.3556365123398537        14.833731135611144        4.0000000000000000                1
   8.0947712260109963        12.612000946819473        8.0800690697700297        4.0000000000000000                1
   12.974517414673246        9.3363985420105067        17.577613527857597        4.0000000000000000                1
   6.2288531448991273        10.564701867786210        1.5776764480003473        4.0000000000000000                1
   10.173561429108092        6.9820502316553634        9.5900307256546480        4.0000000000000000                1
   6.9699445891138163        10.046103392655725        13.579154533326312        4.0000000000000000                1
   6.2500383164437876        8.3387983672236157        32.962664144937314        4.0000000000000000                1
   6.7345116957333158        7.3607993871389921        11.982672643456725        4.0000000000000000                1
   10.043293670133728        12.933619792045716        26.246249658529536        4.0000000000000000                1
   9.4442228500700480        12.978799958683837        6.0424056377208144        4.0000000000000000                1
   7.6426562081482050        7.6944095337024301        6.5191902186455479        4.0000000000000000                1
   6.8776202044191406        9.1311907751472674        17.959357561134524        4.0000000000000000                1
   12.035656823025883        11.889458836430196        4.4941785005612873        4.0000000000000000                1
   11.910215981824228        6.9627856609551451        4.1969436991371847        4.0000000000000000                1
   11.395516773140896        6.6027322353518754        24.219925497384100        4.0000000000000000                1
   7.6490293056198873        11.293148797069554        8.7235050904757259        4.0000000000000000                1
   12.933839125264441        8.8301245206857093        13.592552903632290        4.0000000000000000                1
   9.6405548922327906        6.1838613295519158        33.443947079152878        4.0000000000000000                1
   7.2448206113549789        6.8250190982700731        14.276829939189264        4.0000000000000000                1
   12.892968629242873        10.073310590228227        1.7551863028243495        4.0000000000000000                1
   6.1117043305479601        9.3312240392485410        6.5433279771310717        4.0000000000000000                1
   6.0033209178950049        9.4404724240438416        13.117028651395161        4.0000000000000000                1
   9.4574595793788347        12.978136126880500        38.056570098159227        4.0000000000000000                1
   10.368971681087892        12.889216971730797       0.13719107671469688        4.0000000000000000                1
   7.5526313398255152        10.707492159223406        3.0176117991561124        4.0000000000000000                1
   11.215302804730111        12.485151062278016        34.259047327676868        4.0000000000000000                1
   11.380608337184398        12.441051643101691        5.4142916715887228        4.0000000000000000                1
   9.2274237352933479        12.983204938615501        16.654969524216241        4.0000000000000000                1
   12.947329219789573        9.1516529639526443        22.981969889049594        4.0000000000000000                1
   9.6023550000216371        12.997369177019884        28.004139052829771        4.0000000000000000                1
   8.1827116892236020        6.2616270851957339        34.617568171086177        4.0000000000000000                1
   11.836355569369644        6.9060670495495540        7.4523518231690939        4.0000000000000000                1
   12.447305046686072        7.6376097527903948        1.9676278642889098        4.0000000000000000                1
   11.802729386608103        6.8797074897910893        18.137879698905202        4.0000000000000000                1
   8.0469980379253467        12.682623156544102        2.8654557440036168        4.0000000000000000                1
   12.925673106028190        8.8170666979937717        38.817344182795928        4.0000000000000000                1
   6.4003212671618535        11.034054243548029        14.437791915708662        4.0000000000000000                1
   12.956972313841158        9.4735311635139237        34.694377842948654        4.0000000000000000                1
   10.090671651435128        11.987480066350349        32.830539399261035        4.0000000000000000                1
   12.103716980807347        9.1306702723768467        13.054282652207188        4.0000000000000000                1
   11.110290379858659        6.4642936932606965        27.051475709056810        4.0000000000000000                1
   12.838074356170171        8.5929899833723908        5.0029650530662435        4.0000000000000000                1
   8.1789735886699457        7.4683566068931135        5.6203480243211636        4.0000000000000000                1
   7.6530976686906831        6.5415898548114138        22.499197379727381        4.0000000000000000                1
   12.314612451734629        7.4699981116118979        36.961957622511939        4.0000000000000000                1
   9.7249748983555957        12.976990569353248        32.917103754740062        4.0000000000000000                1
   12.984440070927656        9.5655279784395102        12.777149074392426        4.0000000000000000                1
   12.677107340531713        8.1791099095834650        12.855474137143165        4.0000000000000000                1
   12.799603975675378        10.555680012554559        37.569249001355054        4.0000000000000000                1
   12.178660650511315        7.2626733629896298        3.1607990758565498        4.0000000000000000                1
   7.3518638467609243        6.7369433843774438        5.0335410988538545        4.0000000000000000                1
   6.2962133779123883        8.4336119375092142        36.034772991711478        4.0000000000000000                1
   11.422062266190588        7.8438914185937518        31.242733612437270        4.0000000000000000                1
   11.169956111030483        7.6361208498645237        14.164413170306588        4.0000000000000000                1
   7.0802439551955532        11.998428433761784        31.453989314542095        4.0000000000000000                1
   9.3559018716767710        6.0175897736098367        21.308668919257460        4.0000000000000000                1
   8.4912043248536921        12.845552488574906        35.978188428690778        4.0000000000000000                1
   7.0044036543791934        7.0486537018715181        16.783236612925119        4.0000000000000000                1
   12.623457383302808        7.9679628681328110       0.97097474440366760        4.0000000000000000                1
   8.1069973956310104        6.3110385584653779        16.634134981030378        4.0000000000000000                1
   10.978410804768702        7.4292256301220503        25.214702673207778        4.0000000000000000                1
   7.0569887215330303        9.9236219429076655        36.564718550940825        4.0000000000000000                1
   12.120087914442756        7.1992504675662179        26.957845706428770        4.0000000000000000                1
   6.1088900413767178        8.7305107220424194        37.060839278988553        4.0000000000000000                1
   6.0985144655052475        10.172025392776611        3.3690901552650048        4.0000000000000000                1
   6.0295985538786709        9.5100088812557235        28.048894500257585        4.0000000000000000                1
   12.860296415938754        10.366714753583087        29.417593538561654        4.0000000000000000                1
   12.119508382191190        11.801112387130672        7.4471899888382236        4.0000000000000000                1
   11.048878510320309        12.632376900725918        9.4175564704328956        4.0000000000000000                1
   7.4832075945612617        12.347850049897335        3.7265051659981872        4.0000000000000000                1
   11.948767905876654        7.0798039968616671        1.0724898125936893        4.0000000000000000                1
   6.1216956698575773        10.391203252637903        17.474989791509721        4.0000000000000000                1
   10.889036999473129        11.567526230699313        11.271563613899275        4.0000000000000000                1
   12.070425835064235        9.3378835432389007        18.432118514340790        4.0000000000000000                1
   11.177745949871815        12.566433160778599        27.964403978781650        4.0000000000000000                1
   12.669876550082215        10.924975404516902        4.7656813339795336        4.0000000000000000                1
   8.6585191488323208        6.1113818996923319        22.223715126115042        4.0000000000000000                1
   12.800613978896441        8.4684311480627521        23.726599659336319        4.0000000000000000                1
   12.996313310093752        9.4225558168943007       0.92320606497281865        4.0000000000000000                1
   7.4922864300217862        6.7214814449058444        28.793006364760370        4.0000000000000000                1
   9.4503345627589859        12.142475073123114        21.067148162844425        4.0000000000000000                1
   6.0247543928690872        9.2103154461089911        22.322972693847191        4.0000000000000000                1
   6.5759796056373006        7.6548001392802059        1.7678620160941279        4.0000000000000000                1
   6.0349181119407787        9.7989191703342602        23.138542076095476        4.0000000000000000                1
   11.881328153572118        12.010186033975252        9.5476122938711825        4.0000000000000000                1
   9.2003485557483806        6.0380163122624460        2.6481612060086879        4.0000000000000000                1
   6.8643682476375991        9.1957158772220193        22.996269703295336        4.0000000000000000                1
   12.910436561452467        10.226316389749101        22.734202806784353        4.0000000000000000                1
   10.816675137213194        11.633056561520069        33.523716529484119        4.0000000000000000                1
   7.4232821634173805        6.6998597568603886        1.7031340993049999        4.0000000000000000                1
   11.826109738242655        6.9257861826473190        19.840291271308153        4.0000000000000000                1
   12.775797487633705        8.4900539104065231        28.774171234523809        4.0000000000000000                1
   10.038976581101693        11.857068754173167        15.954886869702346        4.0000000000000000                1
   11.425628425754265        6.5798897790178730        3.3993416167631940        4.0000000000000000                1
   12.686609627741976        8.2054056746546848        37.962819665081796        4.0000000000000000                1
   9.8373710995514649        6.0288523945859600        27.069984359694782        4.0000000000000000                1
   8.6442200313557827        12.890396039314155        22.393515134025662        4.0000000000000000                1
   7.2358698315863412        12.157641303342521        14.622480192899054        4.0000000000000000                1
   8.2482062587939442        12.747267482685496        21.430561048621755        4.0000000000000000                1
   8.5501489006444622        6.1329054239140541        30.503230265952858        4.0000000000000000                1
   12.849651637886151        10.337484956940498        17.562551973444791        4.0000000000000000                1
   10.886753874887114        12.707420317901253        20.307416713575300        4.0000000000000000                1
   10.122646633121750        12.895427985571777        11.935339278103520        4.0000000000000000                1
   7.2237371527184093        8.2500706840050171        22.841795774045362        4.0000000000000000                1
   10.292948002846265        6.1401835833715630        37.415100235835659        4.0000000000000000                1
   12.949285424135805        9.1120995087639844        32.786937422240669        4.0000000000000000                1
   11.966355363431754        10.304963551190459        18.157190000313172        4.0000000000000000                1
   8.8329985383954437        6.0715601234179619        3.6928017498446373        4.0000000000000000                1
   12.593134821790098        7.8701501795201052        24.743854062891725        4.0000000000000000                1
   9.6969052292554174        6.0199810972056396        25.430435222202171        4.0000000000000000                1
   8.6555815246732397        12.892157008106929        15.829084199926214        4.0000000000000000                1
   12.687173996000148        8.1222518039258969        29.792355121615778        4.0000000000000000                1
   11.659200590405701        6.7847187135444935        26.068830886393272        4.0000000000000000                1
   12.194487707317371        7.3178661494806265        35.136506660282400        4.0000000000000000                1
   7.1285737532329509        6.9591586769020894        26.852463225719788        4.0000000000000000                1
   10.219573180122740        6.1868349336764741        32.294718842789607        4.0000000000000000                1
   8.9533049422143325        11.945276440312396        37.897557691435580        4.0000000000000000                1
   12.729641183210823        8.2361744016244369        35.018068250675398        4.0000000000000000                1
   6.2431089180869153        8.2791109113389876        29.711166499105364        4.0000000000000000                1
   6.1671440946000420        10.256064054858333        24.109704991620962        4.0000000000000000                1
   11.329942403453993        6.6027499974052892        10.046208543535068        4.0000000000000000                1
   6.0642839282713110        8.8641181514049219        12.298785190928413        4.0000000000000000                1
   12.958534888628041        9.0253464191247996        8.7970327478018771        4.0000000000000000                1
   10.947053443806212        11.599206194001331        28.073607296522134        4.0000000000000000                1
   6.0739575614178261        10.179412900532816        19.125968394147051        4.0000000000000000                1
   6.4845726256807517        7.9454061715424400        4.2320900838801828E-002   4.0000000000000000                1
   12.228606171679505        7.3338130171133900        31.973392784839056        4.0000000000000000                1
   11.721979256684971        12.193944408396939        6.3973890536546705        4.0000000000000000                1
   10.875500503071482        11.583386899511043        22.879521445938401        4.0000000000000000                1
   8.7449820459224643        12.911992319488855        38.925640887373426        4.0000000000000000                1
   8.7263379229144888        6.0923788310992437        15.600760356010518        4.0000000000000000                1
   7.0273358520197799        7.0356717634171746        33.044808390632333        4.0000000000000000                1
   7.7367289538741311        12.522613934924191        25.606704118696697        4.0000000000000000                1
   12.695054182893610        10.526033187235907        5.8423640212300345        4.0000000000000000                1
   9.9903633345423764        12.952213606535462        34.063709885539097        4.0000000000000000                1
   6.0122000218856408        9.3377568104476563        33.264027012229192        4.0000000000000000                1
   10.845959044717308        6.2960407414958404        36.244333300441951        4.0000000000000000                1
   6.1768532749035820        8.4861881838103663        39.076383103165533        4.0000000000000000                1
   7.8249110011784326        12.563620880878135        1.7850796960663804        4.0000000000000000                1
   6.0568528867046618        8.9120589572619409        32.053054090561929        4.0000000000000000                1
   8.7899822214379153        12.926204720534324        14.103581154720699        4.0000000000000000                1
   7.7812958304902349        12.534383534826041        13.868564349389162        4.0000000000000000                1
   6.4010002910304165        7.8920966671802901        28.775512215505181        4.0000000000000000                1
   7.3370609883518867        12.202076755077357        32.556862615901927        4.0000000000000000                1
   12.025728939423519        11.917218707028859        39.314385603305873        4.0000000000000000                1
   7.9024443178625008        11.497720043176605        1.8067154460678443        4.0000000000000000                1
   6.0610163514852440        8.8798197667171070        18.998993089910801        4.0000000000000000                1
   12.418352134275985        11.386811299892061        27.496047024461092        4.0000000000000000                1
   10.394605210280494        7.2142551562024959        20.291231029433057        4.0000000000000000                1
   11.496540386205808        12.335391420210716       0.15564731701785167        4.0000000000000000                1
   7.2054796198625377        12.138626427011587        2.5592409516461108        4.0000000000000000                1
   8.9158457263754958        12.935228659689292        33.699464995716873        4.0000000000000000                1
   6.5925518128036904        11.394496567808048        32.548558158427525        4.0000000000000000                1
   9.3240302696601489        6.0203798267243105        14.790018325121924        4.0000000000000000                1
   7.0878634694284530        6.9826936465066876        34.820432705345723        4.0000000000000000                1
   12.403499474419906        11.403097558748104        24.280793672683526        4.0000000000000000                1
   10.537782106095451        11.852784741519194        10.310924481221617        4.0000000000000000                1
   9.1852619997777083        6.0357534136619897        19.744633758262459        4.0000000000000000                1
   12.836152477783338        8.4537502411095620        31.892247964652089        4.0000000000000000                1
   7.0738282601980425        12.013251151849234        21.318490135028057        4.0000000000000000                1
   6.2916582818147191        8.1623651711575764        38.091097465238434        4.0000000000000000                1
   8.3536278742104049        7.2641934194881950        33.858814638009804        4.0000000000000000                1
   10.649014695234451        6.1960639027896587        31.287104117306182        4.0000000000000000                1
   11.119415475699354        6.5397180501727963        8.2989847654821816        4.0000000000000000                1
   9.8906333065629148        11.890747589203766        11.083244866134386        4.0000000000000000                1
   6.0631008715819590        10.126057870168905        29.145849814746846        4.0000000000000000                1
   10.366008639537245        12.853589365266048        10.149898269435749        4.0000000000000000                1
   6.0976910674628977        10.174602573119715        35.437524310372545        4.0000000000000000                1
   6.1039943189148831        10.306992465954520        32.433158230274969        4.0000000000000000                1
   12.542166016423369        11.160994624362290        38.492136341699641        4.0000000000000000                1
   8.6026588230550090        7.1921849639382760        10.519343499861572        4.0000000000000000                1
   7.7339933979221076        6.4945083563152899        27.809125573142850        4.0000000000000000                1
   9.1156382025439076        6.1130506085965770        32.532920894196572        4.0000000000000000                1
   9.7252287457109396        12.991241917677213        9.3535560016482595        4.0000000000000000                1
   11.670436888108123        10.836500969621113        23.052971572820130        4.0000000000000000                1
   8.6060005604522214        6.1926581810673786        33.655439490160653        4.0000000000000000                1
   6.2247080648050908        8.2901110691751647        1.0540035612569731        4.0000000000000000                1
   8.1030174298228079        6.3046361787761347        26.477066331247297        4.0000000000000000                1
   12.797327877405893        8.4012414206886756        14.571150731241200        4.0000000000000000                1
   8.6720849019470894        6.1098193264046063        27.294700701691227        4.0000000000000000                1
   9.9215354191260872        12.962897579386203        15.930796204739066        4.0000000000000000                1
   6.6674229482680856        11.517230132727180        8.6080821411602475        4.0000000000000000                1
   11.078396678691304        12.575665236948989        39.193004587146959        4.0000000000000000                1
   12.585418366853254        7.8892755313532685        9.0716056603257353        4.0000000000000000                1
   7.7292437862126961        12.489044824804607        7.1238051954880151        4.0000000000000000                1
   8.9848304248250592        12.933643044312511        4.9780858088150604        4.0000000000000000                1
   12.302930530560349        11.594227211776314        37.483355811307106        4.0000000000000000                1
   11.717328776497201        6.8093347394002128        31.152607489807611        4.0000000000000000                1
   11.468724996385136        12.353990763539338        17.083593007142028        4.0000000000000000                1
   12.307242079723199        11.585239449610253        5.5351897237968171        4.0000000000000000                1
   6.8913256804424572        7.1913492394248850        28.109269999832353        4.0000000000000000                1
   6.0376514223563724        9.8996814642251323        2.3081807086717920        4.0000000000000000                1
   7.1670932956199609        6.8945528155577573        39.813414867490479        4.0000000000000000                1
   6.0599312969507748        9.4354182936599056        24.843126725277372        4.0000000000000000                1
   11.809204170977441        12.128144088216184        11.425901054780063        4.0000000000000000                1
   10.130980431494434        6.0996788062807088        8.4943801613363412        4.0000000000000000                1
   8.0115850957285542        6.3886088232286236        5.7639757474325615        4.0000000000000000                1
   12.915486639006135        9.6823704407535427        28.626179509459650        4.0000000000000000                1
   6.5048464129699157        11.291172326218380        12.723917072028017        4.0000000000000000                1
   10.824431018958741        6.2735941002964530        9.2358715000083507        4.0000000000000000                1
   8.6387946974038350        6.1764869161419291        1.5812138743139021        4.0000000000000000                1
   7.4168841001785264        6.7206833165025932        23.475870692189208        4.0000000000000000                1
   11.618543899507891        11.018542352222131        28.654149770755666        4.0000000000000000                1
   11.328161289685806        12.401397764539350        2.4152488959707319        4.0000000000000000                1
   6.5601657996029905        7.6056251428749890        33.966510679451503        4.0000000000000000                1
   6.8772758517942911        9.6335306602114752        12.618620570078779        4.0000000000000000                1
   6.0247586679075065        9.3575543611855103        1.4101118521945089        4.0000000000000000                1
   6.0461685474667615        9.2159813183216794        35.138310301930396        4.0000000000000000                1
   9.0585379582021037        6.0359318843763585       0.54321742734909439        4.0000000000000000                1
   11.765994178943467        6.8340924590592769        9.0619109750114770        4.0000000000000000                1
   7.4323266328806277        6.6771826305975397        15.935398379661617        4.0000000000000000                1
   11.409348007391461        12.412655969047963        29.024670246709722        4.0000000000000000                1
   11.846588555154968        8.7645825151643013        7.1450400377311478        4.0000000000000000                1
   12.202522179563712        7.3437970276956746        9.8240992590635496        4.0000000000000000                1
   8.8569566223656402        7.0279785080923425        21.523098417649820        4.0000000000000000                1
   6.2164733702020927        10.697726797024062        13.481536842121242        4.0000000000000000                1
   9.6467200144322902        6.0085198634023183        9.5745745110528091        4.0000000000000000                1
   6.0213715531584073        9.4486667755568767        36.348475089517024        4.0000000000000000                1
   11.906021491403651        10.196776666183128        33.680212213043866        4.0000000000000000                1
   6.1320850180477287        10.430137049032465        38.202924111224320        4.0000000000000000                1
   12.944382269391879        9.8040987882829551        23.759220446354767        4.0000000000000000                1
   7.4969608056194001        12.348401557144101        15.599040542214540        4.0000000000000000                1
   12.251559367809534        11.584774676786644        32.639465352418163        4.0000000000000000                1
   12.278130396828963        7.5118897610864304        18.887274094886330        4.0000000000000000                1
   6.0076314963188722        9.5046357003483735        19.910618172486615        4.0000000000000000                1
   6.0426085596032593        9.9027346473997113        37.354727150311341        4.0000000000000000                1
   7.1080895479392856        10.301482671296553        37.653823076194776        4.0000000000000000                1
   11.351320397274817        7.6645171942561632        36.770540109044646        4.0000000000000000                1
   10.684134819656451        6.2245897362678768        21.140979837890043        4.0000000000000000                1
   9.9503209113147157        6.1432476521950488        20.415054119416727        4.0000000000000000                1
   7.5152108421064288        6.6183711866760149        17.533500007725451        4.0000000000000000                1
   12.836724042095179        9.6120589554697826        2.8780325326992955        4.0000000000000000                1
   10.698532282810515        6.2131708907528624        1.5968540059505807        4.0000000000000000                1
   6.8908070115066709        11.828444244006196        16.205882540021570        4.0000000000000000                1
   7.5656093065715746        12.414808819515686        27.219486767264236        4.0000000000000000                1
   12.813752870091871        10.615437918775591        12.467420254978407        4.0000000000000000                1
   9.7340174692302117        12.963269622093948        4.2770629177399906        4.0000000000000000                1
   12.798852797506942        10.441358229718086        24.567638990651943        4.0000000000000000                1
   12.670679746991240        8.1423835270260803        19.680646457964492        4.0000000000000000                1
   10.399946677179093        12.860548611543614        16.985776791474585        4.0000000000000000                1
   11.843768152780211        8.6264361693068032        19.126688747380204        4.0000000000000000                1
   7.9269543156491986        6.4307021871373218        32.924068633490400        4.0000000000000000                1
   11.292395400445836        6.5033042848114437        32.105216717319415        4.0000000000000000                1
   12.648887181552194        11.006998346808384        28.639224826595292        4.0000000000000000                1
   9.9874448463714440        6.9803907242059413        21.227697937509287        4.0000000000000000                1
   6.2340971078762593        8.2505384741253351        6.1687695616649156        4.0000000000000000                1
   6.7581387412455571        11.654301510574498        25.427677012494858        4.0000000000000000                1
   9.3535053840750297        12.994347690700298        21.689151437251176        4.0000000000000000                1
   6.0399454024126058        9.0540382096742462        17.375845100571468        4.0000000000000000                1
   11.805803625884913        10.210254210669328        1.4897776230266002        4.0000000000000000                1
   10.427725127337753        12.855998496113854        22.053861620084209        4.0000000000000000                1
   10.152822142991710        12.934060564078619        5.3330646692367525        4.0000000000000000                1
   7.1880642676160793        9.7642841907651334        23.919514515218260        4.0000000000000000                1
   10.081705199814174        6.1017467011487891        35.497896952479373        4.0000000000000000                1
   8.2323238352891170        10.624627442169523        36.946741029258924        4.0000000000000000                1
   7.1675864013321915        12.107683825867847        26.350634563822162        4.0000000000000000                1
   12.847467137093648        8.8447956742051890        33.782850096521734        4.0000000000000000                1
   10.027726858210558        6.0404715744530932        3.5046239404267667        4.0000000000000000                1
   12.541677471222581        7.8280517853150045        3.9293572455075609        4.0000000000000000                1
   12.728775265090666        10.815816468503860        39.495246273794280        4.0000000000000000                1
   6.1262708904259133        8.5797137607025835        7.2211093037315903        4.0000000000000000                1
   7.9115984043915519        12.589284197781621        31.789707772923350        4.0000000000000000                1
   10.894634879799904        6.3260614621763036        15.953855618516828        4.0000000000000000                1
   12.314816654923877        11.575340638588916       0.50769500015745495        4.0000000000000000                1
   12.271662916106322        11.583372947103070        29.464069962211052        4.0000000000000000                1
   6.3236618693404498        10.727570498124841        25.147678144213909        4.0000000000000000                1
   7.6891847383500078        6.5520816076612940        38.933129390932002        4.0000000000000000                1
   10.161058156180387        6.1085232937691130       0.51373870122585508        4.0000000000000000                1
   9.7221071447171497        6.0371294899650385        11.171650323380046        4.0000000000000000                1
   12.944470214701118        9.8363660841880964        33.578362374584067        4.0000000000000000                1
   8.7330627890165466        12.063182465510327        32.013826298654237        4.0000000000000000                1
   12.194921156637575        7.3649595889761716        8.2994776545059761        4.0000000000000000                1
   12.430995330147944        7.7607646061330957        30.979545833034997        4.0000000000000000                1
   7.9324382784359084        12.613540362535685        9.8003403145232184        4.0000000000000000                1
   12.946386205382117        9.5955040462139181        14.333311992730069        4.0000000000000000                1
   9.9646247631269507        6.0319937735398836        30.406237555320022        4.0000000000000000                1
   6.4849608894605923        7.7775849024925279        5.0604337415524734        4.0000000000000000                1
   12.499747492763074        7.8188073163279590        33.982428367712615        4.0000000000000000                1
   12.510989429854664        7.7260835333317432        13.857695500492955        4.0000000000000000                1
   7.0345078548800606        7.0913182542687023        29.792190570376174        4.0000000000000000                1
   6.9780377317253581        10.098240674155271        18.319138543063506        4.0000000000000000                1
   12.539665812411558        7.8879185903552669        27.917239232984652        4.0000000000000000                1
   8.7014294722302523        7.2183639569899478        32.838777440629208        4.0000000000000000                1
   6.0021996967744720        9.4303935147748490        29.958004937266946        4.0000000000000000                1
   7.1741700732019593        8.1715027189153577        28.145170195224953        4.0000000000000000                1
   6.1013671457806664        8.7048137510764825        34.063120286526363        4.0000000000000000                1
   9.9483016381144775        6.0437579064200042        38.481030384841581        4.0000000000000000                1
   6.6808823470915106        11.520679059849160        24.384175926791468        4.0000000000000000                1
   7.6623709283908044        12.455548201433187        20.609480959441115        4.0000000000000000                1
   7.2015715056547851        10.349764830114019        8.2665556258150126        4.0000000000000000                1
   10.478427258100126        6.1976190793083408        26.113823594263529        4.0000000000000000                1
   8.5934338776648929        12.819788225245142        31.082506534424549        4.0000000000000000                1
   7.3023587317789804        10.911601479671489        31.669589961088011        4.0000000000000000                1
   11.852524778866844        12.072963502973543        18.090118364408163        4.0000000000000000                1
   11.133094285614790        12.509780597518338        31.149090821296735        4.0000000000000000                1
   7.5298507351973054        7.7082384011163700        34.278113262147855        4.0000000000000000                1
   6.2046736492708989        8.3531123091546764        24.551638927626893        4.0000000000000000                1
   12.690352443666370        10.935792172762241        23.440592892415630        4.0000000000000000                1
   12.603809697608046        11.113752966497303        33.507055655053485        4.0000000000000000                1
   12.857292576458091        10.274151810561040        35.531424599043504        4.0000000000000000                1
   10.684207560273522        6.2430600201408240        4.2568904911720118        4.0000000000000000                1
   12.177974399948299        11.745099099452286        12.322969898847134        4.0000000000000000                1
   9.6037251199023075        6.0607062617782379        4.5097793528296926        4.0000000000000000                1
   8.0128785872935140        8.3521800109682669        33.461739890498009        4.0000000000000000                1
   6.2872086018344993        8.1892003980371051        11.506439523084547        4.0000000000000000                1
   7.6157964352108536        6.5809903886452279        11.663749991302886        4.0000000000000000                1
   6.5114783804909440        7.6828097779253168        27.325017998856911        4.0000000000000000                1
   8.8001467968163549        6.1119492629119234        35.519020243981366        4.0000000000000000                1
   12.710095224420742        10.810350588965029        7.5735007964244350        4.0000000000000000                1
   8.1069152923763319        7.2286693362681191        39.582806653703116        4.0000000000000000                1
   11.978322898198654        10.011877828968425        12.549731098991041        4.0000000000000000                1
   12.881717053893652        8.7288155643140488        36.917718872769299        4.0000000000000000                1
   7.1899055170988584        12.121254820821891        37.682400385885984        4.0000000000000000                1
   7.9893575120038500        6.3955386264066574        21.516523115087573        4.0000000000000000                1
   8.1312021454127841        12.712747906792274        14.870192087161245        4.0000000000000000                1
   11.340916111910779        6.5336273900528195        13.236104190191197        4.0000000000000000                1
   6.1535742675563814        8.4876182951188870        23.002793726307811        4.0000000000000000                1
   8.3113069586812109        12.768090151044923        37.746192898496140        4.0000000000000000                1
   12.967448403576043        9.9596186041426567        11.722444102854558        4.0000000000000000                1
   12.633939148337092        11.046760423780182        18.268279173112724        4.0000000000000000                1
   11.418706818691506        6.6400035982751620        37.091709802989065        4.0000000000000000                1
   12.003392911998725        11.914551431067713        28.318121321244664        4.0000000000000000                1
   12.844185376496776        10.507692879401738        21.637614374436076        4.0000000000000000                1
   9.1582695611131673        12.972984230622600        32.001666879269486        4.0000000000000000                1
   8.2975674430008226        12.784751303046660        19.834938006493445        4.0000000000000000                1
   8.1769129781608996        11.525540044935864        14.732149238094660        4.0000000000000000                1
   6.4654365944031653        7.7916681938462924        23.716544074558023        4.0000000000000000                1
   9.9031019787955028        12.963977350781398        39.125007236039743        4.0000000000000000                1
   9.1380446487596547        11.943366800897822        26.905379970045544        4.0000000000000000                1
   9.0666878500909682        6.0279898418130804        5.5794426799036483        4.0000000000000000                1
   12.003258436517834        9.8848146511718458        23.352002026688410        4.0000000000000000                1
   9.4340868500386748        6.0255466062124272        39.487377974910196        4.0000000000000000                1
   11.509714043348950        7.8812749433366704        19.769796994238895        4.0000000000000000                1
   7.4478599628737943        6.6890288692993520        6.5880593558419260        4.0000000000000000                1
   10.596122432724457        6.2047001544639144        2.6273366530008682        4.0000000000000000                1
   7.2799674119142113        10.933460235630372        36.818663521708302        4.0000000000000000                1
   9.3871911973998046        6.0271286409999840        31.550784930193213        4.0000000000000000                1
   12.379275080615606        7.5514305433581503        20.445262388349175        4.0000000000000000                1
   11.560795378122091        6.8227420290628276        2.1599050040567791        4.0000000000000000                1
   10.962483235487644        12.672815821848054        22.890601737368488        4.0000000000000000                1
   8.4991969562843543        12.742354335014230        24.988121567753897        4.0000000000000000                1
   7.2771147036104802        12.130120543021338        19.685358541885858        4.0000000000000000                1
   6.2834416851706791        10.747058184953133        28.316960181679114        4.0000000000000000                1
   11.958587679135325        7.0119863872779025        15.736369068017128        4.0000000000000000                1
   11.928149801020021        7.0470193508247085        37.873439264496170        4.0000000000000000                1
   12.520185402387016        11.197606632159177        22.293970435523118        4.0000000000000000                1
   9.2675881466033285        6.0775881176007331        37.627040139570539        4.0000000000000000                1
   10.513051434100975        7.2214517169174508        26.090646465349522        4.0000000000000000                1
   12.733926711403720        8.2667796196386174        2.8994525556404804        4.0000000000000000                1
   12.904424696747613        8.7152790103109457        1.9432434203083109        4.0000000000000000                1
   8.9534188203556724        6.0675619055674916        8.7551387257150939        4.0000000000000000                1
   7.2404902153615591        12.160953166595258        29.566318709921561        4.0000000000000000                1
   11.759824235413131        12.142502795721381        30.122042181860749        4.0000000000000000                1
   6.5662393225114828        7.6051540480862085        16.071501536421618        4.0000000000000000                1
   7.2452424494359189        10.618248150243556        19.201714151858468        4.0000000000000000                1
   6.7359165248700856        11.618331786736206        20.372864967577573        4.0000000000000000                1
   8.0265549083603656        6.3441331039646913        29.653410718564064        4.0000000000000000                1
   10.229188012109995        6.0815218441495675        15.236114851981510        4.0000000000000000                1
   7.4695079668074333        8.4800086482736514        5.8538626601501766        4.0000000000000000                1
   6.2395769715570619        8.6572593108640312        13.740313783542947        4.0000000000000000                1
   7.3829644991740846        8.7958298235104468        28.933898548053687        4.0000000000000000                1
   7.9183664722147071        6.3921893173639734        14.904662920068418        4.0000000000000000                1
   6.0221646344101352        9.8072493402278678        16.660980401409248        4.0000000000000000                1
   6.0577787277754362        9.1446067221100886        38.056753658378867        4.0000000000000000                1
   12.918429267927213        8.7854012254362974        6.9065643757791237        4.0000000000000000                1
   7.7959732853796213        11.434424031879781        25.433435180811433        4.0000000000000000                1
   6.1288672913346423        10.413107752633328        30.407241440161727        4.0000000000000000                1
   9.5597796762012273        12.990279113358234        19.935624436647355        4.0000000000000000                1
   9.6243559949792097        12.142133713554939        9.9688496369056772        4.0000000000000000                1
   11.184927932394661        12.450104650948429        37.451992864910252        4.0000000000000000                1
   7.2991570907294223        8.2171318705875933        12.121385512451312        4.0000000000000000                1
   7.7500603944363746        6.5052818396437955       0.63965714386358830        4.0000000000000000                1
   6.3828357033213869        7.9643031711247234        22.078652254991891        4.0000000000000000                1
   8.6239936774516561        12.882598838377453        27.672575834865260        4.0000000000000000                1
   12.973369902537035        9.7532825310561062        39.805420181655819        4.0000000000000000                1
   6.0655180483829545        8.9907021676500740       0.34009953572334400        4.0000000000000000                1
   6.0218454012475293        9.1257992250223232        8.1291423184910041        4.0000000000000000                1
   7.3995499826011955        11.136388572115514        7.6574495343938604        4.0000000000000000                1
   6.0433719156381445        9.0928756762522056        23.890186328468033        4.0000000000000000                1
   7.1033691646360486        6.9729234430475939        7.5288145324380853        4.0000000000000000                1
   9.0989179298059177        6.1856773471155817        26.302377562137121        4.0000000000000000                1
   11.287999236145268        11.367936649988200        17.549763095057465        4.0000000000000000                1
   12.147474775857901        7.2197015495699688        30.139363493718395        4.0000000000000000                1
   6.3633929263548925        10.978387282171646        7.7890970038213858        4.0000000000000000                1
   11.992515650911457        11.927683487705153        16.334046384393755        4.0000000000000000                1
   11.979822258771273        7.0350716213827038        24.974601987911623        4.0000000000000000                1
   12.109167387014574        11.794059407262457        22.995041376061867        4.0000000000000000                1
   6.3969070957060410        8.1132401872035640        34.842623815546425        4.0000000000000000                1
   6.1363177464642655        8.5990165186572067        2.0679591009754832        4.0000000000000000                1
   7.8448694396748246        12.582812969317064        36.810552114620123        4.0000000000000000                1
   9.7788198271042202        12.973861476296886        36.150472051024479        4.0000000000000000                1
   12.400653593036440        7.5840537113144633        25.805384733750188        4.0000000000000000                1
   6.4660164332251613        8.0744544384687575        12.828332474124926        4.0000000000000000                1
   10.838529059899473        7.3580975172263763        8.9298786265402068        4.0000000000000000                1
   10.251614273531409        6.0951575206296713        19.359379534167456        4.0000000000000000                1
   11.031541824252738        12.635846622948876        16.205709056434998        4.0000000000000000                1
   6.8787204000787687        11.811424981056902        18.653018014714100        4.0000000000000000                1
   11.644401981270709        12.242012203461293        38.421561778797319        4.0000000000000000                1
   11.755666884280252        6.8250269472295191        29.255771054538613        4.0000000000000000                1
   10.135296125107233        12.896081270081154        21.067448930763909        4.0000000000000000                1
   9.1737012364686326        6.0192468330618274        34.477605730681148        4.0000000000000000                1
   12.931703984716250        8.8873293457076787        12.033537442342343        4.0000000000000000                1
   11.137736896716151        12.589489795018915        26.176331971878131        4.0000000000000000                1
   8.3022073822410771        6.2119726461249929        39.664049303671852        4.0000000000000000                1
   11.040350212223732        11.633365700791767        16.165401967966361        4.0000000000000000                1
   6.7534903249284923        11.640101435100174        30.465890610504829        4.0000000000000000                1
   7.6994523816644467        7.5668496822391358        11.467204618807918        4.0000000000000000                1
   11.879495023313156        9.7719576067337943        7.0941094403335558        4.0000000000000000                1
   11.288629212782290        6.5065910819047028        35.334818870834305        4.0000000000000000                1
   12.867301370304762        8.6020834370054882        25.385332856654159        4.0000000000000000                1
   6.8232226438556918        11.719472882179238        27.423993200193426        4.0000000000000000                1
   6.2963612325354363        10.794886220766179        36.552162447323880        4.0000000000000000                1
   8.9736175237830054        12.937847933830726        11.615242215234678        4.0000000000000000                1
   6.5884517664316338        7.5710845914864473        18.708224161983740        4.0000000000000000                1
   9.0611746611222141        12.873113138913478        3.2905834868277535        4.0000000000000000                1
   12.120940793651290        11.812720887385229        34.464135382130600        4.0000000000000000                1
   6.3311755521021933        10.872887122094335        18.434930753482689        4.0000000000000000                1
   6.8788763930521570        11.818342161725051        36.575917402066800        4.0000000000000000                1
   8.7581760633983983        12.918533176421558        6.8423559419780817        4.0000000000000000                1
   7.8907860097969440        12.559185001759539        4.8922797520329322        4.0000000000000000                1
   6.4058842800412341        7.9271606638986274        17.006542878632736        4.0000000000000000                1
   12.711743010403358        8.1488668172730598        5.9269942335463526        4.0000000000000000                1
   6.0767551928489736        10.219363045618353        12.489324164715276        4.0000000000000000                1
   8.9776008305739499        12.944759027280179        36.924682125650989        4.0000000000000000                1
   7.4909925501609242        6.6369831299028785        33.850114198924310        4.0000000000000000                1
   6.0529448973115949        9.7224331256421088        31.126861356902985        4.0000000000000000                1
   10.455499381426046        12.856623402894286        32.144596501449783        4.0000000000000000                1
   9.5983053805773331        7.2339131968127219        10.411237972967340        4.0000000000000000                1
   12.880262358634353        10.133872384925164        38.657705746617985        4.0000000000000000                1
   10.725359635138149        12.757433987675414        33.235690923931600        4.0000000000000000                1
   10.659575490244942        12.789040989621656        27.043072437114088        4.0000000000000000                1
   7.2804685235330462        12.141782538222449        12.959644610257856        4.0000000000000000                1
   11.096884565135674        12.547020738875315        21.368423235230004        4.0000000000000000                1
   11.657873672051437        6.7701569973067990        20.837191350491263        4.0000000000000000                1
   11.217919305336672        12.536293127721121        12.164729522484514        4.0000000000000000                1
   6.3923033658372974        11.048522931607030        26.147073850206116        4.0000000000000000                1
   12.367616617222604        7.5957606300726361        28.984526530208985        4.0000000000000000                1
   8.4065976490095711        12.800394795368007        32.716175372018981        4.0000000000000000                1
   12.553567664334878        11.083236710336395        1.5574659744103303        4.0000000000000000                1
   11.672073704201660        11.028514509003369        16.691039378661021        4.0000000000000000                1
   8.3416905809478177        7.0962869570330982        15.980069330413670        4.0000000000000000                1
   10.143069259955736        11.884457221664732        21.773212011152527        4.0000000000000000                1
   6.2896229451568395        10.858275819249430        31.485406356769222        4.0000000000000000                1
   11.944168902035257        11.960025844278814        1.4575448916231297        4.0000000000000000                1
   11.385406778494481        6.5515545620724254        15.042250309737783        4.0000000000000000                1
   10.847572185163935        12.730166812790388        17.916982319103710        4.0000000000000000                1
   12.589523855905689        11.133984954466769        11.583293524405084        4.0000000000000000                1
   10.675731865091544        12.767736069682872        15.233737007185947        4.0000000000000000                1
   7.1638560145858339        12.100661378096937        7.8643053191308603        4.0000000000000000                1
   12.913014171484626        8.9770528279708177        35.872704972565018        4.0000000000000000                1
   10.281986935426167        6.0890057164997362        24.540202047521667        4.0000000000000000                1
   12.932976852591148        8.9558910053975183        27.704124214490577        4.0000000000000000                1
   8.7192271607260849        6.1107617486481489        38.671400586210041        4.0000000000000000                1
   7.3803733870917601        12.267672044318203        24.701266648439915        4.0000000000000000                1
   12.726437370278834        10.847250040719183        2.6643994495715693        4.0000000000000000                1
   8.4366376609815248        12.811744823861716        4.0904443399620503        4.0000000000000000                1
   12.877129488306769        10.405928623784900        32.624128546367729        4.0000000000000000                1
   8.4101298373303042        6.2400343299802357        28.539297069159684        4.0000000000000000                1
   6.7918362466490230        7.3213173429719243        22.754512183209791        4.0000000000000000                1
   6.8883279025391237        7.2086347790805565       0.78296043842577934        4.0000000000000000                1
   10.772139858780404        12.654985339111121        4.5175592502234982        4.0000000000000000                1
   11.137941065937417        6.4235916236432802        30.429638476913293        4.0000000000000000                1
   12.978844832685484        9.8320446411678368        36.833210993336195        4.0000000000000000                1
   12.520002893486017        11.245421731416195        6.6798333887585812        4.0000000000000000                1
   12.191426154882281        11.712571525852507        2.4439288381057116        4.0000000000000000                1
   6.9758826497693986        7.0756606066037735        10.888961287476716        4.0000000000000000                1
   7.8379698816301717        6.4330906320553103        10.665018521008673        4.0000000000000000                1
   10.086271465480648        12.945021914942064        37.238630565838022        4.0000000000000000                1
   8.2918354382150188        6.2173108768227863        4.8029340286137803        4.0000000000000000                1
   12.743314304600439        8.3539983561969109        7.9178571354094833        4.0000000000000000                1
   10.999959688464447        10.331861874582557        17.827981721509023        4.0000000000000000                1
   10.511192155676179        12.811997671467495        35.155263986976486        4.0000000000000000                1
   10.526129063231547        6.9905646028435369        3.5791960629865294        4.0000000000000000                1
   7.0985591087360262        8.6079661057747892        23.789435441433596        4.0000000000000000                1
   11.566591624489055        12.291667006962127        23.684958336928617        4.0000000000000000                1
   6.1580140925873366        8.5740786668461713        4.5413108325064924        4.0000000000000000                1
   6.7556254200744634        11.596510179116988        13.663521172517438        4.0000000000000000                1
   6.7895097995108911        11.675650055506921        1.7676691886776787        4.0000000000000000                1
   7.1459333786422539        8.5236830207540937        6.9433626737786174        4.0000000000000000                1
   6.6004448878294948        11.456680242912235        17.667835756893659        4.0000000000000000                1
   6.4597348233596286        11.204411589339557        37.563088263338997        4.0000000000000000                1
   10.336854937651172        7.1571699184248336        37.343254917662691        4.0000000000000000                1
   7.7699292436622533        6.4694963819919007        19.917075361327665        4.0000000000000000                1
   6.7591000902684781        7.3724979900427678        13.512681386086125        4.0000000000000000                1
   6.0375103222117721        9.0379057613622056        5.4913875258046367        4.0000000000000000                1
   11.846351911225920        6.9125479855839327        36.166541536304123        4.0000000000000000                1
   6.3717782111131145        11.068177724447986        29.663640956277515        4.0000000000000000                1
   10.846671896937183        12.711138694491547        11.148291007737814        4.0000000000000000                1
   12.665481850787526        8.0409934048405365        32.980732451532354        4.0000000000000000                1
   9.5509284549304638        6.0031573346913545        36.556752832622102        4.0000000000000000                1
   10.936302223715506        6.3696266073561132        11.059086158990672        4.0000000000000000                1
   12.367254253417208        11.432816469107738        3.4531842078261752        4.0000000000000000                1
   9.2187919829830900        6.9891046148071370        20.587669800915897        4.0000000000000000                1
   12.866532880514448        9.1650481888960247        24.555285654994165        4.0000000000000000                1
   7.4475665171997596        12.239510145894304       0.85165826823720447        4.0000000000000000                1
   12.940544650007185        8.9349485146303707        20.323826749527665        4.0000000000000000                1
   12.923364078531469        10.133138765846567        6.8636251432240325        4.0000000000000000                1
   10.045048563902238        6.0672213664001839        22.045193107565485        4.0000000000000000                1
   8.3435610003837493        12.782060698666617        5.8054566224707651        4.0000000000000000                1
   8.5747018303499942        12.046768648973513        20.522612539018699        4.0000000000000000                1
   7.4596677746085156        12.325772604024364        8.9151525336329946        4.0000000000000000                1
   9.3789249756379967        12.990281941644882        26.995094140517203        4.0000000000000000                1
   6.3394330560409564        10.996329727233004        23.443167668078562        4.0000000000000000                1
   7.2729309146812868        10.678332050553234        24.388826271334274        4.0000000000000000                1
   11.167432890285889        7.4645114776571244        2.9357370884456380        4.0000000000000000                1
   8.5490589690160554        6.1335352945888202        11.509416460239464        4.0000000000000000                1
   10.326475671333521        6.1145741242004883        16.822338969912913        4.0000000000000000                1
   12.944276896203410        9.3159258125506188        19.390279124737283        4.0000000000000000                1
   8.4350087270325975        6.2361650156231772        25.490031128524421        4.0000000000000000                1
   6.4839895713426001        11.257882306555178        19.393227771202955        4.0000000000000000                1
   7.4207307476115512        12.308885063589646        35.846517234656332        4.0000000000000000                1
   6.7597510268817977        11.652376297601851        3.3175241192262024        4.0000000000000000                1
   11.592437119253782        12.294131206524662        3.3877420525405766        4.0000000000000000                1
   6.7242222312147728        11.619955634954129        7.0880732247629314        4.0000000000000000                1
   12.871378837924677        8.7698963268264176        30.688681252917920        4.0000000000000000                1
   8.6155536495551743        6.1434658341764008        20.631341565340907        4.0000000000000000                1
   12.730017456313012        8.1902720337858064        26.962747923435018        4.0000000000000000                1
   8.3065161351827097        6.2696794298865752        9.7685129786322893        4.0000000000000000                1
   10.008864007913864        12.886931737788627        31.011274914293637        4.0000000000000000                1
   11.048353372096818        6.3951351068743492        25.183009396436663        4.0000000000000000                1
   11.837448265232162        6.8980326575812967        14.036327800107703        4.0000000000000000                1
   12.974258333986768        9.1117671110871701        29.561406376655864        4.0000000000000000                1
   9.6677779302204545        6.0169092101864559        1.6231427689233764        4.0000000000000000                1
   7.2150509438675234        6.8489069329699221        12.708364473968876        4.0000000000000000                1
   11.355308796520486        12.440301567055302        32.510549120014062        4.0000000000000000                1
   11.605634059260964        8.0830946469849181        24.764318640337187        4.0000000000000000                1
   9.1723094412921728        12.957090563295610       0.12773711840750945        4.0000000000000000                1
   8.3071783658450329        12.771381328430016        26.494357745524926        4.0000000000000000                1
   8.5866882092186199        6.1380310769062376        6.6174718036761657        4.0000000000000000                1
   6.0293625902257615        9.8266934129275416        14.040146845041857        4.0000000000000000                1
   8.3625306412613600        6.2052467809416418        31.868049414006919        4.0000000000000000                1
   12.572178654800000        7.8270513113220215        39.097428411567655        4.0000000000000000                1
   11.608882686516340        10.925246801626495        11.612179556732379        4.0000000000000000                1
   12.368891333160660        7.5755141092886271        5.0563055341831911        4.0000000000000000                1
   12.997923642548223        9.4003230815245082        6.0059435617879586        4.0000000000000000                1
   12.848616337794860        10.433444231591945        27.838688517870210        4.0000000000000000                1
   7.4413185407954865        7.7832667066967227        29.064663898867884        4.0000000000000000                1
   11.645287965939623        12.264203160991332        22.209948092663097        4.0000000000000000                1
   7.0639162530309205        7.0414432499879061        21.792643167973917        4.0000000000000000                1
   6.2352792814267719        10.586804896643121        20.102723543979469        4.0000000000000000                1
   6.9763493711675935        11.864020845407092        9.6754313335398656        4.0000000000000000                1
