     1000000
           1
  0.10000000149011612     
   3.4863378778319221        6.6191080292152291        6.6590609388838455        1.5000000000000000                1
   6.9490390130382487        3.6662002132130356        13.331773414774926        1.5000000000000000                1
   2.8472107146560455        5.6056507701681273        18.093822416444784        1.5000000000000000                1
   4.8707769276480031        2.3603763115852372        13.288545008648738        1.5000000000000000                1
   4.9607197279759143        4.2431778390849457        22.528776670478504        1.5000000000000000                1
   6.4855950320176969        5.4161168144259992        37.185099387100628        1.5000000000000000                1
   2.8791718562007036        3.6360717533575087        24.161972269649372        1.5000000000000000                1
   2.7999724600348390        3.5405863089726153        26.798906423434754        1.5000000000000000                1
   6.6670338534296976        5.2498164729065646        16.462483371054621        1.5000000000000000                1
   2.3675565508011163        5.3613012700723628        29.872972666536583        1.5000000000000000                1
   3.7823756227444267        3.2574492187217841        12.467456432279674        1.5000000000000000                1
   5.5798595129164941        4.6242722343888927        29.956863537665512        1.5000000000000000                1
   4.6948403054868484        6.1819168832084541        32.706614877573571        1.5000000000000000                1
   5.1041639336501365        3.0238062960484364        33.526100062808801        1.5000000000000000                1
   6.1016102435344610        5.9037283959376037        7.5968429010420664        1.5000000000000000                1
   2.6865098747797158        3.4468488737962741        22.359974232705774        1.5000000000000000                1
   2.4759275097463176        4.1746542564282665        8.0983885142345287        1.5000000000000000                1
   4.4098034269960085        2.3274808359895478        23.391228844417032        1.5000000000000000                1
   3.0464687438468552        5.1567253752399518        11.154942944970772        1.5000000000000000                1
   5.0155543221048768        2.9857876623180801        16.736487502774121        1.5000000000000000                1
   3.1210644849646130        4.1940718532745569        20.494866461804044        1.5000000000000000                1
   6.6195573341104010        6.1266707719247897        18.375494269115737        1.5000000000000000                1
   6.3781479036808815        3.0521127865531699        22.193057262181767        1.5000000000000000                1
   5.1994812271854345        2.9335988667599713        29.702421530198787        1.5000000000000000                1
   6.2099853372321050        3.5699643484941883        25.802207677992854        1.5000000000000000                1
   6.7707117279280942        5.6584180988716533        14.688807162405025        1.5000000000000000                1
   5.6653628530740301        7.0004910662443942        12.324616427331000        1.5000000000000000                1
   5.6605425008444321        2.7773146011055729        8.9603308587485149        1.5000000000000000                1
   6.4744452123225420        6.0748408244479553        32.884775001529746        1.5000000000000000                1
   6.1569384655116934        4.5805445167762748        35.828009527995860        1.5000000000000000                1
   4.6151805603423943        4.6135195563354134        3.0402064254908368        1.5000000000000000                1
   3.9439118169380443        4.3402346958103815        6.4064558150170878        1.5000000000000000                1
   5.0745724443268880        5.6436005066600465        10.379985640497265        1.5000000000000000                1
   6.0519139608143186        3.3396115616681397        31.014887004351344        1.5000000000000000                1
   4.6497106142968203        4.9797233269353303        14.608145523793889        1.5000000000000000                1
   4.6806497312798179        5.8993138830369780        18.746095964587546        1.5000000000000000                1
   6.6963755566498326        4.8941441538641408        31.405708690039866        1.5000000000000000                1
   4.4441189108514561        5.5593606400763038        17.182480527504296        1.5000000000000000                1
   5.8811022284032495        3.8975753839788001        18.446457953759687        1.5000000000000000                1
   4.4841232380517422        5.6170143350513033        4.5213044081186471        1.5000000000000000                1
   3.2395738127603453        4.0842636239942838        28.992555088971635        1.5000000000000000                1
   3.5707361287156711        6.8760586942867450        25.038829985619877        1.5000000000000000                1
   4.9425554465718431        3.6866580281030732        10.422281934339154        1.5000000000000000                1
   2.6586356796190969        3.7475407934664422        5.7424214592239213        1.5000000000000000                1
   3.3986958020604545        5.7696521804803886        8.0011962318910079        1.5000000000000000                1
   6.2323450198262762        3.1598711977267500        39.762150831180165        1.5000000000000000                1
   5.2015480595747094        4.5504344203935991        31.437911535564492        1.5000000000000000                1
   3.2278695076581907        4.2762444120297234        1.7078386104782739        1.5000000000000000                1
   4.3874493771497702        3.8671415450780158        7.9003512010913619        1.5000000000000000                1
   2.5279340954689262        4.0567874887339945        14.928844307837693        1.5000000000000000                1
   5.5491644735204924        5.6063468054291912        21.943113794857531        1.5000000000000000                1
   3.8172740989062697        2.9645835518865051        25.852970914043951        1.5000000000000000                1
   6.2855946580521218        3.2006165362716050        11.391857235211031        1.5000000000000000                1
   5.9851521974237771        4.7582272234608380        9.1934068137327500        1.5000000000000000                1
   3.1849673900427939        4.1529613556734253        37.542702103964565        1.5000000000000000                1
   3.2407687435507206        5.1018088383603439        35.843157421270071        1.5000000000000000                1
   6.4546256822597883        3.6196453104460908        7.5822162727078961        1.5000000000000000                1
   5.5508084955459482        6.6692937154657468        3.4949125405300103        1.5000000000000000                1
   4.4750004523143909        2.3614649231334894        27.959806242958404        1.5000000000000000                1
   4.3587925327289199        4.7046844341027763        33.332961293134112        1.5000000000000000                1
   4.2990579745591582        5.4203943487225397        38.878730732231460        1.5000000000000000                1
   5.6509759833520601        6.8004030575942531        5.0241220633542794        1.5000000000000000                1
   5.4235497668984323        2.3931474980149243        19.118668473111377        1.5000000000000000                1
   4.7459978319830132        4.9154059195731614        27.310396735893395        1.5000000000000000                1
   3.8660676874496769        6.7041363371038676        3.1239971334113745        1.5000000000000000                1
   5.9673057309068582        6.4143710487934067        38.641196827372319        1.5000000000000000                1
   4.0653347435764244        6.0106659122747033        34.261528098474081        1.5000000000000000                1
   6.9370689955042870        4.9122730997001627       0.34077913730160225        1.5000000000000000                1
   5.3398726002054895        3.6948600049572899        15.093630708454326        1.5000000000000000                1
   3.5123141534985769        2.6873965097209713        19.299639033793898        1.5000000000000000                1
   4.0127610258274133        6.3720599337945929        28.601881541183428        1.5000000000000000                1
   3.3867757945447194        2.8914391959216235        2.4100373684277536        1.5000000000000000                1
   4.5608398671786965        2.6551875086793966        37.229184337607123        1.5000000000000000                1
   5.0513847803235148        5.9448394614285744        6.5247389253753099        1.5000000000000000                1
   4.6688218421388763        6.7019353455199644        15.813136915284002        1.5000000000000000                1
   6.6402305461739140        6.3653173586144582        9.5645436705657367        1.5000000000000000                1
   4.8739646783112605        4.3326113229013536       0.64985463953884448        1.5000000000000000                1
   3.5101135413149529        3.8003989525073969        34.507571634558118        1.5000000000000000                1
