     1000000
           1
  0.10000000149011612     
   6.2433460458107790        6.2567291429979113        5.0504261104706023        3.5000000000000000                1
   5.3396166725908758        6.6430258025534190        5.2826980003483834        3.5000000000000000                1
   6.1864128219866155        7.0253444770754117       0.64875955059383927        3.5000000000000000                1
   5.3695620104378641        6.4192023803120710        39.485732698711516        3.5000000000000000                1
   5.2746277116677707        6.2757172178550871        20.581395837914325        3.5000000000000000                1
   6.0448911762729711        7.1788753130323952        21.651111625368348        3.5000000000000000                1
   6.2491963194102693        6.2781489350272563        13.646914925660889        3.5000000000000000                1
   5.2743721978271392        6.3704006539323128        12.493657315033230        3.5000000000000000                1
   5.4763223577466116        6.4114067457938306        35.874654333334441        3.5000000000000000                1
   5.4058944293294990        6.6358923763343398        22.738025272219442        3.5000000000000000                1
   5.3162389116021469        6.3778449607506431        25.204828823672457        3.5000000000000000                1
   5.2836334953157600        6.3312085996037428        38.099560978381042        3.5000000000000000                1
   5.4549769590449477        6.2621851525681338        28.787626159098227        3.5000000000000000                1
   5.5777780260478895        6.2555788615692505        21.666141413805640        3.5000000000000000                1
   5.9847056338392637        7.1680744977953115        1.6260508821775017        3.5000000000000000                1
   6.1252294916628314        7.1506605721990839        24.013124419865708        3.5000000000000000                1
   6.2355225115595045        6.5882372230989104        20.512143681570802        3.5000000000000000                1
   5.2825476153884763        6.4261180373837918        19.215934016225059        3.5000000000000000                1
   5.2932946859156376        6.4898143849212930        4.1334835073234082        3.5000000000000000                1
   5.3378310157773576        6.2742012104517775        1.6050233212382756        3.5000000000000000                1
   6.1301708486229902        7.0806173653352991        37.059366451584104        3.5000000000000000                1
   6.2010445500722575        7.1967869127627795        27.512178136183664        3.5000000000000000                1
   6.2279623178851899        6.2681741899959400        9.0864320279112878        3.5000000000000000                1
   5.3183676723867546        6.4283617578514933       0.61417015867485025        3.5000000000000000                1
   6.2187709721906446        7.2034146886680155        17.043405119531734        3.5000000000000000                1
   6.1099646411189497        7.1716249523673259        29.909290789272401        3.5000000000000000                1
   6.1866400754848376        7.1486142742223295        15.789566462339932        3.5000000000000000                1
   6.2411823569222884        7.2317643347156100        13.312139754568532        3.5000000000000000                1
   6.2430557805404048        7.2256976926886995        22.703606571010958        3.5000000000000000                1
   5.2734998392239776        6.4399431614762017        8.8214874927404647        3.5000000000000000                1
   6.0996249314385098        7.2082760442253866        34.605792087319053        3.5000000000000000                1
   6.2312796212944823        6.9807849074489274        18.090535406996253        3.5000000000000000                1
   6.1528399334694690        7.2451693220923836        5.2255042715917277        3.5000000000000000                1
   6.0578024122187166        7.0217029252775420        31.105715653045610        3.5000000000000000                1
   5.2665370050878924        6.3042222290653296        18.178454432728344        3.5000000000000000                1
   5.3591847001828432        6.6275085735639356        14.694453976253520        3.5000000000000000                1
   6.0557213381642025        7.2045155677241208        8.7623326498741978        3.5000000000000000                1
   6.2494425273603600        6.8943199646811086        4.1836598744576881        3.5000000000000000                1
   5.6093291953445226        6.3081517130318332        27.450394863501320        3.5000000000000000                1
   5.2568847850014633        6.2527702442694846        13.516870306290109        3.5000000000000000                1
   6.1854038981630683        7.1973462428942989        32.304976587848515        3.5000000000000000                1
   6.1130689970111973        7.2079457815976351        26.216577850644338        3.5000000000000000                1
   6.2226900139570658        7.2153402349143496        14.593970888475853        3.5000000000000000                1
   6.1341652448348132        6.4019349931482710        7.6519526060205454        3.5000000000000000                1
   5.4914478024756095        6.2794707904172276        9.9700614564871142        3.5000000000000000                1
   5.2996380081697652        6.3867451137263860        29.928434860074667        3.5000000000000000                1
   5.4015666054963933        6.4669504139923184        32.347609461104845        3.5000000000000000                1
   6.1639740756595698        7.0203625572556980        28.702352599732446        3.5000000000000000                1
   5.5384901687496635        6.3708273271672464        34.522522068420621        3.5000000000000000                1
   6.2396163722562683        7.1971889003279523        33.502163877607899        3.5000000000000000                1
   5.3402789888386524        6.5128865097035131        17.075022176227936        3.5000000000000000                1
   6.1359370210539401        6.3715749233036982        3.0819854316114736        3.5000000000000000                1
   5.2753119697918738        6.3364041379947444        30.956143118334790        3.5000000000000000                1
   5.5883894732737325        6.2903184742931364        26.340064401832286        3.5000000000000000                1
   6.1328510053416654        6.9674943589363796        25.197206242397922        3.5000000000000000                1
   6.0342361060250544        7.0282102897397873        38.107059131422737        3.5000000000000000                1
   6.2056330960840764        7.1248591190336050        35.907281109985284        3.5000000000000000                1
   5.2757774641485815        6.2586716349630365        11.096960354517678        3.5000000000000000                1
   5.4272443104180983        6.4341002272473879        33.506224081835448        3.5000000000000000                1
   5.9648699679797668        7.1762022054714913        9.7644098982469210        3.5000000000000000                1
   5.3570923862218764        6.4034564790907949        37.083968057929475        3.5000000000000000                1
   6.1242250775403884        7.1880411714115313        39.555196877196074        3.5000000000000000                1
