     1000000
           1
  0.10000000149011612     
   9.2351870493182631        8.4973604411453874        23.742175078735293        2.0000000000000000                1
   3.1133174875993102        5.9216088835475436        15.002000638545223        2.0000000000000000                1
   9.3140768563056220        8.5613508650013053        15.338535909480619        2.0000000000000000                1
   7.2177675415726927        4.9983958467892240        5.0585567850306026        2.0000000000000000                1
   4.2602916473993151        7.1270446024695113        2.0167069348666877        2.0000000000000000                1
   9.7936939002803083        5.4653183375366412        15.677856756578469        2.0000000000000000                1
   3.9534487372414486        8.7971790461483224        7.2803434626029508        2.0000000000000000                1
   5.0326685015495309        5.7934344664638830        3.4412592733499130        2.0000000000000000                1
   8.8603480776302490        3.9804409202429656        6.1565347148457485        2.0000000000000000                1
   9.4045853051936685        4.6012409979474560        16.170344479608545        2.0000000000000000                1
   8.3442104730955702        3.5269137880905346        37.413805886509891        2.0000000000000000                1
   9.6188303030500588        7.0382959290788829        1.2288335325122648        2.0000000000000000                1
   3.5019039517564243        8.2285144372426515        26.136156899253020        2.0000000000000000                1
   8.1470933115103623        6.0712295184051817        10.626086863671565        2.0000000000000000                1
   8.7294029677929554        4.1923649683149353        24.804443567631917        2.0000000000000000                1
   7.5714739234457751        3.2178128412642906        8.2052687123608958        2.0000000000000000                1
   8.9145383067974500        8.9999272809211757        13.327748343911297        2.0000000000000000                1
   9.8164058173670927        7.3242601004342571        17.669153825012160        2.0000000000000000                1
   4.7189217664456429        9.4060960020988542        7.5016112843130980        2.0000000000000000                1
   9.9581902239530518        6.3342858725236084        29.686135939635857        2.0000000000000000                1
   4.0706452617270070        4.0409455693467953        15.389360323875085        2.0000000000000000                1
   6.7934050227691358        8.1591690578627372        18.523784842055733        2.0000000000000000                1
   3.2596034647295853        5.6102367941185900        20.706017766231014        2.0000000000000000                1
   5.8733321493253383        5.2007051567312628        3.3844525855401333        2.0000000000000000                1
   9.6071677213358289        7.5392186697197845        7.5227426226358149        2.0000000000000000                1
   9.7640365992890050        7.0150280027320004        34.274680566321379        2.0000000000000000                1
   5.6930633370989296        3.1885548522373814        27.183651174953475        2.0000000000000000                1
   3.9281454069294335        8.7759925378897705       0.89771583194139282        2.0000000000000000                1
   7.5077606435688624        3.1509895586295245        20.734851967181182        2.0000000000000000                1
   7.7125098825909770        7.4471978646123587        18.222820616805105        2.0000000000000000                1
   6.6677579965735356        9.9262989596778706        13.424314891308384        2.0000000000000000                1
   8.9498795673257820        8.7886413226301965        33.338563342956888        2.0000000000000000                1
   3.1258828906259093        5.5838995933190736        8.6314663178961624        2.0000000000000000                1
   9.2290190503350811        8.6151815785539920        26.278049675157419        2.0000000000000000                1
   9.8579185449572755        7.1690294718292833        32.142151967429761        2.0000000000000000                1
   7.6712614350433679        4.3220641389910890        22.658995594960682        2.0000000000000000                1
   4.4360407708131806        7.8427145501901219        34.382530041796883        2.0000000000000000                1
   6.2753815527789003        8.1368646434018110        7.7613478948604548        2.0000000000000000                1
   7.4030464815767498        9.7626702364233555        8.1298020665508712        2.0000000000000000                1
   7.6589040984907664        7.2990992808683890        6.4319675017470042        2.0000000000000000                1
   9.2937100839092270        4.4902811500808530        29.105915888385560        2.0000000000000000                1
   6.3565786971770528        4.8350229268135703        13.643915867983681        2.0000000000000000                1
   7.8542873268346911        6.4810641581669763        39.010552124602029        2.0000000000000000                1
   4.5103082396352514        3.6285047798273391        25.597546487843591        2.0000000000000000                1
   6.9192287737497704        8.1295629407955268        30.411248913175381        2.0000000000000000                1
   9.9719392722305571        6.2002733534926797        3.3075131690667359        2.0000000000000000                1
   3.3877434241031334        4.9275311823282912        14.887288819591626        2.0000000000000000                1
   7.2839306204966743        8.7812407604863232        39.637911775701710        2.0000000000000000                1
   4.7839130796014047        6.4280738212978381        7.6021964017465988        2.0000000000000000                1
   7.4450342057611856        3.1609240922694219        28.806933099053090        2.0000000000000000                1
   3.5942363847937524        8.4129937912712087        34.380331385513614        2.0000000000000000                1
   5.2461825646642080        9.7060219551002600        31.171842696678119        2.0000000000000000                1
   6.3767478024991355        9.5081477379039470        1.5969602335905246        2.0000000000000000                1
   3.0815380851083169        5.9758755321993258        10.696509782643423        2.0000000000000000                1
   9.0373316192303701        4.3767631024348450        33.340119536030819        2.0000000000000000                1
   4.4518737448899266        3.7623928842118954        4.3303913895313029        2.0000000000000000                1
   6.2037411909032505        7.5879112252663106        38.090512146730127        2.0000000000000000                1
   6.5869018853007715        5.8862123598086695        29.801546679914633        2.0000000000000000                1
   9.5628321741746483        4.9976655286575919        22.884220249496302        2.0000000000000000                1
   7.5088472374069450        7.6403383021750253        22.853220294478426        2.0000000000000000                1
   6.0818515264203237        4.1250878342071609        35.795381028818731        2.0000000000000000                1
   9.6527376001141540        5.5007768523310752        7.2255760581920541        2.0000000000000000                1
   9.1133049975390534        4.1734490964287421        27.027185434227967        2.0000000000000000                1
   4.9356668541033217        6.4143940454837614        13.833368835907816        2.0000000000000000                1
   4.0431994425725080        4.0832379070945644        23.469569523752320        2.0000000000000000                1
   3.7033583040358979        8.5985248561168142        30.126876597485698        2.0000000000000000                1
   8.1250157809725678        9.4013852892132128        21.359114725248908        2.0000000000000000                1
   7.6011956863431731        3.1831681751399294        39.519466317886369        2.0000000000000000                1
   7.9137596722029997        3.3171771011981650        14.588163160005649        2.0000000000000000                1
   9.8560767060539884        7.3890995219343996        29.896808005641621        2.0000000000000000                1
   3.8351619147212119        4.4569440072587572        25.535226586562960        2.0000000000000000                1
   8.2940967624146378        3.6857699200116416        10.531828765501725        2.0000000000000000                1
   6.6399762049869535        7.6127909327725840        12.337932906988732        2.0000000000000000                1
   3.0192990951706373        6.4094452058648956        38.109778178661109        2.0000000000000000                1
   5.1119313335334908        5.8820198096105987        34.878384077116465        2.0000000000000000                1
   5.3677081108900850        3.2113009300252151        19.873718163367222        2.0000000000000000                1
   7.2681633310660434        9.8739272106630818        33.342213706064712        2.0000000000000000                1
   5.3182089657597977        3.5245200567667525        29.186754293056794        2.0000000000000000                1
   9.5182402315645120        7.9539801884811627        19.677446319697658        2.0000000000000000                1
   8.9569112572038030        7.0606414853904456        13.828944582580073        2.0000000000000000                1
   3.0533281083742390        6.6790087387127723        20.735810000069588        2.0000000000000000                1
   5.5867920984787753        3.2415884818004912        1.8924170562053966        2.0000000000000000                1
   6.5189152923390452        3.1178006729004215        39.647506506822516        2.0000000000000000                1
   8.4097700631756087        3.6144693370536682        29.105213204073682        2.0000000000000000                1
   4.0654558638082809        4.1556468563581825        35.688778230139548        2.0000000000000000                1
   5.0800294719015735        3.3405335595927013        21.904136308394133        2.0000000000000000                1
   6.3618657687516675        3.0249413021353511        37.634677504800422        2.0000000000000000                1
   7.5262862628451952        9.8263370757664870        39.689380425802050        2.0000000000000000                1
   4.2613238815668382        6.3972278558284543        1.1061449986890182E-002   2.0000000000000000                1
   4.3473763502343372        9.1060382841526888        19.784294392015376        2.0000000000000000                1
   7.2971088914919662        5.0663256379800989        32.100224838132291        2.0000000000000000                1
   5.5119785093833329        9.7547246400643335        13.965155383329614        2.0000000000000000                1
   7.3494539054566204        3.1385158139575449        3.8657092050050914        2.0000000000000000                1
   6.2949527753596692        3.0962171467229842        3.8259334147023658        2.0000000000000000                1
   8.2279594710968667        9.4917326815409417        33.657506186712702        2.0000000000000000                1
   3.0911216941640305        7.2063511871373374        16.576571341634949        2.0000000000000000                1
   5.7727908026926640        7.9332641726748490        12.752110329397675        2.0000000000000000                1
   6.7265203224200798        3.0393676316412943        1.7548931320005250        2.0000000000000000                1
   3.0715074430680764        6.0083644009118382        35.942205297210791        2.0000000000000000                1
   6.8143629690499683        4.9718542735072031        2.7292629134984803        2.0000000000000000                1
   5.1516888948387214        3.5150617077846618        10.340166598574660        2.0000000000000000                1
   5.8511714073136893        5.9121310291950762        36.826691244470013        2.0000000000000000                1
   3.6697211687901339        8.3412053924838006        19.745548139854325        2.0000000000000000                1
   7.1979410655699372        4.2223604776746591        20.639294249097397        2.0000000000000000                1
   9.5316645290710706        4.7612191568695978        25.109195436556025        2.0000000000000000                1
   6.1031241737807962        4.8950624513748151       0.85447751632438385        2.0000000000000000                1
   4.6832434025208345        9.4500480235549578        27.888021137575937        2.0000000000000000                1
   5.6366654481518674        7.7606013129620033        36.088494070751466        2.0000000000000000                1
   8.7739019301306200        9.1288623359492433        30.839657387058455        2.0000000000000000                1
   5.3129329036345343        3.3671379532812926        37.673871625674153        2.0000000000000000                1
   5.4880518759635599        3.3654594893938117        33.552158760279980        2.0000000000000000                1
   9.9513079896667378        5.9615528941000386        19.899375927550793        2.0000000000000000                1
   9.6997332655668149        7.8017769033802660        25.911893613809173        2.0000000000000000                1
   7.7968491230495296        7.3157335539372808        26.983814089156699        2.0000000000000000                1
   6.5949369127637434        6.0111960104901421        31.874182409695198        2.0000000000000000                1
   9.9834865134035322        6.2100655769350004        17.753082854776977        2.0000000000000000                1
   4.3409509291445021        9.1882105878765614        21.819960305071085        2.0000000000000000                1
   9.9781870171223552        6.8598609389726590        21.842541319419841        2.0000000000000000                1
   7.1104913070623796        4.9990135304656746        25.796939615778662        2.0000000000000000                1
   9.1990335095225646        4.3745836319718707        20.966761284565607        2.0000000000000000                1
   8.0020762102698093        9.6225136972682019        4.9004187600319575        2.0000000000000000                1
   8.6494232323112694        3.7568581720425600        2.0553109302547785        2.0000000000000000                1
   4.9528154367615169        7.2795525620708226        14.593031529385069        2.0000000000000000                1
   9.5592118561317410        8.1684047679251695        3.0563178524480161        2.0000000000000000                1
   9.8555079885454422        5.8450482773667511        25.076168960791012        2.0000000000000000                1
   3.0915125899487679        5.9224705137298397        6.6325921705400166        2.0000000000000000                1
   8.4705902688241537        9.3680923990609646        26.221045026100843        2.0000000000000000                1
   7.9389124450151112        3.3109000959706241        6.1601944829037976        2.0000000000000000                1
   5.4721568737453259        7.7589701450419097        10.714256313049797        2.0000000000000000                1
   7.0080049146931174        4.8615758186184124        34.118440154590935        2.0000000000000000                1
   9.3950265261504935        4.6192447863092054        6.7679664847828969        2.0000000000000000                1
   6.3314551138159398        7.7888374667191727        35.336897087074519        2.0000000000000000                1
   8.0705717392732623        7.1179459054415153        28.965383393248398        2.0000000000000000                1
   8.9861626620863717        4.2867335133609830        31.110889833261350        2.0000000000000000                1
   4.1088013079199870        3.9446237188571036        10.438449458333947        2.0000000000000000                1
   4.5817595468371710        9.4189085635589738        13.755846362153481        2.0000000000000000                1
   4.5419927603012127        9.3014403936462564        30.268425548355697        2.0000000000000000                1
   3.6250838467493969        7.9034033792197151        24.107303090381777        2.0000000000000000                1
   3.6114136963231847        8.4581717007820920        21.846468709453124        2.0000000000000000                1
   7.7111122365198366        7.7539032395300467        12.216777917789708        2.0000000000000000                1
   9.7070102280747150        5.1453869589154495        27.126855252212916        2.0000000000000000                1
   6.0240246671472093        3.0574919861128236        24.384293088343629        2.0000000000000000                1
   6.5184129874119279        7.2615410443542565        2.4698593585963056        2.0000000000000000                1
   9.6831645677655587        5.0884875486008374        33.711662561065545        2.0000000000000000                1
   9.9799199047394787        6.4985724496436523        15.573605120655744        2.0000000000000000                1
   6.6466796918602729        3.0264923204205791        12.504955927980587        2.0000000000000000                1
   3.0117093239793080        6.2953013564203957        25.425892851377576        2.0000000000000000                1
   3.4450676568264682        7.7840919956707371        9.1689140770901183        2.0000000000000000                1
   4.8920264677646790        9.6012987738012914        35.333839543141359        2.0000000000000000                1
   9.7606321563359195        7.6139988739412772        15.584347521321797        2.0000000000000000                1
   7.7995179105179000        6.5300303733277589        8.6828801583588895        2.0000000000000000                1
   3.0959150320628281        6.9433660272373166        11.015011252259821        2.0000000000000000                1
   7.6250267429334988        7.5886870787197118        20.405065775458905        2.0000000000000000                1
   6.0858918908881625        9.9364347754189968        25.366514799816109        2.0000000000000000                1
   7.9246620395050629        7.6357070921313470        8.9753109070281525        2.0000000000000000                1
   5.7937131322971318        7.7708055730242664        18.820171767443661        2.0000000000000000                1
   3.2614183378250861        5.4384779995133457        38.262454170755589        2.0000000000000000                1
   8.9201844922713072        6.7134818506896101        38.971893414897920        2.0000000000000000                1
   5.4251623119385304        5.5448404034836392        7.5489984851021887        2.0000000000000000                1
   7.8184899203741800        6.8513060703119946        16.247885694786280        2.0000000000000000                1
   5.1762899857390687        9.6307612507987361        33.243466236019053        2.0000000000000000                1
   9.8296454145728536        7.2883635917667320        9.5686784766076816        2.0000000000000000                1
   4.6761949639041696        9.3833618135583237        9.6178076256684513        2.0000000000000000                1
   9.4767985649312951        8.3397960651671248        5.4067997469417435        2.0000000000000000                1
   5.8575827161055303        5.8411875970333211        15.727876289043259        2.0000000000000000                1
   4.9834568537901367        7.1586255537252459        18.789518890502769        2.0000000000000000                1
   4.6416249379900041        6.3046870651873830        5.3881959031325355        2.0000000000000000                1
   5.1355387896887184        5.9375378701333910        33.878345892077888        2.0000000000000000                1
   4.9224744179810935        3.4171670208459033        15.155076339796972        2.0000000000000000                1
