     1000000
           1
  0.10000000149011612     
   5.8710349001299535        3.8189761530950643        3.6986143634236064        2.5000000000000000                1
   7.3492533498726234        6.8954788151126731        2.9145931047814422        2.5000000000000000                1
   6.0173542751800273        3.8016034763542166        23.754862392751434        2.5000000000000000                1
   3.9123353279755988        5.3790327214198808        39.729682119207858        2.5000000000000000                1
   5.1452686498768205        8.4853113973911238        24.483361987225109        2.5000000000000000                1
   5.6314696918025016        3.8499561813852772        7.4605669141291138        2.5000000000000000                1
   8.0371767416377402        4.6083597870797526        5.0435869157695521        2.5000000000000000                1
   3.7768834610955033        6.5878859551758886        3.6470596665512485        2.5000000000000000                1
   3.8476471394311327        5.5662332928120417        36.983820841752163        2.5000000000000000                1
   8.7059535494564617        6.5050553005441731        17.277110742970301        2.5000000000000000                1
   6.5924094622197860        8.6880248471019339        25.560303304682773        2.5000000000000000                1
   6.2497930457712867        6.2588390155208833        29.357360851460520        2.5000000000000000                1
   7.5563825797975888        4.1453763524629945        18.357412120210377        2.5000000000000000                1
   4.1561570351324422        7.5473026356916773        37.580941395660872        2.5000000000000000                1
   4.2303245098872173        4.7874509658694500        6.9242286982024579        2.5000000000000000                1
   6.3067267171058159        6.1280311298821548        13.145127170490774        2.5000000000000000                1
   8.1021170261065922        4.5761910445174800        7.7437207443901999        2.5000000000000000                1
   7.3096049069474160        4.0048572098396678        8.0015424925006613        2.5000000000000000                1
   7.3219510251010478        8.4659115525941342        20.445985494588005        2.5000000000000000                1
   3.8379858029191634        5.6008855233734920        34.363889375078742        2.5000000000000000                1
   7.1008111393356730        8.5910351584166111        2.1045804551396641        2.5000000000000000                1
   8.3968327849872093        5.0565019361268808        25.651373266406292        2.5000000000000000                1
   3.9096344786329298        7.1199651862462536        13.748446526353703        2.5000000000000000                1
   8.6724300372539496        5.6456694246946117        10.305744815168190        2.5000000000000000                1
   8.7010474230225459        6.1459964335475927        5.5203095670477822        2.5000000000000000                1
   5.5948855960121966        8.6479933688144719        9.6853065500636575        2.5000000000000000                1
   5.2194956831831165        8.5275243248035988        27.059251548758564        2.5000000000000000                1
   3.7939040259292862        6.1662390979229800        5.3507440676264491        2.5000000000000000                1
   5.3272154936155731        3.9318425809327882        21.255238590950750        2.5000000000000000                1
   8.5890267962736058        5.3838034135165005        24.632585506561540        2.5000000000000000                1
   4.0073992869676198        5.2030064132667908        5.1650542373862427        2.5000000000000000                1
   3.9006680955074442        5.4075316393831834        14.414429706638252        2.5000000000000000                1
   5.2323459428710102        3.9702204080169161        13.864130795935207        2.5000000000000000                1
   6.2569890409743802        6.2520905353674854        11.122368787908512        2.5000000000000000                1
   8.3064476453835354        4.8665071914386306        6.7517948813159574        2.5000000000000000                1
   8.0934425606566993        4.5658069967695178        33.152532941318547        2.5000000000000000                1
   8.4202095385845848        5.0120562737177980        19.942215954821890        2.5000000000000000                1
   3.7965893121610588        6.5060662943508323        39.939606438144864        2.5000000000000000                1
   6.2561214487844907        6.2521003420876244        4.2696321606937460        2.5000000000000000                1
   6.2439687647614877        6.2650041009836031        35.626386012393453        2.5000000000000000                1
   6.5301255089869334        3.7733777105230262        4.4810974939209114        2.5000000000000000                1
   8.5018791604555606        7.2997911470568466        26.978105092067427        2.5000000000000000                1
   5.4491713709339802        8.6083411021772953        39.814184018333279        2.5000000000000000                1
   7.9271271686502276        8.0941388336365545        35.916370959044940        2.5000000000000000                1
   5.0065151133027594        4.0881405733354086        12.174853763583981        2.5000000000000000                1
   6.2683381016690412        6.2338450545070394        20.924995724826722        2.5000000000000000                1
   6.2689744163105336        3.7573007784999612        33.582705834282734        2.5000000000000000                1
   8.4085941737533094        7.3957007456908856        32.414703741119517        2.5000000000000000                1
   6.2453700156719050        6.2707117258663079        7.0487053085135045        2.5000000000000000                1
   5.7300221268289091        4.7994568169578047        15.334866208097022        2.5000000000000000                1
   5.7548000068305214        8.5084526033267274       0.76744138549814378        2.5000000000000000                1
   8.3273082450747165        7.5800490006568353        28.754795624202416        2.5000000000000000                1
   4.3296619496975870        4.6548044709672523        25.789926249476910        2.5000000000000000                1
   8.5113084041492364        7.2733109795028819        36.147463719773263        2.5000000000000000                1
   8.2587862443051741        7.7064879807918931        18.826125626986450        2.5000000000000000                1
   4.0299661678500804        7.3947625768486924        9.3039864895400246        2.5000000000000000                1
   5.5431115640308635        3.8699316572563185        18.568104935592995        2.5000000000000000                1
   3.8805976540613787        7.0316439887285416        8.3725469828512509        2.5000000000000000                1
   7.3946090781650842        8.4371936973701160        18.730432033590333        2.5000000000000000                1
   3.9927831502143665        5.1932298410687450        24.945692226292365        2.5000000000000000                1
   8.5430883591561262        6.9520905016541557        9.0011552525768419        2.5000000000000000                1
   8.5879863284086220        5.3763636441164184        21.661878541783960        2.5000000000000000                1
   8.6745814326105659        6.8305815899482898        3.6077933227183192        2.5000000000000000                1
   6.2515917565094243        6.2389039394563621        15.227714320848243        2.5000000000000000                1
   3.8294905012491265        6.6171040581781790        17.264745394438982        2.5000000000000000                1
   7.4961997513254772        8.4110519969221649        23.043089478443335        2.5000000000000000                1
   5.1415580851496614        4.0110443562056934        2.9570580883856370        2.5000000000000000                1
   8.5466972388175861        7.2343955156513724        8.0169450414585235        2.5000000000000000                1
   6.2440931548198426        6.2752336255426497        6.0470503467992058        2.5000000000000000                1
   5.0560246529957711        4.0546030371702306       0.21747516921660404        2.5000000000000000                1
   7.2784550240880481        8.5192437384799256        5.6588540328110648        2.5000000000000000                1
   6.3154716415816576        3.8014693067354597        21.148234327601095        2.5000000000000000                1
   6.3190510273534217        3.7572691050961078        39.074421756624815        2.5000000000000000                1
   7.5070969015439921        4.1199766515080363        22.755291360167831        2.5000000000000000                1
   5.9435828404059574        8.7275044951261336        4.4595848957238191        2.5000000000000000                1
   6.5136913528138107        8.5964165768961713        14.216548969891404        2.5000000000000000                1
   6.9194182119042056        3.8631245739679954        37.081726687963389        2.5000000000000000                1
   4.5161354405695802        8.0319807187250891        13.901628823763916        2.5000000000000000                1
   7.5253793575556891        4.1235988155442129        35.147078150257968        2.5000000000000000                1
   6.7924423330146739        3.8183923025172724       0.72812366363566505        2.5000000000000000                1
   6.3474993778859510        8.7290961328534440        11.559529988857145        2.5000000000000000                1
   3.7903742745300057        6.5293139366482063        37.271924203304842        2.5000000000000000                1
   8.4827911343451703        7.3577688156649801        38.845033699374632        2.5000000000000000                1
   8.3333762863315020        4.8837132878543477        16.588853853909519        2.5000000000000000                1
   3.8269342280035885        5.7364718017744947        12.648660300167357        2.5000000000000000                1
   4.8600526053711963        4.1739050256107006        29.258984148228826        2.5000000000000000                1
   4.4213308398446047        7.9465467009906323        11.259224757928328        2.5000000000000000                1
   4.3104273025856621        4.8278685935617363        15.178626319695477        2.5000000000000000                1
   4.2701199141591797        7.7734253762726047        32.166510269045325        2.5000000000000000                1
   5.6123302911551454        8.6535641261367555        27.989906532550691        2.5000000000000000                1
   6.0268280761507818        8.6071706860019006        21.986649984383074        2.5000000000000000                1
   5.8908096080160020        7.2285695164937733        31.974933746661840        2.5000000000000000                1
   5.9971756538843790        8.7368631867720055        17.705297380812226        2.5000000000000000                1
   4.4009192341289003        4.5775814321186221        21.309775115025708        2.5000000000000000                1
   8.1235743875267286        4.7790836067250186        20.901713211252478        2.5000000000000000                1
   3.7607378391544888        6.3822113002190157        29.671052508221475        2.5000000000000000                1
   4.8656109784549502        8.3203468773394800        26.122046012217744        2.5000000000000000                1
   3.9230030186760598        5.3695639030064042        8.9039786734022126        2.5000000000000000                1
   4.8633253807862138        4.2008327575723463        3.9245953622458201        2.5000000000000000                1
   3.7889691257887681        5.8302847411771648        4.3841368947154917        2.5000000000000000                1
   5.9239725826745673        8.7190705736899137        26.321881329585565        2.5000000000000000                1
   4.1930325317893100        4.9328113133006841        35.079730426972858        2.5000000000000000                1
   8.7345120856336624        6.1575985973285032        2.1815950514875029E-002   2.5000000000000000                1
   4.8169290562715359        4.2575798634580160        20.429418058370175        2.5000000000000000                1
   4.5436286122293268        4.4385696242582462        16.865094027405402        2.5000000000000000                1
   7.7767884434981900        4.2801608138073828        3.3707023440357946        2.5000000000000000                1
   5.9076524152981760        3.7936987812293013        22.062505751141135        2.5000000000000000                1
   5.7208603291363849        4.2301365780369933        24.642949873558560        2.5000000000000000                1
   6.9487737290677165        8.6360775370180534        10.728687592796256        2.5000000000000000                1
   8.7350986660677989        6.3279455917583780        15.600653309585947        2.5000000000000000                1
   8.2691490650688504        7.7189509823057829        14.502627682719275        2.5000000000000000                1
   4.0213915958586304        7.3688251862700209        3.0437477374667048        2.5000000000000000                1
   6.0050950111242933        3.7668536148466698        17.680647934815713        2.5000000000000000                1
   8.7241814052403210        6.3542159919833070        29.958319748875507        2.5000000000000000                1
   3.9278217954800811        5.3277466301126291        11.504742470783166        2.5000000000000000                1
   8.6562581216485466        5.6263038052353318        23.416435012786813        2.5000000000000000                1
   7.2865813309632488        8.5236696134972885        30.187117459318724        2.5000000000000000                1
   6.7580865199429541        3.8114711816186895        20.241919143934950        2.5000000000000000                1
   7.5567411062747452        4.1351711449936266        37.827880221379232        2.5000000000000000                1
   7.8992853936090555        8.1227672783647016        10.877335845725657        2.5000000000000000                1
   8.7250124274598395        6.0700509389200192        18.180328916705303        2.5000000000000000                1
   6.2208948007378098        3.7956661473525757        36.325672941716249        2.5000000000000000                1
   8.4100719388368042        5.0033223390908939        22.576018172565053        2.5000000000000000                1
   8.2460264919248036        4.7466170462176933        14.864238072966009        2.5000000000000000                1
   7.9693532282466473        4.4410851196608503        17.423530359357009        2.5000000000000000                1
   5.7744579972725676        7.3148509905893775        34.705901130163802        2.5000000000000000                1
   6.1521465578564731        3.7821227546639542        5.4611981983383036        2.5000000000000000                1
   5.1711981091677801        4.0210960135594291        19.489234408456991        2.5000000000000000                1
   3.7833704106681991        6.4902487646515370        14.534820562375254        2.5000000000000000                1
   7.2907481988306868        8.4889409372505593        36.633294626491242        2.5000000000000000                1
   6.2912455834865106        6.1926874794285540        24.507756634795040        2.5000000000000000                1
   3.9537199911179646        6.9726548555044401        35.554544883592854        2.5000000000000000                1
   4.1034923905664797        7.4919399915103124        19.118060813969592        2.5000000000000000                1
   7.2537850189801771        8.1990229434534463        3.0307706410707511        2.5000000000000000                1
   6.9851756261472078        8.6346610601197362        26.491823990016432        2.5000000000000000                1
   6.2545187131378652        6.2582771642542570        10.093792390835414        2.5000000000000000                1
   7.5545200987279877        8.3722217809864823        25.703591636468214        2.5000000000000000                1
   5.7663104445261029        6.0533602061631546        5.1898330867288553        2.5000000000000000                1
   6.7096531246639675        3.7958635930962461        9.9595760395707966        2.5000000000000000                1
   4.1281845066702560        5.0199564244250263        10.562984025107466        2.5000000000000000                1
   8.7172652967535686        6.3095181977114123        11.104535881293094        2.5000000000000000                1
   6.3494361765226985        3.7654569200599974        8.2358385571213013        2.5000000000000000                1
   4.7028992929352036        8.1731503714988474        9.4799736963088161        2.5000000000000000                1
   5.0325305549862565        4.1076358740569914        23.917948952476277        2.5000000000000000                1
   4.0547070343314564        7.4311872339870746        6.6275302943279932        2.5000000000000000                1
   7.2656850980788015        3.9813075875002686        25.300831772424786        2.5000000000000000                1
   8.5115332239947481        7.3133281815809488        24.211184784381192        2.5000000000000000                1
   4.8533487892401546        8.3210520789734872        37.792339726707766        2.5000000000000000                1
   4.3945622532317756        4.5889747243617913        5.9527791169614588        2.5000000000000000                1
   4.4153930500471610        7.9374880034449644        26.936138354544095        2.5000000000000000                1
   8.3123257458559845        7.5963855790713382        25.953076749007948        2.5000000000000000                1
   7.7934080853811336        6.0442186875288462        23.949345665845730        2.5000000000000000                1
   6.0251733343762579        3.7710296956266127        9.2271578997308534        2.5000000000000000                1
   3.9238213531621620        5.3487182791505887        29.619269094369585        2.5000000000000000                1
   3.9597777382780404        7.2499771011039851        16.455771773595941        2.5000000000000000                1
   5.6173663118594579        8.6548500198212182        3.5018987774175576        2.5000000000000000                1
   4.0322511438198090        5.1216792415036059        13.414755093107498        2.5000000000000000                1
   7.8681739508056960        8.1425976650961935        7.6229346275727936        2.5000000000000000                1
   6.4801845469249413        3.7903653508749064        29.901754549749128        2.5000000000000000                1
   8.3338831295875480        7.4669770637971054        7.0353912741276927        2.5000000000000000                1
   6.5381224993968363        8.7226438651602614        37.252877816326915        2.5000000000000000                1
   5.4458497999690367        3.9144190576382147        4.6884719009521412        2.5000000000000000                1
   7.0705358030793688        7.2151577575748531        37.304780567594207        2.5000000000000000                1
   7.8976978394681021        4.3852409917607282        11.474637672638439        2.5000000000000000                1
   7.2944360455365231        8.4902792861252578        27.469169885432141        2.5000000000000000                1
   8.2405035124403057        4.7615943850398930        1.2965421006380438        2.5000000000000000                1
   3.9181874285200431        5.3496045178024403        23.205396247628940        2.5000000000000000                1
   6.2444179440743843        6.2480783314949928        31.914023170431925        2.5000000000000000                1
   4.6361383282318442        4.3578191422155772        38.492515909868089        2.5000000000000000                1
   8.4672748482697120        5.1302571503384069        3.0370532542349000        2.5000000000000000                1
   7.3272244075651880        8.4878827648574813        11.687025253494213        2.5000000000000000                1
   8.0649460001810258        7.9297512869369298        8.5822332094428990        2.5000000000000000                1
   4.8204401007961701        4.2183755289292790        22.147540082370817        2.5000000000000000                1
   4.5697179632271343        8.0618973351759475        25.197956806420468        2.5000000000000000                1
   8.5566152678638936        5.4014274024250888        17.417094208346789        2.5000000000000000                1
   6.8948455410491256        8.6629773620801842        31.967246243092031        2.5000000000000000                1
   6.2373711355518875        6.2664117433533866       0.65768379173283598        2.5000000000000000                1
   8.1772539782405591        7.8371658878679016        11.817188804495498        2.5000000000000000                1
   4.0581353810105609        5.0620216653596630        1.4098463200469049        2.5000000000000000                1
   6.1035184550832895        3.7892443817895574        25.456391768395946        2.5000000000000000                1
   6.6200935968871031        8.7199746627283421        16.869805179486406        2.5000000000000000                1
   6.6271884274030928        3.7963665418511514        24.549678052466945        2.5000000000000000                1
   8.6639278130368389        5.8247489315088057        6.4983531536967796        2.5000000000000000                1
   6.0535000814920092        5.0638957486664822        33.275504531822207        2.5000000000000000                1
   6.4909771360138588        3.7653003228258304        27.159085137614806        2.5000000000000000                1
   5.4160425042810365        8.6037938373802394        33.323501123227324        2.5000000000000000                1
   6.2579283411840496        6.2354932470716946        36.978277434693538        2.5000000000000000                1
   6.1453057153445751        8.7438340589338424        39.093642977803533        2.5000000000000000                1
   6.1875530302840458        8.6916662070094155        36.290293496901100        2.5000000000000000                1
   6.6538223919985180        8.7023882981266016        3.7399396870415891        2.5000000000000000                1
   6.2583763511968264        6.2601891235318030        38.152861253684740        2.5000000000000000                1
   8.0403523980785838        4.5064951563607876        2.3338101465326089        2.5000000000000000                1
   8.7262204327994475        6.1644290924711864        2.7302598230556461        2.5000000000000000                1
   3.7881057236715878        6.2593798013423063        2.6868281985467544        2.5000000000000000                1
   6.2406956122029662        6.2403520548321305        16.256016968324399        2.5000000000000000                1
   7.8262114059952159        8.1903162186014455        19.624842198801982        2.5000000000000000                1
   6.7550021551815966        8.6983254098136520        34.682593081540567        2.5000000000000000                1
   7.2433347684667693        5.8139523571742346        37.958793751651562        2.5000000000000000                1
   6.4501461859980234        8.7338347554471305        33.698913905665265        2.5000000000000000                1
   3.8946032783691491        5.4609052977261392        21.451240070197755        2.5000000000000000                1
   5.5941262482394798        8.5203486966540485        6.1539446292586852        2.5000000000000000                1
   5.9505262983835321        7.4956409028963682        22.325031169187159        2.5000000000000000                1
   5.9245283717190009        3.7762881398589303        34.627045030336220        2.5000000000000000                1
   7.9417565227348375        8.0469723161511766        5.0683079348900000        2.5000000000000000                1
   5.8486148778295499        8.7166343148436560        14.979614543057126        2.5000000000000000                1
   5.2471865898533157        5.2235806899667372        10.108323850688569        2.5000000000000000                1
   4.1848513916911605        7.6476135276317914        10.310881816972840        2.5000000000000000                1
   7.1986774940500986        3.9399875040583896        5.2525376744812808        2.5000000000000000                1
   4.1178361069934901        4.9652227852996926        22.294390911169994        2.5000000000000000                1
   3.7667308617727580        6.3542338045834255        27.789916751576900        2.5000000000000000                1
   3.7965567712494788        5.9147724621728299        22.363173355674185        2.5000000000000000                1
   5.0069062519166518        8.4155161931760070        1.4457408227184441        2.5000000000000000                1
   7.1746795620477952        8.5713453514966353        8.5216803814858579        2.5000000000000000                1
   4.2378140556400989        7.7313121993714153        28.642283912495397        2.5000000000000000                1
   5.2643523417042681        8.5371794152974765        5.1770815821932388        2.5000000000000000                1
   8.3312260886335796        4.9161160257923724        18.285241435443993        2.5000000000000000                1
   8.7437976075830868        6.3200905851061009        27.162964861911522        2.5000000000000000                1
   8.2995920112381594        7.6645549983892689        9.7046247820057747        2.5000000000000000                1
   7.0396406328768864        3.8788104894577340        8.9785480267544369        2.5000000000000000                1
   4.6018292628930597        8.1241475274129602        20.967711831100242        2.5000000000000000                1
   6.2385552743716683        6.2734077521252578        12.154042485937502        2.5000000000000000                1
   4.6761321797218125        4.3227341274964299        35.774856788299772        2.5000000000000000                1
   4.4859861652422932        4.4790799876889995        11.336204467614358        2.5000000000000000                1
   4.4142712830930453        4.5557344136470439        36.721946427725925        2.5000000000000000                1
   4.0954722177039757        5.0558212600295063        20.466595200059889        2.5000000000000000                1
   8.5259646651915304        7.1321461535927053        2.4992230369001529        2.5000000000000000                1
   8.6556537867443843        5.5735756902275222        38.349451092528156        2.5000000000000000                1
   3.7869831628085011        6.0414971988792328        20.572108607201390        2.5000000000000000                1
   4.9614661740990211        6.1003795331746042        5.8151511206831419        2.5000000000000000                1
   6.2816876987986818        6.2674171143247701        18.760038259826040        2.5000000000000000                1
   4.3247304912863997        4.6643835599893810        31.454958297684559        2.5000000000000000                1
   4.7458246729558224        8.2040454043822351        31.338657994580469        2.5000000000000000                1
   4.6685811262444155        8.1815408336917965        34.039150839724734        2.5000000000000000                1
   3.9038687812096269        5.4710809129134184        17.057859294907949        2.5000000000000000                1
   8.3662816878271382        4.9362465047948989        12.172806894830924        2.5000000000000000                1
   5.2031060683534980        4.0103559284133041        5.6855984968941851        2.5000000000000000                1
   3.8898393327504666        7.0650482105462293        18.181174087184083        2.5000000000000000                1
   6.1181795613375014        8.7290910923307781        13.286640799190481        2.5000000000000000                1
   8.3034623247792645        7.6629048208155295        31.455295908712916        2.5000000000000000                1
   4.1050283098893923        7.5035327240749066        14.726348856061515        2.5000000000000000                1
   8.4909983794519377        5.1450154128134065        13.945520220203562        2.5000000000000000                1
   8.6776165640823439        6.7955318814730532        14.652364677789802        2.5000000000000000                1
   5.2446773527202613        3.9676824587978698        36.539075493560041        2.5000000000000000                1
   8.5165900902938407        7.3001843035576490        19.716383517754693        2.5000000000000000                1
   4.5798291521012136        4.5673446795025248        23.097526974849139        2.5000000000000000                1
   8.6904978511107469        6.2860388343677922        36.387135288041932        2.5000000000000000                1
   8.6917424930607510        6.7864989331496508       0.79940108110322072        2.5000000000000000                1
   8.1589003465101051        7.8264221213695935        20.498135928627271        2.5000000000000000                1
   8.5865070120523690        5.4107022347498042        2.0709769513536562        2.5000000000000000                1
   6.5842085755091349        3.7763712450785571        38.044967350098510        2.5000000000000000                1
   8.3844480358162947        7.5065618364795466        17.186161884762633        2.5000000000000000                1
   8.5272755795267496        5.2439200372032078        36.622220439693315        2.5000000000000000                1
   7.6163825384741299        8.3420042633740756        28.430576131137972        2.5000000000000000                1
   4.5080061636665603        4.4828174655259359        27.620213160324720        2.5000000000000000                1
   3.9951477065111347        5.2217011998781180        18.736801462942964        2.5000000000000000                1
   6.4024804648167537        3.7560342277664263        1.6676957085685653        2.5000000000000000                1
   5.0681674007165816        8.4434986641722425        32.309326142851702        2.5000000000000000                1
   3.9554557345794188        7.2120032834564558        25.100551492979193        2.5000000000000000                1
   3.7979626645095892        6.6491466717915619        25.950514940830683        2.5000000000000000                1
   6.1602630528145141        3.7778233073389504        2.7175242574801635        2.5000000000000000                1
   5.3546580501781342        7.1859890974748666       0.89187538196452132        2.5000000000000000                1
   4.3913556250513057        7.9147301874827214        8.5085832259395850        2.5000000000000000                1
   4.3636214385387024        7.8851419133265219        38.567684751891989        2.5000000000000000                1
   5.1640194219828608        8.4880548005854717        38.758229617955820        2.5000000000000000                1
   4.7607904282577769        4.2494792573257776        10.391367629893942        2.5000000000000000                1
   3.7555743804003048        6.4082217346037300        11.874326218152255        2.5000000000000000                1
   6.9178597126610892        3.8421553548692713        14.162133800764842        2.5000000000000000                1
   7.1480251467402738        3.9400101913542032        23.699783839688386        2.5000000000000000                1
   5.9218575359506822        8.7281858112497126        35.273820051703922        2.5000000000000000                1
   4.8591820941082755        4.1797805021648218        32.200208181217818        2.5000000000000000                1
   5.1259106779427333        4.0560354297188601        25.690134076444352        2.5000000000000000                1
   3.8777918193911187        7.0292348910532292        32.722784850692996        2.5000000000000000                1
   7.8497880824931201        4.3327117458178721        14.033262066335043        2.5000000000000000                1
   6.2334130738943205        6.2612443175421175        30.373881939742844        2.5000000000000000                1
   3.9732886511184544        5.2718360241999349        2.3992193783987652        2.5000000000000000                1
   8.7063839229310158        6.0921864499147533        30.924438175358507        2.5000000000000000                1
   8.1439432966986676        4.6334737952227520        10.491285610176270        2.5000000000000000                1
   7.0066671865341430        8.6271188670873808        17.821766217813646        2.5000000000000000                1
   8.1669373089498762        4.6748545784181994        35.876253234279368        2.5000000000000000                1
   8.7419147577409966        6.3466469697350005        24.375752360859185        2.5000000000000000                1
   6.8884357174208120        3.8406736547062210        31.670207975716597        2.5000000000000000                1
   7.1566996101528897        8.5054851882397493        13.440536413324757        2.5000000000000000                1
   5.3841561925631822        3.9092474970019113        11.246312020407808        2.5000000000000000                1
   8.4372623059572422        5.0408274875151013        28.452942305644385        2.5000000000000000                1
   8.3320436377995311        4.8728337351163846        4.0073884762361720        2.5000000000000000                1
   6.2399845994456458        6.2504569062126052        28.339684029724530        2.5000000000000000                1
   8.0298616803824086        8.0041819780688890        39.646185718088489        2.5000000000000000                1
   5.9711572177561436        8.7235906177702045        28.975866611884445        2.5000000000000000                1
   4.0014804207659971        7.3318915992346847        36.585953552108258        2.5000000000000000                1
   8.0789109455473156        7.9492777248413589        30.462431763740817        2.5000000000000000                1
   3.8180075411690981        6.8198668734647443        38.252168331501210        2.5000000000000000                1
   7.7123756699942971        8.2673696730104904        12.596287247987052        2.5000000000000000                1
   6.9412179539507699        8.6428136897480794        4.6995903347892511        2.5000000000000000                1
   3.9261368189583625        5.3320531006058349        27.709223222203018        2.5000000000000000                1
   8.5997634392241711        5.4633952221650004        4.7751539425397871        2.5000000000000000                1
   6.9439016468127859        8.6513396677610839        38.418262352255894        2.5000000000000000                1
   4.3044991200794778        7.6484466884301732        12.989956739473014        2.5000000000000000                1
   4.4508914784730074        7.9832028504581949        2.2271301440177056        2.5000000000000000                1
   7.7624947239294393        8.2059258510991420        1.3732906097276418        2.5000000000000000                1
   6.9577022915681663        3.8567051078413068        6.2254605207112030        2.5000000000000000                1
   8.5738562737521704        7.1682623478363077        39.858063686883938        2.5000000000000000                1
   8.4073375910630030        7.4754644952041582        4.3748939822030231        2.5000000000000000                1
   8.6027003353140401        6.9929599800124596        22.417667825354155        2.5000000000000000                1
   4.3210674342047177        4.6653316571743533        3.1663242484774821        2.5000000000000000                1
   6.8677281874732810        8.6327709376451107        23.824118837495000        2.5000000000000000                1
   7.6123232184834979        8.3391380913165651        9.4269249449369621        2.5000000000000000                1
   5.4089481678369831        3.9038105039784017        16.662490533909391        2.5000000000000000                1
   4.6651830066730779        4.3202359269323898        13.100374727310331        2.5000000000000000                1
   8.7142035508521243        5.8347085631201789        34.670631102942529        2.5000000000000000                1
   7.1945395930379865        3.9455164682869333        19.284711317267032        2.5000000000000000                1
   8.6931568806866828        5.7255272776079824        31.927625887265084        2.5000000000000000                1
   5.5583555324319303        3.8483934109883609        32.850943879553533        2.5000000000000000                1
   8.2447978030724336        7.7555002844782717        3.4195765445969011        2.5000000000000000                1
   4.1435987930843261        4.9060854508346088        4.1219458629540826        2.5000000000000000                1
   8.7215472727256298        6.4240017414048909        32.653675577066082        2.5000000000000000                1
   8.7483861127506977        6.1610132397607371        8.2825231947873927        2.5000000000000000                1
   7.2707939231556002        3.9829925242710846        38.811389554894838        2.5000000000000000                1
   6.0579956485538045        7.2130093970295324        8.5912257797029365        2.5000000000000000                1
   6.8708349968437057        8.6671644770266596        15.189037774955535        2.5000000000000000                1
   8.6312516423884915        7.0037393874762603        37.146210179598931        2.5000000000000000                1
   8.2110741585421660        7.7953498549752762        34.160603036382945        2.5000000000000000                1
   4.3457549938123039        7.5067311345090779        17.346486673641394        2.5000000000000000                1
   3.7741949248698172        6.1355981289369232        13.585945887047654        2.5000000000000000                1
   8.5813997511998164        7.1517067120647564        33.397946626325293        2.5000000000000000                1
   4.1789904318886224        7.6362135940872351        1.2390491891243771        2.5000000000000000                1
   8.1836362711447492        4.6711759013022505        26.570262693223988        2.5000000000000000                1
   8.6884981321272701        6.5318149611978944        12.891290509850366        2.5000000000000000                1
   4.9719705471548350        4.1376051922125203        37.534159557153266        2.5000000000000000                1
   6.2457519206621033        6.7221895134839471        25.429437663173683        2.5000000000000000                1
   3.8199962780580101        5.8003512843769087        24.129551332926173        2.5000000000000000                1
   3.7552503170548692        6.4002767058473982        9.1691841380292516        2.5000000000000000                1
   8.7452548708861642        6.3294338111442325        38.998546523218309        2.5000000000000000                1
   7.2007225231564282        8.5578943174610984        39.414618461646391        2.5000000000000000                1
   8.7394109243026072        6.1678017656672477        13.839951863724036        2.5000000000000000                1
   8.5791858926279509        5.6794426867706118        20.693953730080086        2.5000000000000000                1
   8.6913546894609492        5.9909573162985739        22.458182698618049        2.5000000000000000                1
   3.7956859677430934        5.8090593964131019        37.996293448584055        2.5000000000000000                1
   4.8342351999021203        4.1986887848013250        26.692929124648536        2.5000000000000000                1
   5.2789743213660696        4.1799205135430517        28.338454358018357        2.5000000000000000                1
   4.6067768665814901        4.3789390641263957        18.609929337258560        2.5000000000000000                1
   5.2615144366356414        6.9351443190142623        18.659849537709356        2.5000000000000000                1
   4.3269527381914195        4.7209102120290645        9.6045564360270355        2.5000000000000000                1
   7.4110733566266402        4.0616283476659829        21.044817733348150        2.5000000000000000                1
   8.2739633683289995        4.8031249094528228        32.154922152379307        2.5000000000000000                1
   5.5590994052049885        8.6193445884518578        16.707139324583892        2.5000000000000000                1
   8.1017286038241885        4.5992217056496330        23.472240626142870        2.5000000000000000                1
   7.7415339640805589        4.2537408655581874        20.107166515013780        2.5000000000000000                1
   4.0866146523800992        5.0249598771429653        16.148735616336197        2.5000000000000000                1
   8.7377462159052701        6.4778688257479100        7.2523893503449708        2.5000000000000000                1
   8.4791231187245657        7.3573690478887324        15.469308771096355        2.5000000000000000                1
   3.9875815696616024        6.8302264709061697        19.911896572226556        2.5000000000000000                1
   8.7253836304680981        5.9851416680631369        28.105191136219663        2.5000000000000000                1
   4.6738362024924589        8.1696043370749845        16.544222306720052        2.5000000000000000                1
   8.6171216166055142        5.5319086665040409        13.006780784579668        2.5000000000000000                1
   8.7155004884806893        5.8515883877292199        16.510966501745703        2.5000000000000000                1
   7.3674058167476906        4.0310978903954053        1.5548259030406719        2.5000000000000000                1
   6.7086855887585468        8.6983087803657124        6.5177343657121476        2.5000000000000000                1
   8.6582550881548492        6.9116944267964291        34.371745346026067        2.5000000000000000                1
   7.3712169252612165        4.0247406848219374        10.699700234841425        2.5000000000000000                1
   4.6736239634913073        7.8198852620610477        33.086979055632618        2.5000000000000000                1
   4.7312416093691816        6.2263507959822642        28.346936442285394        2.5000000000000000                1
   8.7201335110523974        5.8845715382202552        9.3167385242650091        2.5000000000000000                1
   8.3979900449829312        5.3328502312182735        11.221546854351475        2.5000000000000000                1
   5.9596122333283468        3.7836693641541532        14.545085754038929        2.5000000000000000                1
   6.2404074375230065        6.2819105038862588        21.955495543522250        2.5000000000000000                1
   3.8867991707251135        5.4467501503826865        6.1448656240834163        2.5000000000000000                1
   7.1217994505348043        5.3755306456582943       0.88739607104182949        2.5000000000000000                1
   4.4834176985449350        8.0157671945972311        29.596167470250890        2.5000000000000000                1
   6.6082643462399444        3.7919699130498681        35.378497527398906        2.5000000000000000                1
   7.3051877511973373        5.6186391352293015        10.867828288697181        2.5000000000000000                1
   5.5283872688806408        8.6395516876717338        21.115719283767667        2.5000000000000000                1
   4.5846743836691770        7.7295379425262452        35.802996794858942        2.5000000000000000                1
   7.3176252502750874        4.0511110060207987        13.227149888429858        2.5000000000000000                1
   3.9471277516075070        7.2049727903075231        20.840683853751500        2.5000000000000000                1
   8.6191499181662650        5.4805791881309611        7.5376645514557570        2.5000000000000000                1
   6.1703784399962887        8.7439499884817735        32.665262121393461        2.5000000000000000                1
   6.2432688804721206        6.2574135218602569        19.916787124393021        2.5000000000000000                1
   6.5993603382988164        8.7064322781862273        9.7103228576216214        2.5000000000000000                1
   4.2015765172187196        4.8344019914101164        17.795365033956404        2.5000000000000000                1
   7.5886551550007058        8.3371966702991394        17.029309103982833        2.5000000000000000                1
   5.9591126397240703        3.8091606629131047        6.4656445487498280        2.5000000000000000                1
   6.6775535175081258        8.6868496977526064        21.180632398750198        2.5000000000000000                1
   8.5787387527408203        7.0850558872979983        18.107285468099196        2.5000000000000000                1
   5.9189643907881049        8.6923595860348311        7.1635765860338756        2.5000000000000000                1
   3.8626272952310412        5.6340437750043950        25.872375106608196        2.5000000000000000                1
   6.5112023351049730        8.7255464696875134        22.859813722378171        2.5000000000000000                1
   3.7956511474873547        6.7207180012559578       0.95589185258363918        2.5000000000000000                1
   4.0922332325868256        4.9903123869585366        32.446010543707096        2.5000000000000000                1
   8.0282243940080207        4.5172479634812346        19.160769722181740        2.5000000000000000                1
   8.6735283772910332        5.6376846785465293        26.430949884816656        2.5000000000000000                1
   6.3929111317188845        7.4139903666099309        26.834683819200979        2.5000000000000000                1
   7.4641293762611332        4.0867210431551859        26.950574362638559        2.5000000000000000                1
   5.4553913918467654        8.5217001531319330        14.051359819822792        2.5000000000000000                1
   8.4989769884493409        7.3215412654803718        10.839228284751238        2.5000000000000000                1
   3.8596693996952256        5.5631287233904470        3.4025067901447912        2.5000000000000000                1
   5.5912636573400336        3.8435884696498834        38.264444440273522        2.5000000000000000                1
   8.6781162891552377        6.6292989550284931        10.096623523943748        2.5000000000000000                1
   7.9407844267146510        4.4119468896647875        21.863364609740721        2.5000000000000000                1
   4.6996236876039754        8.1528604798728654        12.216030495080846        2.5000000000000000                1
   3.9917634011344054        5.2326703340692067        36.023158501626504        2.5000000000000000                1
   4.7847425281916003        4.5486559139391849        33.166847638531806        2.5000000000000000                1
   6.2340199031447758        6.2571593270310899        1.7509186337057985        2.5000000000000000                1
   8.7238252698914032        6.5784020864855286        35.355842371483547        2.5000000000000000                1
   3.8336154594912695        6.8652855516659468        15.508745217676017        2.5000000000000000                1
   8.0181835158091435        8.0033203659850667        2.3674446924368340        2.5000000000000000                1
   5.3108541141948145        3.9709246433339263        33.818100652714342        2.5000000000000000                1
   8.0193193750150193        8.0158911054082438        13.577154458391259        2.5000000000000000                1
   4.6211631658732291        4.3593880050591460        24.871323600596121        2.5000000000000000                1
   7.5322969470508028        8.3271677554798025        31.252056415247178        2.5000000000000000                1
   6.0027930275831718        8.7373997862132846        1.7522688067341810        2.5000000000000000                1
   4.2832935307692459        4.7106420294368547       0.48802618278188953        2.5000000000000000                1
   4.1215740279995972        4.9564571233722559        26.760198850636140        2.5000000000000000                1
   5.2327196379044096        8.5238478499443620        8.6563841880071646        2.5000000000000000                1
   5.6694759837679936        8.3807324446783227        34.318318699939347        2.5000000000000000                1
   5.3221367061289913        8.5617412682404641        18.455727965517958        2.5000000000000000                1
   4.3240579757489375        7.8373371500249824        7.5121436945742532        2.5000000000000000                1
   6.4700241897097133        8.7379076267999309       0.10284054645153082        2.5000000000000000                1
   6.2483559145508840        6.2658732779961115        27.338799990927257        2.5000000000000000                1
   4.8407183849118844        8.1661354336707355       0.48893058716193205        2.5000000000000000                1
   3.7885800758459225        6.3149092993838636        36.291335132193929        2.5000000000000000                1
   6.1925033032160375        8.7437614111822963        15.937620030450178        2.5000000000000000                1
   8.6770014104490691        5.6671900405071867        29.195450300561955        2.5000000000000000                1
   8.2297530343651637        4.7248646423700631        29.448504546590762        2.5000000000000000                1
   5.0214799352562682        4.1104025644329338        6.6674357114017591        2.5000000000000000                1
   7.8980992810150692        4.3838944318638804        8.7423843922658655        2.5000000000000000                1
   6.5148009949876977        3.8832675760815354        22.876205648277011        2.5000000000000000                1
   6.1444852473268874        8.7323428299395704        20.292264049779646        2.5000000000000000                1
   7.3594287892284438        4.3027134872442261        4.3001649922916432        2.5000000000000000                1
   8.3768000976491948        7.5345970798430155        12.774438798735812        2.5000000000000000                1
   8.6038181577326753        5.4478697852167608        32.917163533494772        2.5000000000000000                1
   7.2805516904228229        6.3072492777851457        20.348258107914162        2.5000000000000000                1
   5.0222782118690192        8.4228742219122168        28.801057082029054        2.5000000000000000                1
   5.3374581912023089        8.5568886766608596        22.777512646876804        2.5000000000000000                1
   5.1552747820365319        6.4096345398084846        29.606372828732134        2.5000000000000000                1
   8.6237511575562085        7.0115396370510910        27.943185804409829        2.5000000000000000                1
   7.8028009972407188        4.2941163607360604        31.397527633519960        2.5000000000000000                1
   7.9146586845114006        8.1060206807948632        26.739360863035330        2.5000000000000000                1
   3.8135990085087754        6.7710000488235824        28.705141470336748        2.5000000000000000                1
   7.8056435858379825        4.3092347924998791        34.113379345998062        2.5000000000000000                1
   5.5498054778796018        3.8521499345600345        35.564799610799000        2.5000000000000000                1
   8.1026845698204575        7.9259562219508650        36.902283881008898        2.5000000000000000                1
   6.1630974966558192        3.7773298721054522        30.900332508492237        2.5000000000000000                1
   3.8195456857858416        5.7162747675146228        9.9137556697224465        2.5000000000000000                1
   8.5590475534455521        7.1316460551887326        5.3039338011530601        2.5000000000000000                1
   3.7645649284561360        6.4400610791074602        6.3572219487002668        2.5000000000000000                1
   4.7737857535417518        4.2664060353774085        1.2558640123608757        2.5000000000000000                1
   4.4544162933865872        4.5108234781350811        39.477564438285150        2.5000000000000000                1
   4.5861456460186565        8.1149373981325255        39.516473120497423        2.5000000000000000                1
   5.0796865146334458        4.0508555587196087        9.4546861867436025        2.5000000000000000                1
   4.4531111787462860        4.5129155420876943        30.148681838760275        2.5000000000000000                1
   8.6656394412960100        6.8587215386298510        6.3118021444721162        2.5000000000000000                1
   4.9275442126961151        8.3629373515586582        10.502417434584594        2.5000000000000000                1
   6.2318371844771070        6.2486235450993499        33.056428572257403        2.5000000000000000                1
   8.4654096414335136        5.1366021168194615        5.7793769793340699        2.5000000000000000                1
   4.7768547355596453        4.2434001123662259        15.909481139395922        2.5000000000000000                1
   5.0829753061296969        5.8895091504758961        38.412929760119120        2.5000000000000000                1
   8.1558489103325158        4.6457623843686608        13.109458426767882        2.5000000000000000                1
   4.2131656093487591        7.6920566524102609        3.9910830981879255        2.5000000000000000                1
   5.1271344543678872        8.4810004098356586        20.176021178341188        2.5000000000000000                1
   4.3367302886137491        7.7593588549812420        20.070833804503856        2.5000000000000000                1
   4.7184270261423435        8.2039145567204130        27.865593708186712        2.5000000000000000                1
   4.6207080594520278        8.1303288179524795        6.0093959492504974        2.5000000000000000                1
   8.5389349902759228        5.2839301924065207        15.684664417115357        2.5000000000000000                1
   4.3145256107430905        7.8234921263621420        15.671341509087309        2.5000000000000000                1
   4.0300603684615472        5.1060444644386465        7.9171012224163730        2.5000000000000000                1
   4.5706304985969748        4.4173923355176958        2.2302229563215215        2.5000000000000000                1
   8.4938930087347160        5.5354231953550981        19.071493720737834        2.5000000000000000                1
   5.8402492519928062        3.8357122727232986        31.864633639650066        2.5000000000000000                1
   4.8531467488198965        8.2981424665537009        14.836427447509273        2.5000000000000000                1
   8.7377879880368639        6.4586649914854197        1.7560215066231131        2.5000000000000000                1
   8.2391436423075710        7.7632849379998534       0.60135058532758079        2.5000000000000000                1
   4.9399027353119926        8.3486970018141555        35.024084166567228        2.5000000000000000                1
   3.8092267450818316        5.9710476085458692        26.837234461812244        2.5000000000000000                1
   6.9388572687810877        3.8503970784326862        34.322968562330139        2.5000000000000000                1
   7.7544838957517612        4.2708075596462018        28.688729590537498        2.5000000000000000                1
   7.4651791685708968        4.0931383275620457        29.653584428305255        2.5000000000000000                1
   5.3231953334505802        8.5502697935665495        29.773543564337004        2.5000000000000000                1
   7.8401998099117103        4.3321572685246217        6.0457290036931308        2.5000000000000000                1
   7.5116667303252731        4.5421012850757307        24.454673042248317        2.5000000000000000                1
   8.5447581184814307        7.1567630165323477        13.690868672618894        2.5000000000000000                1
   6.2109868353612949        8.7087898992494850        24.605475200933927        2.5000000000000000                1
   4.4471364830090083        4.5332870697533156        14.188095831718632        2.5000000000000000                1
   6.5898568253506449        8.6635166727736266        30.978947934329806        2.5000000000000000                1
   4.1632066347630321        4.9109349666335884        37.685639601413165        2.5000000000000000                1
   6.4620933452420974        3.7648613477891715        16.703503830162653        2.5000000000000000                1
   3.7948650332378953        5.7832276918198122        15.406646251182716        2.5000000000000000                1
   4.9556518019066065        8.3762157257368397        6.9498982941102323        2.5000000000000000                1
   5.3242078747958574        8.5586899203579598        2.4989390991190432        2.5000000000000000                1
   6.2617451385904799        6.2585877074057592        14.174851792957027        2.5000000000000000                1
   7.0117476832826924        3.8733870758120776        17.542577288575448        2.5000000000000000                1
   7.8388769914243088        8.1632670346470739        29.425529945222973        2.5000000000000000                1
   8.1441466944168344        7.8783173470161758        27.712548268256558        2.5000000000000000                1
   6.3093247080781634        8.7299893905558523        5.4754267914044554        2.5000000000000000                1
   3.8960850497457895        7.0864530318643082        11.107098146656464        2.5000000000000000                1
   4.6721543931463181        8.1887901824409841        3.2102423672250722        2.5000000000000000                1
   4.3653972665679879        4.6260061944953650        34.103206204217571        2.5000000000000000                1
   8.6947597674259445        6.7554477338045711        31.679079938582138        2.5000000000000000                1
   6.9943308917605425        8.6283215263307742        7.5179255440971637        2.5000000000000000                1
   4.2450128186559439        4.7830565955196587        28.707234615023332        2.5000000000000000                1
   8.3727638007391896        7.5122727845045389        35.128931458404807        2.5000000000000000                1
   4.9855667216996711        6.4443094818175437        35.873734005881147        2.5000000000000000                1
   3.7683279134203982        6.3697759778589278        18.954234968997522        2.5000000000000000                1
   4.9247595214066893        8.3675275689435384        4.1995461698941012        2.5000000000000000                1
   6.6199370203428742        8.7220232876532720        28.176910680722152        2.5000000000000000                1
   6.2092536274260963        6.2676376930828628        17.350387852627069        2.5000000000000000                1
   6.8075424250970391        3.8985933580160927        26.202677743455524        2.5000000000000000                1
   6.8636735556858550        3.8561566062302179        3.5380551663581596        2.5000000000000000                1
   8.3901529925835518        4.9755271181797154       0.31106070029640953        2.5000000000000000                1
   6.0007327813805889        3.7660673036766394        3.7730826781330030E-002   2.5000000000000000                1
   8.3242820113446019        7.6384553270751105        37.857302679939039        2.5000000000000000                1
   7.9938655772300091        4.4898585445609589        27.709237018276628        2.5000000000000000                1
   4.3554780179123904        4.6381527155274442        19.565868542355275        2.5000000000000000                1
   7.6107354313429312        8.3410107257687702        3.9690218040514100        2.5000000000000000                1
   4.0576603108714426        5.1645664901508734        38.748270721341214        2.5000000000000000                1
   5.6378036248579013        3.8598767389192132        12.938527043118647        2.5000000000000000                1
   5.6689423473458032        3.8310555109888957        10.235321676252905        2.5000000000000000                1
   7.5347508146983779        8.3701389769422789        37.619915639277657        2.5000000000000000                1
   3.9494123722087329        7.2022275616400853        39.169411449478446        2.5000000000000000                1
   5.3990711140473850        3.9077353493947471        1.9518245494794666        2.5000000000000000                1
   4.1618618496495916        7.5896280803633580        26.007223500931335        2.5000000000000000                1
   6.2611557819398733        6.2609807158585697        9.0666722242161732        2.5000000000000000                1
   7.1353075680268709        8.5871346698996245        32.969062033438746        2.5000000000000000                1
   6.1626718340578091        3.7515450558464640        28.125023834231563        2.5000000000000000                1
   5.2285302184254530        8.5205777518088048        36.009765586306123        2.5000000000000000                1
   8.4829605254504870        5.1985918887883500        33.881525456458654        2.5000000000000000                1
   4.4414627354359588        7.9567920820467153        22.651992246045857        2.5000000000000000                1
   7.2702273162405495        8.5226044263132525        16.099402300965938        2.5000000000000000                1
   8.6446340500021606        5.5519048138060514        35.660499842273644        2.5000000000000000                1
   4.7254691626369141        4.2915057417431077        7.6812319013226640        2.5000000000000000                1
   8.1123363849560342        7.8989718884493252        16.287315877164684        2.5000000000000000                1
   8.4979254786646550        7.3328405940966883        29.717592592004408        2.5000000000000000                1
   7.4883268593030232        4.0789567051472684        14.957381216129875        2.5000000000000000                1
   8.6177205314310488        6.9934385632647498        25.165825302442226        2.5000000000000000                1
   3.9474934865366738        5.2855908885901108        33.405614964135907        2.5000000000000000                1
   3.8857933180183402        7.0542524969613991        2.0862069176183522        2.5000000000000000                1
   6.6291138905650318        3.7832494866232405        18.469602898051015        2.5000000000000000                1
   7.7932631430973096        8.1551031433174064        23.969706404193726        2.5000000000000000                1
   5.3691024958926485        3.9447962525702582        8.4488350632393683        2.5000000000000000                1
   6.2880673311676869        8.5726786853756050        27.242395537906351        2.5000000000000000                1
   7.0228782188872136        8.4718052833809274        35.656364107796072        2.5000000000000000                1
   7.1998711714532124        3.9779889486399957        2.5904516118090402        2.5000000000000000                1
   8.7190997235189762        6.0110443879107667        25.448858991362524        2.5000000000000000                1
   4.9801791029392772        4.0973133606135423        14.934211699876794        2.5000000000000000                1
   3.7644130245601177        6.0565735483722785        8.1764519794577684        2.5000000000000000                1
   7.2786036698652667        4.0235302737196950        36.149783829000086        2.5000000000000000                1
   6.1122857881821790        8.6974162526930172        8.1554290304865091        2.5000000000000000                1
   6.8089935773968344        8.6589461579464082        1.1478055801726390        2.5000000000000000                1
   7.1672639633639896        3.9256489282826776        27.924323023725822        2.5000000000000000                1
   7.8093463669918997        4.4817363654140436        36.916854225164528        2.5000000000000000                1
   5.4911820333201682        3.8722072575928226        27.383293785865327        2.5000000000000000                1
   7.1594151908657340        8.5173922306169931        22.085261378881832        2.5000000000000000                1
   5.2578764769506350        3.9607554864959433        39.240347868758057        2.5000000000000000                1
   3.7739432712277252        6.3553051178575206        23.285011341108845        2.5000000000000000                1
   6.9480043924446369        3.8620770877236663        11.595572602635261        2.5000000000000000                1
   8.5669195249556793        5.3394760982126304        30.176809767162180        2.5000000000000000                1
   8.6745320623505506        6.8517168296153965        20.610477176772971        2.5000000000000000                1
   3.7758872991769623        5.9349687578000330        35.330633093795761        2.5000000000000000                1
   3.8006905534097806        6.2109069069948406        25.042188145184241        2.5000000000000000                1
   7.7927749594698632        8.2042073670282623        32.210296296148584        2.5000000000000000                1
   5.9090513288939501        8.4001996118594953        31.754567959689503        2.5000000000000000                1
   6.2668712652212069        6.2367888312460975        39.498588937277219        2.5000000000000000                1
   5.7661819543350390        8.4853457266037466        12.364303492770496        2.5000000000000000                1
   4.2623082211822885        4.7896403480424938        24.019961217073782        2.5000000000000000                1
   7.2198970267055449        3.9648865489684728        33.334878007417394        2.5000000000000000                1
   6.9544232345441728        3.8623365598927895        21.945025533690831        2.5000000000000000                1
   3.7717522970270507        6.0712955058989353        10.853713917110596        2.5000000000000000                1
   8.2890451370745257        4.8372011515502615        34.879171297311984        2.5000000000000000                1
   3.8773022384065694        6.9577445394393873        4.5910576623553476        2.5000000000000000                1
   8.7321116382851720        6.4461647316998780        4.5641021099172985        2.5000000000000000                1
   6.2572795397155057        6.2720673339315169        8.0596124487171288        2.5000000000000000                1
   8.4347477819135825        7.4486091886876213        21.458572754562343        2.5000000000000000                1
   8.7449533825048675        6.2718347507294236        19.797779257942068        2.5000000000000000                1
   4.0571817231859368        7.3928629876529532        12.051848580515180        2.5000000000000000                1
   7.4124369510943060        8.4364581183289076        33.943049853136138        2.5000000000000000                1
   3.9320874084012827        6.0393672877090818        1.6939551376558875        2.5000000000000000                1
   4.0965434656126902        7.4758711695200590       0.17636368578010053        2.5000000000000000                1
   6.2014812440398623        3.7514159977062005        19.395147790884820        2.5000000000000000                1
   4.1542523328941057        7.5926812679241236        34.788345914629517        2.5000000000000000                1
   3.8321285526017403        5.7628287565988510       0.65496608950875257        2.5000000000000000                1
   5.2023831609279068        4.0466229731678647        31.056990584932283        2.5000000000000000                1
   3.8317114047790879        6.7764135956001494        12.812354270514062        2.5000000000000000                1
   3.8313880947252406        5.6203678535042600        19.641495920243798        2.5000000000000000                1
   5.8247256066167088        3.7915652714367103        15.682008859553797        2.5000000000000000                1
   3.8204830548710689        6.8013438291779940        24.192194114938129        2.5000000000000000                1
   6.3640446692480062        8.4655173041461982        18.599540765636267        2.5000000000000000                1
   7.6639009315768716        4.2002404692858661        9.7053705224305791        2.5000000000000000                1
   4.4320336231051307        7.9176841667671045        18.271109837822731        2.5000000000000000                1
   8.0180814745240436        8.0058044962238792        33.187980709823208        2.5000000000000000                1
   5.0953319197550950        8.4387520526537045        13.118315538302717        2.5000000000000000                1
   3.7822886505869202        6.0124964431987680        32.592003383919312        2.5000000000000000                1
   8.7217107657438131        6.4152804725890649        21.526163739911308        2.5000000000000000                1
   8.6481218673907438        6.9319960438590664        11.960640346452035        2.5000000000000000                1
   3.8023074544080648        5.7491368097076920        7.1493631001453277        2.5000000000000000                1
   5.2360052088561018        8.5185195955526520        15.748314474936224        2.5000000000000000                1
   4.5861518033215356        8.1113270519657696        36.822228018205287        2.5000000000000000                1
   3.9392144633018962        7.1693995151357939        5.6622348422176252        2.5000000000000000                1
   7.4365259899896188        4.0667966697705262        16.647150443284332        2.5000000000000000                1
   8.4053497151083771        5.0812527670357213        31.176124465191442        2.5000000000000000                1
   4.9889055490536789        8.3844381126611367        17.525343349695770        2.5000000000000000                1
   7.5598693138525208        4.1273332420063822        32.406420662920659        2.5000000000000000                1
   5.7513286085617032        8.6555957573699356        19.370887232056646        2.5000000000000000                1
   8.7277510829788678        5.9249943953712769        12.034742657066170        2.5000000000000000                1
   7.8384420612331027        8.1742119751629154        15.335239184152114        2.5000000000000000                1
   6.0271971572485112        3.7778350409054453        12.011498975883502        2.5000000000000000                1
   7.5367036244466954        4.1301336773877848        7.0127145035750278        2.5000000000000000                1
   8.7270253156418516        5.9637800464539019        37.355004440698281        2.5000000000000000                1
   5.9917005140218711        8.6162873986346415        38.107225508846774        2.5000000000000000                1
   8.2986756534226096        4.8295765262024375        37.725135768480406        2.5000000000000000                1
   8.5744831696173733        5.4136643268290880        39.364229544681379        2.5000000000000000                1
   5.2795442654702871        8.5329989193200539        11.491963042072413        2.5000000000000000                1
   6.3525311415016521        7.1940215299705415        7.5955279356185308        2.5000000000000000                1
   6.2487866737046689        6.2203051901606452        22.954035500937064        2.5000000000000000                1
   3.7839818157369947        6.6417801547122215        34.584141620893682        2.5000000000000000                1
   5.4703813510831454        3.8805618326684805        30.105615603957194        2.5000000000000000                1
   4.5925882634241200        4.3838180000167393        4.9698415066635251        2.5000000000000000                1
   3.8002892699049773        6.7439046431994072        10.107295864246746        2.5000000000000000                1
   7.9185688127849296        8.0079188990567669        17.934450985122652        2.5000000000000000                1
   5.7090013731357461        4.8427144359932726        12.635166529293015        2.5000000000000000                1
   6.7699317775642029        8.6912113658191199        12.517098182017705        2.5000000000000000                1
   3.7950609452504596        6.1754769366788871        16.336715488688327        2.5000000000000000                1
   7.2242117017879961        5.5472357317439362        19.558193025716896        2.5000000000000000                1
   7.7569298162899063        8.2297717624404765        21.333500140806045        2.5000000000000000                1
   5.8524984516830028        3.7920082664517936        29.094122045613020        2.5000000000000000                1
   6.5323569494076272        3.7825203422454829        32.610622243446599        2.5000000000000000                1
   7.1290671215751633        3.9143236961084811        30.679124730310900        2.5000000000000000                1
   3.8503278345887195        6.9135604118487120        22.450730570873517        2.5000000000000000                1
   6.4429894557644198        5.1812489788710909        23.252325229497465        2.5000000000000000                1
   7.4947599839074366        8.3688257431322715        14.405012802098208        2.5000000000000000                1
   8.2212089305727769        7.7772697379189761        6.0061810499647512        2.5000000000000000                1
   5.4385876206793098        3.9921864246957037        22.924690777424701        2.5000000000000000                1
   8.1115920213852899        7.8609733365404963        24.975337036532686        2.5000000000000000                1
   8.6929654660358331        6.6579241260479147        28.939137750073947        2.5000000000000000                1
   8.4893436064664005        5.1842906701180453        8.5113564785743776        2.5000000000000000                1
   8.3412846934297509        4.9272537131008907        9.4945675051163576        2.5000000000000000                1
   6.2457120213319319        6.2376084219873684        26.331420598534244        2.5000000000000000                1
   6.3549639478209112        8.7245090578652480        2.7589059203421678        2.5000000000000000                1
   8.6781985480672876        5.7276967031638861        14.771746593102163        2.5000000000000000                1
   3.8015210835694528        6.6718654520079470        31.743009147632318        2.5000000000000000                1
   6.9777908705374427        8.6406550014614325        29.140063701705785        2.5000000000000000                1
   8.4374631969954628        7.4537753680375021        1.5360135605015679        2.5000000000000000                1
   7.7058240593517935        4.2178704419666424       0.62308808697621110        2.5000000000000000                1
   5.8641499860782451        8.6976276406765720        10.662512903788276        2.5000000000000000                1
   5.8817163767900293        8.6100824759962542        23.653608313823444        2.5000000000000000                1
   3.8500263972409225        5.5508489685339928        31.635568920039564        2.5000000000000000                1
   8.5548562238528483        5.2864800199956896        27.390068984427135        2.5000000000000000                1
   6.8363319261146200        3.8629130103089326        28.881243452865039        2.5000000000000000                1
   4.7811981498391418        8.2293148759166641        19.262707060747797        2.5000000000000000                1
   6.6061824955611463        3.7962600717898742        7.2383493933557315        2.5000000000000000                1
   4.0198528057210199        7.3527573048311829        23.347427661089938        2.5000000000000000                1
   3.7875839842049106        6.0962561872469534        39.011896203499795        2.5000000000000000                1
   8.0086664451538425        4.4762926316634806        30.402384386867460        2.5000000000000000                1
   5.5519293749950345        8.5204305588779548        25.405812137386750        2.5000000000000000                1
   4.2059271356631562        4.8154421555239955        12.349991301316877        2.5000000000000000                1
   3.7765267323270613        5.9336496943962533        17.997877359577487        2.5000000000000000                1
   3.9716187058062116        5.2390293338419083        30.690450995766373        2.5000000000000000                1
   7.6345322077143338        8.3178329732939069        6.6614914656827811        2.5000000000000000                1
   7.6920414591982773        8.2676394217623077        34.931793244391891        2.5000000000000000                1
   4.4877753257624589        4.4770273366951017        8.6385201511853715        2.5000000000000000                1
   6.2518739281197044        6.2593041222522245        34.433133555250912        2.5000000000000000                1
   6.8434050981965076        8.6647380299430505        19.568731338233178        2.5000000000000000                1
   4.9180290865021474        4.1663296025014649        34.804088774041183        2.5000000000000000                1
   7.1885419241263913        5.2215557180161083        35.498543245029055        2.5000000000000000                1
   3.7582564244511416        6.2166866178290832        30.828086328172180        2.5000000000000000                1
   6.9608672335464696        3.8680742094322080        15.787454473335480        2.5000000000000000                1
   8.6986334739076892        5.8375649973097890        3.7678280762480512        2.5000000000000000                1
   3.7800064260397828        6.4929652930642483        21.533079956392623        2.5000000000000000                1
   4.1080193691615419        7.4458113187330683        31.178410315618198        2.5000000000000000                1
   6.3476604177353888        4.8915931494613432       0.41972794512862976        2.5000000000000000                1
   3.8951677514603364        6.9935234722311446        26.885427363024878        2.5000000000000000                1
   8.2085160914953956        6.5758842417390868        18.907244118602797        2.5000000000000000                1
   8.7072993949077340        6.6619737969236743        26.214309018981115        2.5000000000000000                1
   8.3445982455695749        7.5861065315429022        23.239295847476008        2.5000000000000000                1
   7.2559200310386780        8.5170818681193516        24.741628008531141        2.5000000000000000                1
   3.8038860391567284        6.7304594788739562        7.4012029733903137        2.5000000000000000                1
   4.3939706182766276        7.9034583519268082        4.9971955685135940        2.5000000000000000                1
   5.0241913423233546        8.2076403242002840        21.877313592201162        2.5000000000000000                1
   5.7364948338748665        3.8055668472405553        20.313009135725686        2.5000000000000000                1
   7.6712844069445065        6.1068575741754199        29.602674920762976        2.5000000000000000                1
   7.4790246201712396        8.4262480602343430       0.39782016610540344        2.5000000000000000                1
   3.7534729735157537        6.3613452573980833        33.566773171387879        2.5000000000000000                1
   8.5921302676786500        7.0637417725495322        30.701580311384607        2.5000000000000000                1
   5.8905145463129651        3.7827034096382159        37.306571081631461        2.5000000000000000                1
   8.1697258081188675        4.7027807527261896        38.712278633671907        2.5000000000000000                1
   7.7011163450697202        4.5056228995175127        39.591212311090686        2.5000000000000000                1
   8.6649136525642625        6.1613872460032413        33.661797072917871        2.5000000000000000                1
   8.4865897728187516        6.6549403914321692        38.081588924586569        2.5000000000000000                1
   6.3295058036151186        8.7354846320458854        29.928343499368673        2.5000000000000000                1
   8.0363522279027197        7.9952838816853058        22.272104447455227        2.5000000000000000                1
   5.5252969933245630        8.6271578298476683        30.790276607152535        2.5000000000000000                1
   5.5165072977255223        8.6307663579982510        37.069155302786712        2.5000000000000000                1
   5.0084069383682115        4.0903853190255726        17.682984508680672        2.5000000000000000                1
   3.9955257848397099        7.2560607486793431        30.187722219258308        2.5000000000000000                1
   4.7667876373209133        8.2523406154000138        23.558808261887652        2.5000000000000000                1
   4.0112295999750929        7.3208403900876764        33.740435719550092        2.5000000000000000                1
   4.1773838992247461        7.6074417842271069        21.741364686173153        2.5000000000000000                1
   5.7720227867724061        3.8243108030708908        26.424699241548975        2.5000000000000000                1
   7.8290239115635218        8.1826483658871929        38.591475139816318        2.5000000000000000                1
   7.9104630761633636        4.3825194944571200        15.812409516431696        2.5000000000000000                1
   3.8104953373453343        5.7488422757518745        28.685371644072237        2.5000000000000000                1
   6.2595293457761807        6.2565990256915214        3.1603429081743362        2.5000000000000000                1
   5.0878398217594141        5.5717147619845528        2.8135869661857011        2.5000000000000000                1
   8.6642023752571014        5.6596667553233253        1.0049727008190681        2.5000000000000000                1
   5.6743167964163561        3.8467108028380821       0.98462535428233366        2.5000000000000000                1
   4.2375856117506512        7.7322734989510931        24.286103650171128        2.5000000000000000                1
   8.6456625299569119        6.9474784373381890        16.381561414874000        2.5000000000000000                1
   8.7071688283978634        6.6345627242744030        23.418065336853690        2.5000000000000000                1
