     1000000
           1
  0.10000000149011612     
   5.7070728761031431        4.5013710924361803        6.1398643121930663        2.5000000000000000                1
   4.7746752663543726        4.7637438989812644        33.452265382639034        2.5000000000000000                1
   5.7191710786418914        4.7353266306380277        22.638970023353071        2.5000000000000000                1
   3.9037064550136984        4.3082083261671826        25.497679969446484        2.5000000000000000                1
   3.7765886184663220        4.7090489573653143        21.620845864852246        2.5000000000000000                1
   5.6657142455653204        4.5355204477110096        26.573980755654070        2.5000000000000000                1
   4.7606366613377835        4.7326297192567175        6.3924909361762454        2.5000000000000000                1
   3.7680168666022844        4.7569494077750711        39.808702185981950        2.5000000000000000                1
   4.8095942313380515        4.7078938528518535        11.307167843251010        2.5000000000000000                1
   5.7428453122834702        4.7657356289113659       0.69159928553978378        2.5000000000000000                1
   5.6525550465877270        4.3423837307549231        5.0686208772355412        2.5000000000000000                1
   5.7057167744333777        4.9755998697038919        35.145627190597857        2.5000000000000000                1
   5.7327588576186175        4.7535935383434005        36.831102377595357        2.5000000000000000                1
   4.7634434278937281        4.7153713996951900        20.176225656290793        2.5000000000000000                1
   5.7406476820833232        4.6732216320207538        7.2114395557918831        2.5000000000000000                1
   4.7687857106012270        3.7535730431562899        25.369873121694699        2.5000000000000000                1
   3.7957439088079874        4.7187996821084086        8.8764443880496611        2.5000000000000000                1
   3.7544167238636521        4.7609350042897471        32.625985903309441        2.5000000000000000                1
   4.7508505069805596        4.7490092762077669        7.4369354786485049        2.5000000000000000                1
   5.5761683914509463        5.2684628973140661        28.983088321862326        2.5000000000000000                1
   5.1937016557966498        5.6178914128782109       0.69303511467732626        2.5000000000000000                1
   5.6890393914097590        5.0726767331297413        32.094159719614538        2.5000000000000000                1
   4.8329235724885242        3.7617566346300899        3.6087123021816749        2.5000000000000000                1
   5.6965957152555218        5.0617834079715669        2.6728834050741201        2.5000000000000000                1
   4.7900066782066428        3.7753266869902791        13.005200717799479        2.5000000000000000                1
   4.7615896016671861        5.0711914817458252        35.469486016379669        2.5000000000000000                1
   3.8592767288169534        5.0944573148491168        1.7207734759900806        2.5000000000000000                1
   3.7663800556759450        4.7789880820249628        35.876487100310250        2.5000000000000000                1
   4.7701184919401065        4.6895250203659611        10.267275009702928        2.5000000000000000                1
   5.7349089188380624        4.7057598080161824        18.859512588967004        2.5000000000000000                1
   4.7740629941171671        5.7460006709934790        5.1370289207400521        2.5000000000000000                1
   3.7987688998436093        4.8168078107235051        36.969404537546026        2.5000000000000000                1
   4.7995492386504157        4.7545070934798996       0.21653050887976469        2.5000000000000000                1
   3.7815305573764877        4.6906653232846818        7.8301153130580010        2.5000000000000000                1
   4.8297094135886178        4.7526640995012031        29.468109370929806        2.5000000000000000                1
   5.6178310704622678        4.5962918886329751        12.624172107386579        2.5000000000000000                1
   4.7677179410032888        5.7203334148127620        31.813084357203319        2.5000000000000000                1
   4.7748208573579767        4.6920479970117794        19.157697794786280        2.5000000000000000                1
   5.6650119632880029        4.8696134551340009        39.647188435702347        2.5000000000000000                1
   4.7852344645927314        3.7855440546055781        28.014806498747404        2.5000000000000000                1
   5.3014132918695349        5.5677703752169210        15.868147454213815        2.5000000000000000                1
   5.7430552491968943        4.6438203927544803        17.238754728121361        2.5000000000000000                1
   5.7292662229860101        4.6302196894752745        16.220041843491220        2.5000000000000000                1
   5.0047849922557432        4.7051904847484423        15.425614639547771        2.5000000000000000                1
   4.7790034300165667        3.7636267777460377        15.069582130121471        2.5000000000000000                1
   4.7854597516717980        5.7484405175684046        34.733030399861846        2.5000000000000000                1
   5.2455752047056867        3.9623365427448682        7.8241195282367775        2.5000000000000000                1
   5.7369837363654810        4.7632872491035396        34.168886339140570        2.5000000000000000                1
   5.1876785493144544        3.8859214488974763        18.667061199749448        2.5000000000000000                1
   5.0048130522650096        3.7848765703921874        5.7458150733418911        2.5000000000000000                1
   3.7918486599879238        4.6058403815336773        18.901095350469134        2.5000000000000000                1
   3.8201785159436183        4.6993620260205589        20.614594289119129        2.5000000000000000                1
   4.7713788648342623        4.7478224636024766        5.3658597409936712        2.5000000000000000                1
   5.0949251880921320        5.6880029355372681        30.722660181250699        2.5000000000000000                1
   5.5542167954793467        4.1813505766259853        24.473199961267415        2.5000000000000000                1
   4.8440745966724110        3.8844936857029437        11.997079381523543        2.5000000000000000                1
   4.9593322284001724        5.7218705864155499        23.615547981181749        2.5000000000000000                1
   4.7668957440384965        4.6044870330310772        26.087060008013328        2.5000000000000000                1
   5.6936381836259020        4.6516147663106224        10.836961397414321        2.5000000000000000                1
   4.7723396085209018        4.7752427503135619        38.280428746692060        2.5000000000000000                1
   5.7442359278882966        4.6866978366371272        19.882110134462092        2.5000000000000000                1
   3.7663256561258023        4.7246461455987090        17.769669529425705        2.5000000000000000                1
   4.7535754662828991        5.7184445093248311        29.721158029529178        2.5000000000000000                1
   4.8902584644010698        4.7172159343224935        25.009881331623777        2.5000000000000000                1
   5.6298217176058092        4.3377841989494010        28.514063692192110        2.5000000000000000                1
   3.7703757086147349        4.7008549931982246        12.965643822891801        2.5000000000000000                1
   5.7346047371079374        4.7441498739807280        27.560202221672483        2.5000000000000000                1
   5.1523105120053883        3.8706440926990258        19.696683925131797        2.5000000000000000                1
   5.6441454225918815        4.3342397759292783        25.584032375395797        2.5000000000000000                1
   4.7533849813204663        3.7515108474271508        30.107220664457838        2.5000000000000000                1
   4.8147423246155698        5.7449317843787036        27.504791636726672        2.5000000000000000                1
   3.8657020312012706        4.5413758059492579        26.567347534540563        2.5000000000000000                1
   4.7832579584834161        5.7452320624154112        28.583726534047056        2.5000000000000000                1
   4.7510841178964718        3.7871725450840890        16.733619255057363        2.5000000000000000                1
   4.8269490920100262        5.6084643946996033        2.9193435677373452        2.5000000000000000                1
   5.7168079589341474        4.9297784741651727        31.064440684916210        2.5000000000000000                1
   5.7212434577487068        4.7204319845387888        9.8037967014520593        2.5000000000000000                1
   4.8059207963992927        4.7860977923568084        2.2989382523582584        2.5000000000000000                1
   4.7623121228137775        4.7879729207339112        32.414707580645810        2.5000000000000000                1
   5.1801588887631889        5.6466348329900855        32.757177944975375        2.5000000000000000                1
   5.1877693563401044        5.6081828447156861        36.820800369905463        2.5000000000000000                1
   3.8421498715211757        5.0743317931434921        2.8227017773214329        2.5000000000000000                1
   4.8564068663024731        5.7240352275628146        3.9704663197492316        2.5000000000000000                1
   4.7518263893514412        4.8509160802695197        31.315946874229340        2.5000000000000000                1
   3.7547451393051579        4.8339799956874474        38.758753508159685        2.5000000000000000                1
   3.7973223901393518        4.6117108150218007        11.881576195740967        2.5000000000000000                1
   4.9563224991674968        3.7750110635466001        10.962079530045742        2.5000000000000000                1
   4.8614846906644091        3.8154946022545055        14.020405915131041        2.5000000000000000                1
   4.7602830693476612        3.7529541293125317        21.576912706328539        2.5000000000000000                1
   4.7819373198070165        4.7802249979772213        37.250461962387952        2.5000000000000000                1
   4.9217409259707905        3.7806258903185421        23.688898809239589        2.5000000000000000                1
   5.2433856865532773        5.6084674270538910        33.758371490809019        2.5000000000000000                1
   5.6557731113193785        5.1003976282447407        1.6574877937336048        2.5000000000000000                1
   4.7506885825055667        4.7389735054525310        21.274555957886783        2.5000000000000000                1
   4.7631101842227315        4.7477017901734024        14.423353642960924        2.5000000000000000                1
   5.7448463651673594        4.7379867530375597        23.663511871194075        2.5000000000000000                1
   4.7620364192073348        5.7107800534229218        39.354563246853409        2.5000000000000000                1
   3.7616991193425755        4.6049645459979685        10.762261353621245        2.5000000000000000                1
   4.7513178263217357        3.7599826973664112        29.066405387221049        2.5000000000000000                1
   5.5456648463008325        5.2674752278949111        38.734437742311350        2.5000000000000000                1
   5.6397874397152119        4.3188094063953821        13.641918902100802        2.5000000000000000                1
   5.1602872233872370        3.8824566344341229        9.8196623844781499        2.5000000000000000                1
   5.6837169799259319        4.7526778490278749        37.846052993933412        2.5000000000000000                1
   4.7932911956927553        3.7733197738504693        17.751834563841502        2.5000000000000000                1
   4.7520064474962256        4.7370143101119941        22.990799111942529        2.5000000000000000                1
   4.8398321620640834        3.8441942411031604        26.937883035273209        2.5000000000000000                1
   4.7808574260565972        5.7072008159119756        16.738031709581790        2.5000000000000000                1
   5.7429534691195743        4.7757665640935469        33.048605455738731        2.5000000000000000                1
   4.7656284786811920        4.7747228052430408        34.476952696155969        2.5000000000000000                1
   5.4650974583082865        4.0540341754147962        20.688285148743297        2.5000000000000000                1
   3.7887487439367362        4.8163257181324370        34.818509480298580        2.5000000000000000                1
   4.7583929635022351        4.7497882730790133        17.382354208530273        2.5000000000000000                1
   5.0745759545589086        3.8099544904732268        22.596809590389679        2.5000000000000000                1
   5.0812518470926520        5.6908466557830168        14.889152109498628        2.5000000000000000                1
   5.1234303908704808        3.8773869563986816        6.7681732024179517        2.5000000000000000                1
   5.1310056611111845        5.6648407728083896        37.901616155382925        2.5000000000000000                1
   4.7713149938595318        5.7270278108728787        1.9228342460391483        2.5000000000000000                1
   4.7804125805251072        4.8706021791188503        1.2165897146183331        2.5000000000000000                1
   5.7474511522311067        4.7395820444351999        14.625649292597126        2.5000000000000000                1
   3.8014977673015915        4.5685545489499093        22.721829708779989        2.5000000000000000                1
   4.8768413885645510        3.7641527321924841        4.7305463504551852        2.5000000000000000                1
   4.7761964006625792        4.6083464132672987        8.4736241833875816        2.5000000000000000                1
   5.7418514797795419        4.6913861751484127        8.7438872689395435        2.5000000000000000                1
   4.7855705958176289        4.7436815927496978        13.293591415171635        2.5000000000000000                1
   5.6855812754318293        4.9620429277934326        30.059699806783676        2.5000000000000000                1
