     1000000
           1
  0.10000000149011612     
   5.9573818415327242        3.0648417401063375        21.154748024688878        2.0000000000000000                1
   5.9771112039877465        9.9479131328632242        23.894144144971850        2.0000000000000000                1
   3.0380816673203577        6.1612309398192906        16.819913054338052        2.0000000000000000                1
   6.9968895318799857        4.9239329285480196        35.145490722001853        2.0000000000000000                1
   5.3623122408002795        6.0346040080348677        34.698604238605164        2.0000000000000000                1
   8.6261695739981370        9.2048837360515812        39.374274500333264        2.0000000000000000                1
   3.1378701326011740        6.5463633458167667        25.783024771856198        2.0000000000000000                1
   7.9507577658096329        9.6224726853569784        30.606682262776378        2.0000000000000000                1
   4.1524024136950226        7.0393857361205843        36.826283716653123        2.0000000000000000                1
   9.9602118953509979        6.3520965259310511        9.7999286400816867        2.0000000000000000                1
   8.2094747312680081        3.8588685966879117        13.355104156046975        2.0000000000000000                1
   7.8464813082084746        9.6831614207197081        13.150770725622001        2.0000000000000000                1
   4.3911697247330119        3.8090230429632106        33.493170222238859        2.0000000000000000                1
   7.7945479000027778        7.4108661606066697        16.488052934703870        2.0000000000000000                1
   3.3010189150719600        7.5253687725567584        33.008005087762676        2.0000000000000000                1
   5.3438106571336483        3.2502537767983464        33.646270269154023        2.0000000000000000                1
   3.0640219802076141        6.5323930217732711        33.184613742599765        2.0000000000000000                1
   3.6806939063823583        5.5522235557771005        2.1919829085393943        2.0000000000000000                1
   6.9145634788151167        3.0431834524020496        14.940481247409531        2.0000000000000000                1
   8.3233004794675001        9.3401458081419158        16.099528795112860        2.0000000000000000                1
   3.0629332989401310        7.0160618085560111        14.463531399258624        2.0000000000000000                1
   8.6303142717682313        3.8533951906322805        25.782569799331107        2.0000000000000000                1
   3.4121561301593584        5.0703726748409039        14.937282585347379        2.0000000000000000                1
   9.8862700764223259        6.7580576220803508        21.949320051062440        2.0000000000000000                1
   9.6726609383400941        7.9418775765781939        37.210558794854819        2.0000000000000000                1
   6.0505947277484733        7.9648455207858300        12.610546246609642        2.0000000000000000                1
   5.3768005539381818        9.8047145450171556        16.181376562130733        2.0000000000000000                1
   6.3711723284525164        3.3891909897002686        33.700859680894844        2.0000000000000000                1
   7.9752913365569071        7.1504735394383321        29.321555434950856        2.0000000000000000                1
   6.2980969193336040        9.9425891285279153        9.4414049951875239        2.0000000000000000                1
   3.1120159547732271        5.7011279075287939        6.5275332710121541        2.0000000000000000                1
   4.8975518827087798        6.0409303923750999        38.670181224814762        2.0000000000000000                1
   4.5644265631811161        9.2625820928954283        38.830321802749310        2.0000000000000000                1
   8.2683721966367383        3.5652946334402782        6.8281679259706110        2.0000000000000000                1
   8.7774646157022911        9.1442169512972065        33.121892195571291        2.0000000000000000                1
   6.6174175271792608        7.9402711348286674        38.333647683065280        2.0000000000000000                1
   9.7950884339105819        7.5185060242973041        28.237436425063333        2.0000000000000000                1
   3.3528137960046527        7.8269348825517717        28.694681706903943        2.0000000000000000                1
   7.6417776440245531        9.7286193652697808        28.608014806204160        2.0000000000000000                1
   4.1403676322858338        8.6261707604071525        7.4404620111364261        2.0000000000000000                1
   6.2091134210697554        4.8519725313373563        30.632170434593970        2.0000000000000000                1
   3.0315240651784734        6.1160746151780838        23.823204824376642        2.0000000000000000                1
   5.6739479645468300        7.8556670103056332        35.743741486984511        2.0000000000000000                1
   7.6793837106060510        7.5231313434169049        7.1259791914135473        2.0000000000000000                1
   6.3008238215077679        8.1090243208560402        22.845150160709654        2.0000000000000000                1
   9.8856856765833871        6.1751384035788863        34.719909965755818        2.0000000000000000                1
   3.7156779149683410        4.6084774791963232        33.667366035262610        2.0000000000000000                1
   5.2105951370246508        3.3916101264542284        35.706819129727705        2.0000000000000000                1
   9.8135626797973519        7.4122332180993116        3.8130036662073534        2.0000000000000000                1
   6.5125845913398761        9.9844416741396937        15.493741062085579        2.0000000000000000                1
   4.3321705403393640        3.9951392866634423        35.643368323953652        2.0000000000000000                1
   7.0404413757678803        7.8255148573226014        25.685703705941396        2.0000000000000000                1
   7.3946947992177936        5.0481329039852927        16.993903630128294        2.0000000000000000                1
   4.5435740544733392        3.6551795710282624        10.569120476662869        2.0000000000000000                1
   4.2584443075720460        3.8298704594252673        6.3320025321218347        2.0000000000000000                1
   4.8419152096572668        5.6470698348743085        11.792600130609232        2.0000000000000000                1
   8.2310911795835775        3.4634393410865187        36.240226623995923        2.0000000000000000                1
   3.1225178874128909        6.3888993580212547        10.041651679050061        2.0000000000000000                1
   7.6836234538938806        7.5196761249814887        18.617552355796914        2.0000000000000000                1
   7.5425231934251160        7.5222560690092406        20.804698299254927        2.0000000000000000                1
   9.5389322896364330        5.2952756023433327        5.3793748651712274        2.0000000000000000                1
   8.5095588364358186        9.2136411227613841        28.442782110359069        2.0000000000000000                1
   5.5312159010896815        5.6702100856960955        30.489207176456940        2.0000000000000000                1
   6.5144842669288305        9.8127561873563458        26.132210151295325        2.0000000000000000                1
   8.1101509274699026        7.0334464369128940        2.5604427455423813        2.0000000000000000                1
   8.0699560022165855        9.4977648354122284        8.5390084176729690        2.0000000000000000                1
   7.7560390067507026        5.3233651862551348        39.530846280748875        2.0000000000000000                1
   7.9836796638956926        7.0678019171463733        4.6076924929509842        2.0000000000000000                1
   3.0605947809337009        6.0197379503823454        14.800464564874153        2.0000000000000000                1
   6.3103259161303251        8.0769669127044672        14.620473027995565        2.0000000000000000                1
   5.1488755712402776        7.4690838354433149       0.11281296880734606        2.0000000000000000                1
   9.4779560923737911        5.4982542036899531        28.083650611499760        2.0000000000000000                1
   9.3617139687525981        8.4241266290008117        17.690116223971813        2.0000000000000000                1
   8.8235637959612010        8.9947333569426924        10.491986437230635        2.0000000000000000                1
   8.0706235025853612        6.6322833078351913        6.6372051082117691        2.0000000000000000                1
   7.3507487967596710        7.8819180867772820        29.641826654438006        2.0000000000000000                1
   5.5524593879413002        5.2534830277969755        26.252827673116766        2.0000000000000000                1
   5.0961981766489348        7.1578206730723029        31.908794667029277        2.0000000000000000                1
   9.5797548183780634        5.2056046408239194        7.4525312525392184        2.0000000000000000                1
   8.0783466692292976        6.7644974431215825        27.256007160642646        2.0000000000000000                1
   3.7486448639936913        8.6454845408483187        22.585351971139659        2.0000000000000000                1
   9.1827639014954787        8.7024399377644297        22.124333105819680        2.0000000000000000                1
   7.7099029836209123        5.2238810405447786        3.7140423916538543        2.0000000000000000                1
   3.1417417227753450        6.6322378169395364        31.136195989282051        2.0000000000000000                1
   3.6221548988813654        5.3977435277295367        27.370403675248880        2.0000000000000000                1
   7.2093222729447266        9.9263926614090590        1.5025767039747939        2.0000000000000000                1
   8.2191321980321419        7.2968154375409915        33.780390126149570        2.0000000000000000                1
   4.6829735372271486        3.6171578396910582        4.1534603099710461        2.0000000000000000                1
   7.4060968819757989        5.5507465061320413        21.915591405702504        2.0000000000000000                1
   6.0451133921997195        6.0954821610343108        36.896877516024055        2.0000000000000000                1
   3.5002004879035535        8.2593198600192981        3.2118735252102080        2.0000000000000000                1
   4.0441582241852663        8.5957316762424085        34.837946757341811        2.0000000000000000                1
   6.8346011323260827        7.8683590757172963        35.818754478485502        2.0000000000000000                1
   3.1024264685546719        6.8201184322267423        6.0825035760863058        2.0000000000000000                1
   3.1528620023604326        7.4320467510528889        26.624159838981988        2.0000000000000000                1
   3.9008616005859196        8.8022217287860727        20.003559886599657        2.0000000000000000                1
   6.0094427206929808        3.0732071275120081       0.30962826198601151        2.0000000000000000                1
   7.6897912511002264        9.6376573695604222        18.009206469213762        2.0000000000000000                1
   9.2102432045045717        5.6804471347845604        11.632612597009738        2.0000000000000000                1
   6.3242699753381437        3.1031677189269891        31.608294490557324        2.0000000000000000                1
   3.9155088406465488        4.1796992743339167        14.801181131456667        2.0000000000000000                1
   8.2698247783465888        9.4695283574973637        37.176081946583764        2.0000000000000000                1
   3.7495958259709878        4.8173342260215781        35.657783427797902        2.0000000000000000                1
   9.8393150622576364        7.3303666280041107        39.422894900682209        2.0000000000000000                1
   7.6170257808569453        9.7183699528350918        15.302598264901764        2.0000000000000000                1
   5.1517860162427089        7.1317027164502873        25.444421730810067        2.0000000000000000                1
   6.9875308496752000        6.0653829365440153        12.046785970490847        2.0000000000000000                1
   6.2812555903927709        3.2406412340052762        6.7157117036975063        2.0000000000000000                1
   6.5939531769208219        3.3299121853719127        38.319218545163224        2.0000000000000000                1
   9.8708567236714888        5.8305757772842250        21.382354752323373        2.0000000000000000                1
   5.8111349950289393        5.0029538967037892        32.597486854622396        2.0000000000000000                1
   7.6468567827852443        7.8876039183662368        2.8056433487896641        2.0000000000000000                1
   7.0697461529980679        3.1835514212909830        19.052877769606912        2.0000000000000000                1
   5.0992955097301857        3.7950881491928716        16.736376139078132        2.0000000000000000                1
   7.7258802170743488        9.5576096827307886        6.2394099746878755        2.0000000000000000                1
   4.7943384958394217        9.4851840825276916        34.753216256308065        2.0000000000000000                1
   9.9092879838075110        6.3786394769325838        28.436313978430729        2.0000000000000000                1
   6.1312765599137311        4.9693133785259862        24.199314076182496        2.0000000000000000                1
   5.9063503157897870        8.0052887421545815        25.498751519484777        2.0000000000000000                1
   5.4488302197550347        9.7526182176988332        26.547890492149893        2.0000000000000000                1
   3.8599334485569234        8.6244224623158292        32.828199824797380        2.0000000000000000                1
   4.6001155855439206        3.6067979979539335        37.725123041171521        2.0000000000000000                1
   6.1956655304008637        3.0818245281286840        8.8848107146833506        2.0000000000000000                1
   7.1232669227588330        5.0690543424014214        5.6343133885638057        2.0000000000000000                1
   3.1662167369533365        5.6691583842482336        29.347813306917246        2.0000000000000000                1
   5.4188332590475028        7.8948546375936095        15.147738992325337        2.0000000000000000                1
   5.9325599317332722        3.1261646339176128        16.725334003437318        2.0000000000000000                1
   4.1362165577674510        4.0432568153573287        8.5233107069435690        2.0000000000000000                1
   4.8572512874015112        6.2991351891116345        17.846502643064458        2.0000000000000000                1
   9.3419169971138682        5.0990953669181796        19.411525390141954        2.0000000000000000                1
   3.0042071087028237        6.6190158860954158        39.287836007007328        2.0000000000000000                1
   3.3039513168315713        5.2298877894712952        4.2797197353636687        2.0000000000000000                1
   6.5810023895062297        5.0628164723956841        1.3023953586102266        2.0000000000000000                1
   5.5754110657065938        9.7655102677812682        38.993826302902292        2.0000000000000000                1
   9.3703905496304287        8.2768560422345949        14.692913119083739        2.0000000000000000                1
   7.0077467620709477        5.0560380723349532        10.295486315138609        2.0000000000000000                1
   5.9583841990180613        8.1273177797594194        10.439576032211065        2.0000000000000000                1
   6.2126157997816236        8.7601256821353140        31.097183379445866        2.0000000000000000                1
   8.2603174616412929        6.8246118997037648        20.546870271051812        2.0000000000000000                1
   7.6067050598713646        9.6318903925493675        26.453537110772302        2.0000000000000000                1
   9.6063208269872131        6.3642202404134425        32.533713375404034        2.0000000000000000                1
   9.1403120934717421        4.3431604786097093        7.1278357506391332        2.0000000000000000                1
   3.8688958830739173        6.6179320309583449        1.4139637653344341        2.0000000000000000                1
   5.1606807254529432        6.4496374054240313        21.736618163651237        2.0000000000000000                1
   7.5503676081850157        7.8494747916741687        5.1197595394469602        2.0000000000000000                1
   4.4831331982375140        3.6426217375787848        25.169279560415859        2.0000000000000000                1
   8.6071578158956061        9.2830722829779102        26.282950026456042        2.0000000000000000                1
   9.7222323741366807        5.3585907992789839        17.175243331804925        2.0000000000000000                1
   6.1894076367203752        3.0254084113993134        35.709543704761927        2.0000000000000000                1
   7.0574889786900661        9.8564577523621590        19.919641444526984        2.0000000000000000                1
   6.7781945114761051        5.1209898564605405        26.592991383216457        2.0000000000000000                1
   6.1097004354715132        5.1589846235014907        9.6688881852663986        2.0000000000000000                1
   9.6595850689279565        5.1395968694470984        9.6237458580594506        2.0000000000000000                1
   6.5410007313643668        3.0202235447589261        27.417877620042621        2.0000000000000000                1
   8.1905240708710583        6.3096206130500931        8.7071180971787179        2.0000000000000000                1
   8.1281379693054010        6.2135767271180411        25.109372716904286        2.0000000000000000                1
   8.6526914033987925        9.1673883133873595        12.849849962378865        2.0000000000000000                1
   5.3891062740835922        9.6593337324676511        21.844452253801517        2.0000000000000000                1
   8.0367758599975954        6.2019508771940890        22.474095743176470        2.0000000000000000                1
   8.8312520620962527        8.5913267331446548        24.308505069050007        2.0000000000000000                1
   9.5954716334091774        5.0210874735670927        30.111486292816952        2.0000000000000000                1
   3.1391891787092105        7.0049837529017944        8.1346153036702251        2.0000000000000000                1
   6.9700240257480086        9.4943277368907424        24.171465471146881        2.0000000000000000                1
   9.8391545937651088        7.4400448914206887        12.751001448026498        2.0000000000000000                1
   6.7530328234392671        9.9024401636844175        35.282310721293541        2.0000000000000000                1
   9.9609305828980581        6.9709537916814588        30.462894482849116        2.0000000000000000                1
   6.8539717032770282        9.9387122041930169        3.6422437057812926        2.0000000000000000                1
   9.4124945316609612        8.3609144513394416        3.9275914026326961        2.0000000000000000                1
   7.2157006791384459        3.2616821830408820        29.805122018144829        2.0000000000000000                1
   5.9162147794228099        6.9743462797852764        27.457317428638383        2.0000000000000000                1
   3.6800262708293192        8.4121733406872927        26.622167729766115        2.0000000000000000                1
   3.0957660562094516        5.7484093157836869        21.839846070162757        2.0000000000000000                1
   9.6458729193156412        5.2144803699028914        34.464523474472351        2.0000000000000000                1
   7.9234558438887071        9.5496394089493357        10.595899665017495        2.0000000000000000                1
   4.2835831129247950        4.1417417205335063        39.850036588532554        2.0000000000000000                1
   3.2635013782578048        7.7544436338650922        5.5091949380348844        2.0000000000000000                1
   9.9117715095685490        6.9654578436347609        37.354082234328928        2.0000000000000000                1
   8.1494806778444833        3.6033772032553379        20.729018771680614        2.0000000000000000                1
   5.8621668455267368        6.8485749382181131        2.1531510790962782        2.0000000000000000                1
   9.3763489050333195        4.5447236374638962        25.787721220773335        2.0000000000000000                1
   8.4848039997683458        3.6873390440008809        2.6097641147320312        2.0000000000000000                1
   4.8280870978169990        3.4480919117777344        14.746758329302839        2.0000000000000000                1
   5.2910016229537407        3.2704484415298944        31.471184216284769        2.0000000000000000                1
   5.4291057632319522        5.2319379138779487        36.831924574498458        2.0000000000000000                1
   5.0456479876193461        9.5566727367619073        11.561142905241736        2.0000000000000000                1
   7.8777687810098485        3.3870464867913328        21.675747665253240        2.0000000000000000                1
   3.4762934364114213        8.1405698380211167        11.804882260623907        2.0000000000000000                1
   9.9282070108484373        6.1239895508690712        7.7150914996503444        2.0000000000000000                1
   6.6759295918818999        8.1423751005626581        27.688549234587637        2.0000000000000000                1
   7.5162312110848157        5.7373875601461339        27.119066577535687        2.0000000000000000                1
   6.8052389384310112        9.7163983848262241        5.6670375921793461        2.0000000000000000                1
   8.1573475531444330        6.5736433679973914        18.527246653130373        2.0000000000000000                1
   8.4983246686076050        3.6539501659340061        4.7176854509461048        2.0000000000000000                1
   4.1427817743324837        4.1982298965655982        18.813602940447936        2.0000000000000000                1
   4.4187407401944636        3.8233186586211270        31.452012788749112        2.0000000000000000                1
   9.8762286668535157        5.6053976879702754        23.618447984262446        2.0000000000000000                1
   3.6969723873740792        4.5346291981577291        2.4000521206190171        2.0000000000000000                1
   5.3442136997577947        7.6598443940756518        29.528789358651640        2.0000000000000000                1
   9.8683634871517576        7.4176201770426236        17.716815960502529        2.0000000000000000                1
   5.7364797827905400        9.8948029241719215        34.790475891054363        2.0000000000000000                1
   9.3193748373000904        4.4738316218090048        38.548816393350769        2.0000000000000000                1
   9.9151353731966569        6.1378532517387701        14.379366432220371        2.0000000000000000                1
   9.2051991574878702        4.3820167972654644        27.868704877800802        2.0000000000000000                1
   6.0610609079462048        7.0090199751041400        32.142732753599056        2.0000000000000000                1
   5.1335340542157946        5.4003736182850952        5.4402894335371688        2.0000000000000000                1
   9.7833787296191073        5.9160387024667731        36.966163210148125        2.0000000000000000                1
   7.2927230111433392        5.8592590091372019        14.063467232588733        2.0000000000000000                1
   9.0922284722341349        4.4048744667779944        5.0453066805463509        2.0000000000000000                1
   4.6337566675655504        3.5996068778357859        27.232584777419586        2.0000000000000000                1
   7.2568040309299615        3.1175256515069347        36.375963616629619        2.0000000000000000                1
   8.3947998219819713        3.6247407498084070        9.0900965874643678        2.0000000000000000                1
   8.6267570132122806        3.7454006463982390        11.199101150066619        2.0000000000000000                1
   7.2441763697560626        5.2311915282136301        19.834054038166787        2.0000000000000000                1
   9.6928952435595992        7.5610880758883496        26.117874102853470        2.0000000000000000                1
   9.9831241424534234        6.3984320961972871        26.319713590151444        2.0000000000000000                1
   9.4710504569363518        8.3410169490091697        39.511011652564328        2.0000000000000000                1
   6.8874679050719942        7.9612280528516761        16.651990784756080        2.0000000000000000                1
   4.7041560726703127        9.3977198812231819        28.756278243599443        2.0000000000000000                1
   3.3695045126959284        7.6698504695639977        39.158090338559305        2.0000000000000000                1
   6.1376809559480048        5.0409464259761458        5.2375731527670837        2.0000000000000000                1
   5.8999595087987746        9.9254118399148172        32.694352301398176        2.0000000000000000                1
   9.6109923968346944        4.9054597448160395        36.609694816175299        2.0000000000000000                1
   5.2476784844033411        9.6096943532441053        1.1592866013108145        2.0000000000000000                1
   4.8669806201069541        7.0331117416207407        27.620210128689070        2.0000000000000000                1
   3.8160195950195259        8.7259603662336467        28.670945162916002        2.0000000000000000                1
   5.2160717752807528        3.2581217220844683        29.144378991751012        2.0000000000000000                1
   5.0593329576953412        3.4053454908205092        39.806860139308448        2.0000000000000000                1
   5.4465126531908599        5.1562160882987378        28.308509114415692        2.0000000000000000                1
   5.2575980220786089        7.4874319630968120        10.799425517154157        2.0000000000000000                1
   5.2863158349514316        5.3660976376446943        13.875744365403461        2.0000000000000000                1
   7.9173452771433421        7.8355664067606874        31.873498502516703        2.0000000000000000                1
   8.2087026622584904        9.0660070027506521        22.146902436213846        2.0000000000000000                1
   7.8472820384282951        7.3091345608536598        38.217790105497244        2.0000000000000000                1
   7.9165957132741598        6.2356009326312414        37.662810573390033        2.0000000000000000                1
   3.0354012684974578        6.6458735734537697        35.183418000484565        2.0000000000000000                1
   5.2108535175965613        9.6806124790230932        36.754174699586478        2.0000000000000000                1
   5.0332309766481220        5.8321393535415398        15.835160836603228        2.0000000000000000                1
   5.6148458330096886        5.5016821409211154        39.156084619090748        2.0000000000000000                1
   8.0835422725270778        4.6924603104525087        23.799375183340228        2.0000000000000000                1
   7.8151357887026105        9.7097647644205765        3.9390625401489832        2.0000000000000000                1
   4.0260307264846364        6.1323507434654410        23.965335570129174        2.0000000000000000                1
   9.6435627998557347        5.2614307237794753        32.218692449647563        2.0000000000000000                1
   4.9577858410942923        3.4613721558347801        8.4468012357116127        2.0000000000000000                1
   4.9153565898600124        6.6813196718028562        34.030287601074676        2.0000000000000000                1
   7.9494568947255253        5.8364929484831976        30.956224104376378        2.0000000000000000                1
   7.5851122897223382        3.2214198213671561        38.448958120686100        2.0000000000000000                1
   9.0961794135157952        4.3414547935536829        34.059192708887409        2.0000000000000000                1
   5.5658111216248294        4.9968798695628269        1.1604315614503304        2.0000000000000000                1
   3.8580434167688527        4.2852124451744436        27.301885411739423        2.0000000000000000                1
   8.1022166114886165        9.4718230813491679        1.5493249362090300        2.0000000000000000                1
   7.7353282087703947        9.6866520184416753        34.950849783768582        2.0000000000000000                1
   3.4190134029218804        4.9022021004665000        18.491031550454466        2.0000000000000000                1
   3.3282439369473988        5.5479107339769236        33.431786767414508        2.0000000000000000                1
   5.6700975075065028        7.9127205650754426        37.841305414774844        2.0000000000000000                1
