     1000000
           1
  0.10000000149011612     
   5.9940253861661512        8.3268061549787866        25.403857545571487        1.5000000000000000                1
   4.0554363553342681        8.6747552390812199        38.426167635094174        1.5000000000000000                1
   6.2081972567034134        8.5109086250333803        3.8502756655612611        1.5000000000000000                1
   7.6537169167599766        5.4321180941838048        8.8381313057996689        1.5000000000000000                1
   5.8556696690687851        3.1125399513157790        3.4347359831461906        1.5000000000000000                1
   2.7136091988142867        6.1199834383110154        10.150045954289855        1.5000000000000000                1
   6.1326697206235270        7.5453754962767663        8.4742456240344470        1.5000000000000000                1
   7.1132499717462041        7.0746818268046034        28.363209586075357        1.5000000000000000                1
   3.8128923001444517        2.9001366289138488        21.817496148228660        1.5000000000000000                1
   2.4858502143983694        5.4407736524276524        22.277666265165855        1.5000000000000000                1
   3.6509171059075762        5.0033457624205049        23.259943480645081        1.5000000000000000                1
   4.8333038463585156        5.0824297129982332        14.185451025661148        1.5000000000000000                1
   8.6257500154490447        4.3800302066551025        29.382285499271092        1.5000000000000000                1
   8.7249120945704171        6.0790219831367640        24.274990444136762        1.5000000000000000                1
   8.4078870690983543        4.3700095539745458        9.9087211086695053        1.5000000000000000                1
   6.3549351011388566        4.8262700414415951        29.049462804228142        1.5000000000000000                1
   7.5549092573386654        6.5391508741911002        21.363623388640782        1.5000000000000000                1
   6.1140505127209490        6.8754630221801243        4.6121040312781334        1.5000000000000000                1
   6.9339856306145373        4.8123560743047253        30.586094187615291        1.5000000000000000                1
   6.2811239218176604        4.2515129917928514        22.330213366979486        1.5000000000000000                1
   3.7832696868823676        4.8286995962096713        39.169905283628367        1.5000000000000000                1
   8.3500222890633893        3.5985090303574063        4.8262151834204143        1.5000000000000000                1
   7.1056143313135642        7.8048790018658716        35.813262728623080        1.5000000000000000                1
   7.5118229613047847        4.6351806134139517        35.234902547942688        1.5000000000000000                1
   7.3597083564687580        7.6065504272880933        38.087666858504484        1.5000000000000000                1
   7.6678541063580230        2.8905706006495522        3.1694196692945034        1.5000000000000000                1
   4.4330178314644648        6.1768880001969926        7.6663594646586040        1.5000000000000000                1
   5.2639690277625473        8.4601354594044551        39.731006599799741        1.5000000000000000                1
   6.3135633944096625        6.2553412280196783        20.141937716175022        1.5000000000000000                1
   7.1347391734520054        4.7741964769022500        5.7256664093583751        1.5000000000000000                1
   5.8846443168895455        8.2234680621046969        19.569261870906317        1.5000000000000000                1
   7.0064239918550779        4.7419346591371161        20.245359921495442        1.5000000000000000                1
   4.3865008823726930        8.8566288414408714        22.955805794606778        1.5000000000000000                1
   4.6343945138110962        2.9611078931695958        29.857547971269298        1.5000000000000000                1
   8.1978476617883196        4.9082613846890322        33.037467295855571        1.5000000000000000                1
   5.6206603813531721        4.8136603511404212        39.759035934825093        1.5000000000000000                1
   3.6537699962217185        7.1929405201078556       0.69236497362192573        1.5000000000000000                1
   2.6726657841858601        4.8087372672792972       0.19007389215413981        1.5000000000000000                1
   8.4008839113455984        5.1595576824089973        36.593800661266556        1.5000000000000000                1
   3.7226238502662419        4.7396670522736022        29.198392501016706        1.5000000000000000                1
   3.0529558920773328        6.1418700558640804        19.612166471726034        1.5000000000000000                1
   5.9367417323233749        9.2227355338046308        22.503959569756191        1.5000000000000000                1
   6.0889743905635374        4.8496111738624084        8.4151134636943983        1.5000000000000000                1
   3.8605090951278620        6.6038466899555255        27.340309230443232        1.5000000000000000                1
   2.5769600726699773        5.3476954580484524        32.995954150833860        1.5000000000000000                1
   5.6451913628579593        8.8786167406210019        18.117257129651776        1.5000000000000000                1
   2.6817344085367454        4.8292177792798050        17.503385151151981        1.5000000000000000                1
   6.4129514523898505        7.0793729453969743       0.89915827189651876        1.5000000000000000                1
   7.2578065723502059        6.0411042171010711        39.251768686738338        1.5000000000000000                1
   4.8024191305048465        3.8357524784388035        35.556502761231442        1.5000000000000000                1
   6.0754345663243701        6.5239201169328327        36.509242513715321        1.5000000000000000                1
   4.6118098078461083        2.5674664256566864        7.0480924189991505        1.5000000000000000                1
   3.6658559213568758        6.6604522509900406        16.752037067524718        1.5000000000000000                1
   6.6672139934114654        4.5757479978700015        10.435515089268289        1.5000000000000000                1
   4.2975897530209624        5.6314000108199114        3.4610885193891927        1.5000000000000000                1
   3.6299434489375555        4.5909988165361124        2.3126975270717094        1.5000000000000000                1
   2.5509527476765443        5.4792048972679419        4.6506161993241575        1.5000000000000000                1
   5.8441983783385592        7.4034506254310921        23.096720011264402        1.5000000000000000                1
   7.2327950187952235        6.5524057417121693        30.074770537856825        1.5000000000000000                1
   3.9651649780428539        3.8372192599923536        7.7082446426650009        1.5000000000000000                1
   5.3163670775687679        3.0863171561476492        32.295525110898645        1.5000000000000000                1
   2.7318765466913120        4.9948544292392318        28.081750409417712        1.5000000000000000                1
   4.4181151947668171        3.6237589535223149        18.932273623218812        1.5000000000000000                1
   5.0119736040425558        4.9316853807721310        21.536044744668150        1.5000000000000000                1
   7.8458527047306541        6.9838146880910905        19.621504128911958        1.5000000000000000                1
   8.2780820876813337        8.0921556202044798        36.796561333715971        1.5000000000000000                1
   6.5851948678853622        8.5214240432104447        15.945255856768714        1.5000000000000000                1
   7.4462512244349481        7.2027503686259831        7.3818079348248613        1.5000000000000000                1
   6.3152715428521722        2.4048996491586148        34.962311331923956        1.5000000000000000                1
   6.7751851580092737        3.4048846799060404        38.925013403651633        1.5000000000000000                1
   5.6030453896995205        8.0347505459781541        37.133866491713889        1.5000000000000000                1
   3.3154160904934429        3.7881397590252206        25.747556777940250        1.5000000000000000                1
   4.3353573495978255        8.7110047679327263        2.5305814509233002        1.5000000000000000                1
   3.7408174889792458        3.0235975509107345        38.566249867895209        1.5000000000000000                1
   4.2953292513331638        4.6506070987489023        10.801179134523336        1.5000000000000000                1
   5.3699772409602051        5.7208308473557929        28.281142117692529        1.5000000000000000                1
   8.6722660316056910        5.4619243383473242        5.3200650412638879        1.5000000000000000                1
   3.7175306343072143        6.3748295927867371        34.517799094245461        1.5000000000000000                1
   5.4289762178961558        6.7392589850146640        14.408670008896738        1.5000000000000000                1
   7.3225075738632137        2.7188785102369284        19.254408836467348        1.5000000000000000                1
   4.1892791574922086        6.1064978230966505        31.694164079953815        1.5000000000000000                1
   5.4596361578009285        8.8607457147807622        6.4222811539782372        1.5000000000000000                1
   5.3763731586247507        5.3758226505619193        35.348938301864322        1.5000000000000000                1
   4.6295726488469437        3.7423069992620821        5.1396331727914539        1.5000000000000000                1
   8.2276048463405527        3.4058511128731817        38.193424424946649        1.5000000000000000                1
   3.3991690424827019        8.0257991794000070        27.946521625175180        1.5000000000000000                1
   6.2757673012933859        7.5335667397968686        31.965287680413919        1.5000000000000000                1
   8.1737017075282470        7.7670595963052893        5.9998763865056688        1.5000000000000000                1
   5.8340932741560039        2.4004054023963253        16.318695411997588        1.5000000000000000                1
   9.1204830313696466        5.0376368068861996        8.7078643151533868        1.5000000000000000                1
   5.9547892743425850        5.7808471938609349        2.9835604308844221        1.5000000000000000                1
   7.5234799142947280        7.0704092169183239        14.070328181063989        1.5000000000000000                1
   5.0584995746849142        5.3517087133797370        26.406188454714570        1.5000000000000000                1
   2.9783556230674013        5.9534749869655315        1.5954771055721255        1.5000000000000000                1
   2.9744366808073721        6.4889544759264890        3.5270410955427214        1.5000000000000000                1
   4.1189633868353717        6.7858791870329620        25.172680901394404        1.5000000000000000                1
   2.8864311734635280        5.6970074254529246        35.933948938002871        1.5000000000000000                1
   4.3329076622528202        7.8919581049363590        12.791240703927912        1.5000000000000000                1
   5.8570657043331567        2.3465493444610539        24.180355691073828        1.5000000000000000                1
   8.9449946708767296        7.0460852957152396        1.7153510062350108E-002   1.5000000000000000                1
   2.9978168546193698        7.7287191791900325        22.354700428352370        1.5000000000000000                1
   7.0415620968475165        3.9196989544953946       0.34285920388624253        1.5000000000000000                1
   2.7177533213894378        6.7055814435540029        21.271549526791027        1.5000000000000000                1
   6.0331569459424070        6.5223052840445384        16.913631066387460        1.5000000000000000                1
   6.4562731552206962        2.6146371005580415        13.857235079947291        1.5000000000000000                1
   4.3678244553642589        5.2446264527003210       0.87210272547578671        1.5000000000000000                1
   2.5032175251089352        4.5573705179242125        6.3099066456628830        1.5000000000000000                1
   6.4527117839617611        2.9082094456363743        1.5153511775660879        1.5000000000000000                1
   6.6622376679485660        7.8130567526103736        13.009318265776562        1.5000000000000000                1
   4.9637168066845012        4.0706071140475855        38.207811392061664        1.5000000000000000                1
   7.3635366046869617        2.6588766627706883        20.947341968592479        1.5000000000000000                1
   7.9432906854987948        3.4146701438866227        6.7056341898373049        1.5000000000000000                1
   2.5548644262605364        5.4348409255419652        24.992174866330402        1.5000000000000000                1
   3.6789906602175768        4.1188573268261992        32.421656531564594        1.5000000000000000                1
   3.5328873310960813        6.5382161454712389        37.378673878146628        1.5000000000000000                1
   7.8687899807445429        5.9977795400226492        1.1210084959225206        1.5000000000000000                1
   6.1764606329234919        6.1122510317635923        25.047450510607295        1.5000000000000000                1
   3.8376137182272454        3.5038126427473069        17.074429367419871        1.5000000000000000                1
   3.5273113976865869        3.7449993491187339        34.587827124296190        1.5000000000000000                1
   7.4193221534169362        8.5412135589455769        11.490618405264994        1.5000000000000000                1
   4.5051698089276027        6.4019909068608225        21.653572534072584        1.5000000000000000                1
   7.0328087583142267        8.7735622863699358        5.8718954535088121        1.5000000000000000                1
   5.1056800208207367        3.4651436142726380        33.777631951499274        1.5000000000000000                1
   8.8854290350587970        4.6463075192240542        20.399760933832059        1.5000000000000000                1
   5.7563416237093472        3.4777570504379507        12.645761331646044        1.5000000000000000                1
   7.7785179039272068        5.9443686798990996        3.3617397754302862        1.5000000000000000                1
   3.0651863245579625        3.8116496354467646        15.595976199369318        1.5000000000000000                1
   8.4432098385686221        4.9959134250694550        17.570050600892529        1.5000000000000000                1
   2.5607461086694441        6.9687700702998443        14.905888647294535        1.5000000000000000                1
   7.1963733505861178        6.4885997745429460        9.9411230475177490        1.5000000000000000                1
   7.3447857602234610        3.9892129809509980        16.709979024166365        1.5000000000000000                1
   7.9509821516574917        7.1691258173025778        31.657057831917101        1.5000000000000000                1
   5.7624961060021320        7.4679129977020287        30.495578714430835        1.5000000000000000                1
   8.5400965982587138        6.3998161954572579        28.416784408209665        1.5000000000000000                1
   5.6535903950189441        5.4513871097714537        33.178233056253973        1.5000000000000000                1
   2.4468623202356379        4.6759858901142604        11.373213341754292        1.5000000000000000                1
   4.4214878492939356        2.5252689545599094        27.574377363538282        1.5000000000000000                1
   5.5640164128635714        9.0560155737794705        9.5801841465863866        1.5000000000000000                1
   7.6551283862934705        5.6985869116439760        12.649544488288932        1.5000000000000000                1
   6.8485026813516878        6.3570486868675138        15.607854278174331        1.5000000000000000                1
   5.3731091778179882        8.7026974773252377        33.590768095918442        1.5000000000000000                1
   8.6436378548177721        7.4172511069712614        25.058320223181756        1.5000000000000000                1
   8.4747766968994505        6.7666877552156253        33.472004585263839        1.5000000000000000                1
   6.8971630511586444        6.3979392067855683        26.890630434845058        1.5000000000000000                1
   5.6070820354207136        2.9888122176347385        20.178658618939068        1.5000000000000000                1
   8.6829897773448241        5.1408837796553817        14.978192722902838        1.5000000000000000                1
   5.0022834714100215        7.5776196402254676        28.405506568758010        1.5000000000000000                1
   4.2701453377230774        3.2290509355357644        23.413697360873595        1.5000000000000000                1
   7.7725664914036710        6.9853761857671293        17.423757559703592        1.5000000000000000                1
   6.6751336861198309        2.7963930283656286        4.8276568512197677        1.5000000000000000                1
   6.3508123812825854        7.0748032216126742        11.201593516054935        1.5000000000000000                1
   5.6932467309323487        4.4096794138031381        19.356518485107117        1.5000000000000000                1
   6.9510323450113205        3.0923973204656590        26.774281919147580        1.5000000000000000                1
