     1000000
           1
  0.10000000149011612     
   3.5720356781250930        2.2681076627451824        38.543854351449923        1.5000000000000000                1
   4.6951324190354304        2.5893610644518743        15.003515733107244        1.5000000000000000                1
   5.0999135453709634        4.1785314521911872        17.503409556297953        1.5000000000000000                1
   2.6668142645318649        2.7464776510071411        39.738287263347843        1.5000000000000000                1
   4.7277860312065867        2.6358051827829643        1.4591793369323878        1.5000000000000000                1
   4.5373974346084678        4.9640451168345798       0.35506608058263817        1.5000000000000000                1
   2.6094414359986664        2.8267730804586462        18.958989855949024        1.5000000000000000                1
   2.2652814759161579        3.5771727623755236        20.259359334733329        1.5000000000000000                1
   3.1168439781032653        5.0929011015152756        10.297858012613263        1.5000000000000000                1
   4.7856895231017029        2.6993516624229432        30.813506397758374        1.5000000000000000                1
   4.6671157732948618        4.9071582055769545        31.990849889413788        1.5000000000000000                1
   3.9938565656850935        5.2109135361338463        1.8762806567863750        1.5000000000000000                1
   5.1693713714106906        4.1579590060600884        30.733408385717627        1.5000000000000000                1
   4.8235113649270165        2.7483250445898677        22.817489140241396        1.5000000000000000                1
   2.9066631807790797        2.5292290211629282        28.479555247370005        1.5000000000000000                1
   3.7663926934295637        3.6948115768706220        20.699565156324638        1.5000000000000000                1
   3.8218539676425003        3.7607366407350411        31.463253849423054        1.5000000000000000                1
   3.5923567092119812        3.8033195832974402        16.653035135921815        1.5000000000000000                1
   4.7601877739584832        4.8278770277276841        16.188529607040536        1.5000000000000000                1
   3.7367890654970033        3.8537922109900049        33.063844978177890        1.5000000000000000                1
   4.9117159582102534        4.6096044962428540        3.1023682448867165        1.5000000000000000                1
   3.4075915670187626        5.2098457136151914        7.1893011335386214        1.5000000000000000                1
   3.9901510608949180        5.2189833511960240        30.517794639426040        1.5000000000000000                1
   2.3482613965257046        3.7006342950763615        24.695548246736674        1.5000000000000000                1
   3.2374155962909223        2.3405259272253365        17.622042039857149        1.5000000000000000                1
   2.2625136143782512        3.6147168745489933       0.96431844670957223        1.5000000000000000                1
   2.6246076941437315        4.6762201998138631        14.589120003931752        1.5000000000000000                1
   2.4855159840804610        3.0512763523629047        17.423565269084808        1.5000000000000000                1
   4.9006342241328333        2.7967551125896697        26.745075895546222        1.5000000000000000                1
   4.4136664603441353        5.0523075660128614        33.727695069019120        1.5000000000000000                1
   3.7387525883054766        3.8187520303169138        2.5282421707866574        1.5000000000000000                1
   4.2026242402454521        2.3313441612170664        32.779967193803216        1.5000000000000000                1
   4.7338308774018332        2.6350952538686530        24.331135713102281        1.5000000000000000                1
   5.0475248309801195        3.0157396178017200        12.351985378367509        1.5000000000000000                1
   3.0396918509821296        5.0365766080799075       0.64411064210294178        1.5000000000000000                1
   5.1424969084869669        3.3614948139437284        29.451297280181912        1.5000000000000000                1
   4.2546510875337038        5.1533303377902593        27.834169601496615        1.5000000000000000                1
   4.8620805670722254        2.7438244772211533        20.242684783154509        1.5000000000000000                1
   4.7115276418894370        2.6221126256730720        8.1061970132333414        1.5000000000000000                1
   4.8241531115589042        4.7267077327804161        6.7989015148634779        1.5000000000000000                1
   4.6896798607337580        4.9153177747470282        36.296540387270547        1.5000000000000000                1
   4.6828232787309991        4.9243156061642956        21.528111292007971        1.5000000000000000                1
   3.2613909983515503        5.1662558802917218        13.321665636367980        1.5000000000000000                1
   4.0545018603435512        2.3247569310724789        18.901218958352121        1.5000000000000000                1
   2.2778936934069933        3.8905497700193972        10.649918231828321        1.5000000000000000                1
   4.0083133591527318        2.2753783407380315        25.633100281300432        1.5000000000000000                1
   4.2003459196775017        2.3415812545411612        39.904701947526270        1.5000000000000000                1
   3.0752271482344637        5.0212055264915980        24.883373396548677        1.5000000000000000                1
   2.7481080743274822        2.7319467611654940        32.766403945071843        1.5000000000000000                1
   4.8119370653174247        4.7963907890535076        25.271075169650565        1.5000000000000000                1
   5.0880689778949852        4.2342340633115949        22.861024451940061        1.5000000000000000                1
   4.5119762554113700        4.9816292012471539        24.274301685962993        1.5000000000000000                1
   3.7118346742353272        3.6313893881590316        36.359528141264853        1.5000000000000000                1
   3.2283281837627777        5.1097387044074294        18.862749115202213        1.5000000000000000                1
   5.1670354122752267        3.3052622016763151        25.797412250431140        1.5000000000000000                1
   3.6574994344273941        3.7197311729376041        5.7231201023740148        1.5000000000000000                1
   3.7321003221618190        3.7590557849981963        15.070801319100651        1.5000000000000000                1
   3.9634249601244473        5.2328049753215566        17.541236831371190        1.5000000000000000                1
   2.4329852617484944        3.1239305904311157        7.9998038471418873        1.5000000000000000                1
   4.3669874089469305        2.4199287732674044        10.987726187675717        1.5000000000000000                1
   2.7050099697404586        2.6833268243722026        21.654633183561536        1.5000000000000000                1
   3.7937302139635545        3.7628593988216354        7.3515815403254967        1.5000000000000000                1
   3.8062244675268078        2.2614248441174851        2.6105187390351010        1.5000000000000000                1
   3.5651364489238579        5.2272631295573406        39.143213820894104        1.5000000000000000                1
   5.1472470561130361        3.2983893332482244        16.274306488883060        1.5000000000000000                1
   4.1027193554252461        2.3240235269140648        9.5117061731864094        1.5000000000000000                1
   2.7501650550944361        4.7946958707837943        27.680891481308144        1.5000000000000000                1
   5.1678425223753468        3.4837620688963766        21.549997624255465        1.5000000000000000                1
   2.6120723207966843        2.8734013522713497        35.468431119098462        1.5000000000000000                1
   4.0836586964382864        5.2037338359546110        37.658831224168885        1.5000000000000000                1
   3.4653461519806927        2.3116513039912152        27.092380668023729        1.5000000000000000                1
   3.7665746213855567        3.8541563049308150        29.845083291848724        1.5000000000000000                1
   2.3127034830694360        3.8725780417813889        18.758724736073404        1.5000000000000000                1
   3.6776228619072153        3.7252064918566186        34.823292988046958        1.5000000000000000                1
   3.2401715783058900        2.3417589933725314        1.1617247292011905        1.5000000000000000                1
   3.7509763447242115        3.6391840597093013        22.214663832108048        1.5000000000000000                1
   2.8218379655939927        4.8603021195768932        11.797032206766014        1.5000000000000000                1
   3.1197185993436523        2.4011367135459927        36.985099739080795        1.5000000000000000                1
   3.7937228864488857        3.7138678162501346        37.912853324246704        1.5000000000000000                1
   3.7609283107193510        2.3334903255239201        23.002318557059958        1.5000000000000000                1
   4.9871397397144799        4.5976689420040460        38.924610200994785        1.5000000000000000                1
   4.9589180824636188        2.9001012279387042        38.671239319106377        1.5000000000000000                1
   3.7219534332572870        3.7706465207708106        4.0281221401062499        1.5000000000000000                1
   2.3217908890830690        4.0888425860882034        7.7134249847862932        1.5000000000000000                1
   2.3035268021398192        3.3855689685156816        31.398336249413315        1.5000000000000000                1
   4.0110351682973917        2.2832225666994383        16.336646724112853        1.5000000000000000                1
   2.3969340119553730        3.1086635629524046        23.263894080967081        1.5000000000000000                1
   4.6618355255967012        4.8794016596081553        9.8247249567535544        1.5000000000000000                1
   3.3731704672341598        2.3319586610038128        5.2016570473859725        1.5000000000000000                1
   5.2008778624596115        4.0549218940513789        14.916832591719087        1.5000000000000000                1
   3.1203993122647780        2.3980779052726384        8.0867590070918833        1.5000000000000000                1
   5.1727628388516038        4.2155829384371479        8.1770912175640831        1.5000000000000000                1
   2.3598924170766313        4.2085595156000046        39.508697400386694        1.5000000000000000                1
   2.6155725459782109        2.7921018447793635        25.901270994414457        1.5000000000000000                1
   3.7527057214707531        3.6653405738880260        10.413475043395765        1.5000000000000000                1
   3.9081167152717744        5.2253443681704077        5.6444328503215413        1.5000000000000000                1
   5.1593621256286992        3.2896767946822987        36.008181247091521        1.5000000000000000                1
   2.5382447815543756        2.9464659020244550        29.968622335306748        1.5000000000000000                1
   4.7938318626020040        4.8206327210991589        29.304073133369577        1.5000000000000000                1
   4.8422113279954191        2.7231123646602984        5.4247205297039827        1.5000000000000000                1
   3.7905519692943606        2.2553140026250418        12.836412597327159        1.5000000000000000                1
   2.4155120359630295        4.4160354032050044        6.2083493233705056        1.5000000000000000                1
   2.5706670237294502        2.9397323226105740        6.4944243447203025        1.5000000000000000                1
   3.7201951219847116        3.8412570280738718        28.330802020583782        1.5000000000000000                1
   5.2464302786692674        3.7435921133159908        4.2830841145538168        1.5000000000000000                1
   5.1170347760627672        3.7765478461286830        11.029775672541293        1.5000000000000000                1
   3.4382781109117517        5.1846493151886346        3.2933786989839375        1.5000000000000000                1
   2.3838170451066865        4.3061381917456591        26.075788212494245        1.5000000000000000                1
   2.5252584997378404        4.5428661189509274        20.152748981682947        1.5000000000000000                1
   3.9698553321365866        2.2798971439235931        6.7070560656802076        1.5000000000000000                1
   3.7351317592484055        5.2325434224934142        26.361634836162953        1.5000000000000000                1
   2.4242745361359321        3.2037967416848749        38.296794095884714        1.5000000000000000                1
   4.3412989617259736        2.3894277870461238        4.0144101855724816        1.5000000000000000                1
   3.3188652486576800        2.3173611479389828        14.409783841067798        1.5000000000000000                1
   3.3019536449566780        5.1601515291167095        29.134378923385757        1.5000000000000000                1
   5.1075346196095612        3.1275271261882795        2.8267699442376881        1.5000000000000000                1
   5.1839595572119892        3.9929328635928485        37.422692376260080        1.5000000000000000                1
   4.1124201509663534        5.1730754829658157        14.578941345932886        1.5000000000000000                1
   3.7897047603988780        3.7644081951874417       0.98512115391898869        1.5000000000000000                1
   2.3114999598955959        3.9553364372581874        3.4995722228808477        1.5000000000000000                1
   5.1850690492688765        3.3573084266514575        18.883349453127572        1.5000000000000000                1
   4.3373255206970391        5.0579335621833756        11.367211952964627        1.5000000000000000                1
   4.1688363597952502        5.1538682800264013        12.865388438684095        1.5000000000000000                1
   5.0735766147145149        4.4260106111121100        11.817541165813161        1.5000000000000000                1
   3.8860508837922993        5.1396366184435536        22.861252835647495        1.5000000000000000                1
   2.6575312073010919        2.7717436624036944        15.815272506861096        1.5000000000000000                1
   5.1956884774793703        3.4211115601424842        9.4992604931688831        1.5000000000000000                1
   4.7825881017674483        2.6679046944794131        17.609743189537649        1.5000000000000000                1
   2.2656871720663636        3.8941677551993195        28.836808295000235        1.5000000000000000                1
   3.3527353191193154        2.3095955687726542        31.285537155880480        1.5000000000000000                1
   5.1320754636613595        3.2534461078202814        6.8013417677853010        1.5000000000000000                1
   3.7480141724848495        3.7748163059545159        26.825610326637001        1.5000000000000000                1
   2.3065032132079279        3.4557397687188467        11.564342151139529        1.5000000000000000                1
   2.2677412780657349        3.7807841734976191        36.839693354792438        1.5000000000000000                1
   3.8612557234006597        3.7683797144362221        39.468823146962698        1.5000000000000000                1
   4.7453505580275994        2.7088058353560278        13.918983167005930        1.5000000000000000                1
   3.1042719330492665        5.0071678186623290        36.531861295269216        1.5000000000000000                1
   3.2855391147836048        5.1400038431034512        15.990548280215656        1.5000000000000000                1
   3.2693371161710734        2.3472701162898932        20.251034026044575        1.5000000000000000                1
   2.3099760734668870        4.0608455816947506        12.961509325631212        1.5000000000000000                1
   2.7559328326476238        4.8476441374280848        4.6683054149734335        1.5000000000000000                1
   2.4009012865186219        3.4131534531067604        34.078850607563581        1.5000000000000000                1
   4.7713536594694546        2.7930529751671789        33.526294309536837        1.5000000000000000                1
   3.4357417306850717        2.3271002642926337        34.251825993381878        1.5000000000000000                1
   4.0420460562790046        2.3033443828934792        35.712711356136204        1.5000000000000000                1
   3.6910517205783906        3.7191891233614629        13.498198112451211        1.5000000000000000                1
   3.2462165062171406        2.3870296084307410        11.088824058847088        1.5000000000000000                1
   4.5149498302738644        4.9951789768397292        8.3329122788682710        1.5000000000000000                1
   5.1563285706317492        4.2642602034679786        27.011926584494077        1.5000000000000000                1
   3.8648643142741923        3.6901153921664345        8.8605080094242830        1.5000000000000000                1
   3.7508342492737898        3.6631015889007772        11.947209805150610        1.5000000000000000                1
   2.7399948464918937        4.8519638439818502        31.266306391902560        1.5000000000000000                1
   5.0981511386634555        4.2319878488110794        1.5817195417971928        1.5000000000000000                1
   2.5456838160028350        4.6267170824723971        23.342508531528811        1.5000000000000000                1
   4.3231392578541277        5.1252032748109801        4.5774666159523205        1.5000000000000000                1
   5.1116923545568778        4.3783577426800129        33.354586983728225        1.5000000000000000                1
   2.3218594454392192        3.7818594387911713        15.807496009514690        1.5000000000000000                1
   4.8765059861392341        2.7984557916749111        34.540183255443985        1.5000000000000000                1
   2.3242636366748410        4.2093261476350188        32.696922487877771        1.5000000000000000                1
   2.8509682829249758        2.5696096000451449        3.7569729823473881        1.5000000000000000                1
   2.4146663644334443        4.3662904640339226        35.354071926338854        1.5000000000000000                1
   2.8780627686089995        4.8955006938276533        33.936250125832188        1.5000000000000000                1
   3.7425881269808148        3.7204176018675921        25.251146227485236        1.5000000000000000                1
   3.8083006728114568        3.7801967752234478        19.685538372414371        1.5000000000000000                1
   2.6460872052965625        2.7781623879949748        9.6833722489903504        1.5000000000000000                1
   2.5783378256051455        4.6776223533783821        2.0624608413227796        1.5000000000000000                1
   2.3616822429638065        3.3196805071944264        27.304232040070051        1.5000000000000000                1
   3.6104516105095392        5.1690824291487383        8.7755718105588851        1.5000000000000000                1
   3.7327692174134874        5.2053570686434414        35.146899009771040        1.5000000000000000                1
   2.3977759048852341        4.3493678264969677        9.1944447114759811        1.5000000000000000                1
   2.4114296153174686        3.1559275872422803        14.233552003647009        1.5000000000000000                1
   5.1191614176105196        4.3074333579457020        5.7055839965220869        1.5000000000000000                1
   3.7699611795641101        3.6512407123356212        18.157677291081409        1.5000000000000000                1
   4.4527823976220438        2.5322770529523080        28.206642749473620        1.5000000000000000                1
   3.9418364113293043        5.2198372591007534        20.217691482592290        1.5000000000000000                1
   3.1381668749510498        2.4334423348180065        24.387665905141532        1.5000000000000000                1
   2.4511630619407212        3.0023623404398974        2.3220164835274537        1.5000000000000000                1
   5.2231019147728324        4.0085238836670403        28.087887153495721        1.5000000000000000                1
   2.2855858162298106        3.4326880638504176        5.0666486430166833        1.5000000000000000                1
   2.5875265185659071        4.6905786191932846        38.106604052818973        1.5000000000000000                1
   5.2048510903147980        3.5605031676404462       0.17492685872433794        1.5000000000000000                1
   5.2093244284369620        3.5473969726384560        24.295549673137657        1.5000000000000000                1
   5.2170935082812484        3.4451036879761077        32.070879552468554        1.5000000000000000                1
   4.7402957807720538        4.8315537501504551        18.889416249545846        1.5000000000000000                1
   5.1448086384085547        4.2356766727817980        20.216219408001709        1.5000000000000000                1
   4.6383127703095823        2.5485593458651161        37.241608476860037        1.5000000000000000                1
   5.0874068983028540        4.3660007521911863        34.889565171787673        1.5000000000000000                1
   5.1752550130338530        4.1707442060709683        13.417835960468315        1.5000000000000000                1
   3.8548098332709033        2.3047715173924246        29.632187043729282        1.5000000000000000                1
   2.8565327914353178        2.6215313865677805        12.891674944368734        1.5000000000000000                1
   3.6351335875959143        5.2258368806069155        32.448960521120156        1.5000000000000000                1
   4.1788684615048641        2.3368169066731816        21.519415288780078        1.5000000000000000                1
   2.5390092461573994        4.5987680485288713        17.395703598886257        1.5000000000000000                1
   2.3779562073432858        4.3009798201086591        21.728025791505289        1.5000000000000000                1
   3.1449054898942759        4.9365963330732825        21.510094090139180        1.5000000000000000                1
   2.4862597599298670        4.5567509459529925        30.298612272851646        1.5000000000000000                1
   3.7599455395517825        3.6997595512114425        23.719339164293782        1.5000000000000000                1
