     1000000
           1
  0.10000000149011612     
   5.9433851681441183        4.4797897372115232        38.888581097584193        1.5000000000000000                1
   3.0917386584643807        4.1487768560385909        15.697179515859617        1.5000000000000000                1
   3.3263971573132736        4.3553936635917516        37.202702595688713        1.5000000000000000                1
   5.9150279320077690        2.7135392062332553        33.456059936851574        1.5000000000000000                1
   6.1254155195008391        6.5561865570404976       0.82657102179371178        1.5000000000000000                1
   5.2774781889144062        5.5073051069118710        21.906268372506471        1.5000000000000000                1
   2.3656255057304967        4.4989634891991885        8.3982629022777893        1.5000000000000000                1
   6.7077142667360325        5.8166056235456214        13.537833344025119        1.5000000000000000                1
   6.4104558945606103        5.4397627740850298        30.337608854533226        1.5000000000000000                1
   4.4084331560357430        6.8524482602979395        31.997724945043633        1.5000000000000000                1
   4.4722046770782056        2.5819873324433136        28.762660067240667        1.5000000000000000                1
   3.5235018457992431        3.2109219015592005        1.4604670047973480        1.5000000000000000                1
   3.7438872681248641        5.1208003244071820        7.9696208539625815        1.5000000000000000                1
   2.8758916079871786        4.1864660174548334        11.713253139285325        1.5000000000000000                1
   5.0853345321993340        4.8241631677598091        15.514098111325900        1.5000000000000000                1
   5.0271920727753088        7.1756668485714341        14.418369531326849        1.5000000000000000                1
   5.5621065599941097        7.0369661109701642        23.989811280197145        1.5000000000000000                1
   3.6453593151341015        6.3900863332447599        33.267460787137516        1.5000000000000000                1
   4.7879259230355444        5.4854167567687266        2.6397430688171188        1.5000000000000000                1
   3.0701349567613221        3.4313565587031234        17.202926156133632        1.5000000000000000                1
   5.0350581226274578        5.8468330234276387        13.450305012460978        1.5000000000000000                1
   4.4357649232160012        5.2397789904949130        4.2686581655557427        1.5000000000000000                1
   4.2907799293087940        5.3321958589892260        10.669606962935770        1.5000000000000000                1
   5.5912754509534661        2.5737728117625225        2.4753682354587645        1.5000000000000000                1
   2.4411714072271473        4.4586189431884220        3.4317531718492313        1.5000000000000000                1
   4.2333490350930356        3.2130184688687580        11.005963838347014        1.5000000000000000                1
   6.4364006112520293        4.3570788389850073        32.485221833540990        1.5000000000000000                1
   3.2248549156526085        6.6392662539575600        38.024043419407548        1.5000000000000000                1
   2.5020878097905235        4.1676315757365145       0.70060811219594288        1.5000000000000000                1
   6.4520114750004938        3.7555899938571029        20.834327362410132        1.5000000000000000                1
   3.9892287430687370        5.3055416289804969        12.435534374096015        1.5000000000000000                1
   6.9605736610313649        4.1961647345260591        5.9732932784157358        1.5000000000000000                1
   2.8282095673485750        4.3594256337456407        9.8923205471104652        1.5000000000000000                1
   7.0406093360162112        5.3273586732878266        24.921851685827555        1.5000000000000000                1
   5.0924424393360930        6.8939507354162188        38.388454908611422        1.5000000000000000                1
   4.7273816744717898        5.8898753501146350        20.036779521973703        1.5000000000000000                1
   5.8256266487296910        2.8463483314095077        29.640902693525238        1.5000000000000000                1
   3.5045914835045711        3.4769582541005279        27.186772106052896        1.5000000000000000                1
   4.4899441285780100        4.8198187319682635        39.048115436949089        1.5000000000000000                1
   5.3564208656540595        2.4820769624697148        22.586827901796138        1.5000000000000000                1
   3.8685546749205542        7.0368782324813894        9.9191060177153307        1.5000000000000000                1
   6.4109812554528895        6.3791517871858918        27.426378897593512        1.5000000000000000                1
   5.3189188689995746        6.3463489847433117        36.916072925357888        1.5000000000000000                1
   5.8267456297248019        2.7456451685153485        27.966400991636153        1.5000000000000000                1
   3.0815017731331316        4.3634275811903107        13.754149351926365        1.5000000000000000                1
   3.7273699352742531        5.1330368987239989        21.082923882040209        1.5000000000000000                1
   5.6886847931890632        6.5911454044475182        31.060294864854697        1.5000000000000000                1
   5.4553672261132684        4.0522456789641970        2.7376413956268006        1.5000000000000000                1
   3.6804400791507814        2.6689106999282779        30.320170138868523        1.5000000000000000                1
   5.3350157014853679        5.3570884748084868        27.889144918871857        1.5000000000000000                1
   4.2820404610178784        3.2028143031919023        38.338742505293212        1.5000000000000000                1
   3.9949066102613475        6.7519889024740891        18.148157498837055        1.5000000000000000                1
   2.6756785751749508        4.7594886763160398        24.734674412365106        1.5000000000000000                1
   2.9997112307838063        6.3760447858563563        26.932396013489214        1.5000000000000000                1
   6.8632742250191505        5.3730580900785521        20.383173032691658        1.5000000000000000                1
   4.6606314365022019        3.4914290630670970        12.541942619926791        1.5000000000000000                1
   5.9973002110625613        6.2709287315964124        33.037805081820075        1.5000000000000000                1
   5.6722497417401838        2.5038469863929160        13.413389912777150        1.5000000000000000                1
   4.8940827343662487        7.2255706473648997        39.984301451753232        1.5000000000000000                1
   6.6618808833187897        4.1980549277290198        16.092861953256335        1.5000000000000000                1
   5.7784575033565204        2.6241302629024728        4.8504893435571468        1.5000000000000000                1
   3.4714465345033458        6.4823702392382616       0.17979432127798675        1.5000000000000000                1
   3.6330131781689703        2.6717233689253521        25.220215826738613        1.5000000000000000                1
   6.8014029125500057        5.7208540754971891        18.322774658252904        1.5000000000000000                1
   6.2317334273588312        6.6712570697196236        20.835824615480426        1.5000000000000000                1
   4.9387084649766617        7.1693587536584529        11.317372488141640        1.5000000000000000                1
   7.0629627591617723        4.5237131661394931        22.365577208586668        1.5000000000000000                1
   4.6884747278096155        5.6360727757759577        26.451039128150967        1.5000000000000000                1
   2.7249124527040456        5.5363440955361387        19.373925158386278        1.5000000000000000                1
   4.8859278102907426        4.4912194042706908        24.713320869766651        1.5000000000000000                1
   6.8854904110603874        5.9362884481991500        37.583392865002132        1.5000000000000000                1
   5.7534975860180095        4.6848639635160358        18.673525962019340        1.5000000000000000                1
   4.8113625065070487        4.3455152676293354        20.029592254109101        1.5000000000000000                1
   4.8458501440824593        4.5347164380145299        33.686258243201451        1.5000000000000000                1
   3.7762932492829200        2.8871607086889424        14.298194879293273        1.5000000000000000                1
   2.9414255312522459        5.4355743841382109        1.4046687360896923        1.5000000000000000                1
   6.4405939654292235        3.8151281503320362        23.758285434197205        1.5000000000000000                1
   6.3079677436620836        4.9516017556043384        8.7383133220573992        1.5000000000000000                1
   4.8904651281700122        4.9332126857837935        31.887391662699681        1.5000000000000000                1
   4.1486099266346494        4.3882601446171794        17.774184269955146        1.5000000000000000                1
   6.4979728476665297        6.3008846706879469        39.243283985385141        1.5000000000000000                1
   4.4556030326866169        3.0538346176119835        7.6911912422067648        1.5000000000000000                1
   3.0627026727423794        4.2883675332290787        29.593165330076083        1.5000000000000000                1
   3.4756230128545407        4.9588901451271470        31.004802717953282        1.5000000000000000                1
   4.5160587139797830        6.6220654608649552        5.0763096442305011        1.5000000000000000                1
   4.4499633733371580        2.2770029508708349        36.834998872104457        1.5000000000000000                1
   6.1324484270504609        6.8113609747559947        9.8518486569063057        1.5000000000000000                1
   2.9125350410240705        3.5135413834792169        7.2613467519437425        1.5000000000000000                1
   4.7692321340288411        4.2447594803288506        36.170957815178447        1.5000000000000000                1
   2.3708339685224522        5.3631036459204395        22.464825064201449        1.5000000000000000                1
   3.9436328234530849        6.8125064913415700        21.895674001893664        1.5000000000000000                1
   6.8490484705143189        5.9014763637653145        23.428887036365936        1.5000000000000000                1
   5.4087746315657030        2.5084927391078495        8.8249066140714429        1.5000000000000000                1
   3.9090769132072127        6.9338578031384266        34.677919848067170        1.5000000000000000                1
   4.6122499869237901        4.3991777146280908        13.872087513533687        1.5000000000000000                1
   2.7742046428377058        5.8452742422142068        32.140830903756473        1.5000000000000000                1
   3.2487271153603534        3.4615052958181760        21.258571897343206        1.5000000000000000                1
   3.8540296875751996        5.6658193244404735        35.862821643240075        1.5000000000000000                1
   3.0642972234384644        3.2913083401048584        23.781886341767230        1.5000000000000000                1
   5.5961272533671238        4.4372462995253592        26.517448952200883        1.5000000000000000                1
   2.8272420304400492        5.2159601729461009        33.986249643883532        1.5000000000000000                1
   6.9827538015350124        4.6927156009636724        8.9719212725687877E-002   1.5000000000000000                1
   5.5551833471996996        4.7333047331335241        12.476304432037280        1.5000000000000000                1
   3.4834534583864021        6.9022625841545793        19.928256777212251        1.5000000000000000                1
   6.4372044494686715        3.5309118633895555        17.851675853156301        1.5000000000000000                1
   5.7741852220877963        3.4004545756373670       0.63746117490219112        1.5000000000000000                1
   6.1405953437661926        2.9034729471736909        31.966648470951252        1.5000000000000000                1
   5.1295846925931645        2.7735553758583973        16.941208749024081        1.5000000000000000                1
   5.2140172366333966        7.1071234118429016        8.5735438569498701        1.5000000000000000                1
   6.3077746214549828        5.1958536571460368        3.5550661682043359        1.5000000000000000                1
   7.0021547075327151        4.0814434084564395        33.858126016940027        1.5000000000000000                1
   6.1256167805784196        3.0572378140577920        15.028434993901023        1.5000000000000000                1
   3.3609732904077720        5.5304241080679510        16.413209170415204        1.5000000000000000                1
   4.2292056554628008        3.1382656925827010        3.2988985860513838        1.5000000000000000                1
   3.7379695726851101        2.8432693199671841        39.817666044978964        1.5000000000000000                1
   6.7405564738347046        5.6611677043224899        11.376868859391870        1.5000000000000000                1
   4.5213414280680082        3.2063924479680788        32.641664852760663        1.5000000000000000                1
   6.9394589839066381        5.8306853566942012        35.987993299513633        1.5000000000000000                1
   4.5274587898537586        7.1792255142210344        25.181945343834457        1.5000000000000000                1
   2.7063992448347611        6.0927394209472521        24.019145906469440        1.5000000000000000                1
   7.0413068326091679        4.1887433492390658        14.119791830304514        1.5000000000000000                1
   6.9800456692038875        4.4093124816128304        36.773710169538674        1.5000000000000000                1
   7.0271804605114720        3.7394044416283796        4.3384952395162175        1.5000000000000000                1
   4.2865925098471163        3.7162134335593837        22.939393025255804        1.5000000000000000                1
   2.5756739024651862        4.4206968485596354        26.350581114671819        1.5000000000000000                1
   5.0009370288478054        5.2583592471380030       0.42161880546625435        1.5000000000000000                1
   5.9626636336281420        6.1817174769235415        7.1834780041961430        1.5000000000000000                1
   5.7239951754593941        6.7010113757292586        3.4017840056805992        1.5000000000000000                1
   2.7887339426656523        5.3300040459679394        38.861626775575814        1.5000000000000000                1
   2.4791900932988677        5.3680665285683808        6.7673075859205483        1.5000000000000000                1
   2.5519404245288797        3.9593270407051646        32.583514132628423        1.5000000000000000                1
   4.3851410010385266        4.2236561122764122        9.6201127926754584        1.5000000000000000                1
   4.9396904089047844        2.8058140500164628        6.2694168392097032        1.5000000000000000                1
   5.7363162862226256        2.9910571254479819        37.972434771131546        1.5000000000000000                1
   3.5680068232779840        6.8590265693658692        2.4871582590588748        1.5000000000000000                1
   6.3799455651188408        4.5143193221307509        35.324536205712306        1.5000000000000000                1
   2.8743338973505792        3.1129050655189077        18.666380677497283        1.5000000000000000                1
   4.8361176442305185        2.8677422807676427        26.133344425836199        1.5000000000000000                1
   3.8697015477820815        3.8726058811924409        6.1239502668867809        1.5000000000000000                1
   5.7022794464839368        6.1481178392783482        35.034142996549150        1.5000000000000000                1
   2.4781503814129486        3.9409331502076519        35.825905258102182        1.5000000000000000                1
   6.5300648679653550        3.4250846752452553        9.6520308090386351        1.5000000000000000                1
   4.3753432067049296        6.3608768212070714        15.646238936323044        1.5000000000000000                1
   7.0148799557114270        3.9436689461360577        11.953133933481615        1.5000000000000000                1
   6.6575045669340005        6.1468340127537688        4.9087299231875159        1.5000000000000000                1
   4.9539390778765444        6.1127688750119127        17.108347761908814        1.5000000000000000                1
   4.3634258387712066        5.2323511093613684        23.503926043371326        1.5000000000000000                1
   3.4042529769783689        6.1037579089294987        14.078468543933667        1.5000000000000000                1
   4.9260757418654686        3.3367019213944262        31.189428623490638        1.5000000000000000                1
   5.1722180575310226        4.1891110428850231        28.991896378341444        1.5000000000000000                1
   3.2294165875214857        6.5804941089650164        11.276251276131340        1.5000000000000000                1
   3.8549975139729926        3.2643813419290204        34.779261169046350        1.5000000000000000                1
   4.5147896503434239        2.3120830816015254        19.026895999160839        1.5000000000000000                1
   5.6288085633403266        3.0902268216685456        35.114115137838205        1.5000000000000000                1
   6.7433299572093413        3.8907542913408939        28.292608272688376        1.5000000000000000                1
   5.8493232835997802        6.8807508899290291        18.056551197504632        1.5000000000000000                1
   4.3047817441610121        6.3413585828917718        28.734264384992890        1.5000000000000000                1
