     1000000
           1
  0.10000000149011612     
   5.8797849005169054        3.9174302772673277        9.0555181632510831        2.0000000000000000                1
   3.4654346083649656        5.5472790156154703        36.289704180140163        2.0000000000000000                1
   5.8873937596450956        4.8662002231583026        33.515060423783112        2.0000000000000000                1
   5.9838345580658299        4.4131251467725692        29.447832151872067        2.0000000000000000                1
   4.1487465045679865        3.0899905936429359        33.686073743545897        2.0000000000000000                1
   3.3725093543574252        5.3247948478840907        19.013346547074224        2.0000000000000000                1
   3.4182213338387881        3.7801675814597671        29.170070666793293        2.0000000000000000                1
   3.1537446432792642        5.0380202446048239        9.9961522866774537        2.0000000000000000                1
   3.1713562921436242        3.9401674319248765        11.982536408892505        2.0000000000000000                1
   4.1447143237902111        3.0765589991902544        15.904270439313089        2.0000000000000000                1
   3.1261147435288978        4.7011826838419752        20.932441779348316        2.0000000000000000                1
   5.1783422740497453        5.6659675508876353        14.809237612032621        2.0000000000000000                1
   4.5687916860870388        3.0557669240278580        30.738056783068107        2.0000000000000000                1
   3.7852795546049380        5.7436164912584315        24.361355265744937        2.0000000000000000                1
   3.2932925481885724        3.6370088765843005        35.441638012940679        2.0000000000000000                1
   4.1379179850305023        5.8977336008497323        16.789145236160316        2.0000000000000000                1
   3.5633486834769053        3.3648359452130943        13.881239997871635        2.0000000000000000                1
   5.5386045435239586        5.2829088644024420        2.1056957615534997        2.0000000000000000                1
   3.5928259673166991        5.6641487079012318        7.8581153871585263        2.0000000000000000                1
   3.6172088382083047        5.6387250228679031        29.881930620025816        2.0000000000000000                1
   3.9630991324678724        3.1473227753446587        1.2737509863496081        2.0000000000000000                1
   3.0219390371267632        4.4007969683470440        25.918378532837281        2.0000000000000000                1
   3.1298290166481584        4.9859459719941404        33.775962681178214        2.0000000000000000                1
   3.4377156445651180        5.5565175935621065        2.8590385738137321        2.0000000000000000                1
   4.8230293138300686        3.1608323925904420        23.352278021764526        2.0000000000000000                1
   3.0847746795311410        4.9228975655199259        15.211279094766553        2.0000000000000000                1
   4.5724664361378879        3.1008009405302288        39.312823708050303        2.0000000000000000                1
   4.5937030565018890        5.9276638851984069        11.531019846174180        2.0000000000000000                1
   3.3439002497875441        3.5779045444594755        8.5680141894728141        2.0000000000000000                1
   5.8708258459333891        3.9606115262238895        19.704328922505365        2.0000000000000000                1
   4.4401058695408864        5.9413048719225383        30.419708113350865        2.0000000000000000                1
   5.7611425484977898        4.3992844655122711        16.279388973487357        2.0000000000000000                1
   4.2854003993816789        3.0284889053156894        10.420841818609722        2.0000000000000000                1
   4.9135647571934093        3.1859941660664806        7.2924261517368656        2.0000000000000000                1
   4.4429880419030550        5.9122207164579708        5.9467348587810278        2.0000000000000000                1
   4.7653115031647593        3.2786818995207128        36.816712331185784        2.0000000000000000                1
   5.9739587858731298        4.4388488698470177        21.688510939836625        2.0000000000000000                1
   4.9404257572951931        3.1095957669668719        33.021794360307425        2.0000000000000000                1
   4.8528209688438908        3.3896081485821541        17.748791528610301        2.0000000000000000                1
   4.5705850662446812        5.9969020128646857        32.474309647564908        2.0000000000000000                1
   5.6216321430327714        3.5340270681845092        35.018430108749747        2.0000000000000000                1
   5.9151347692603258        4.3705750136600887        27.111046947134891        2.0000000000000000                1
   3.1976491755522050        5.1909501161551228        27.762912021572724        2.0000000000000000                1
   4.3865788918973632        5.7933383958518494        22.321856359976941        2.0000000000000000                1
   3.3206255394954645        3.5812479803319048        3.2539321839094701        2.0000000000000000                1
   5.4583414875703404        3.6011851408134734        3.8042320324082008        2.0000000000000000                1
   3.6381224897481887        3.3491468911762614        19.350126384537045        2.0000000000000000                1
   5.3395029786753847        5.6737869797626654        25.643787881633397        2.0000000000000000                1
   4.4893078158029462        3.1394343263095603        21.289827525511129        2.0000000000000000                1
   5.8362536275495129        4.3887528761635739        5.8806598541226283        2.0000000000000000                1
   3.0203239812788465        4.3157716149281198        17.313226598218392        2.0000000000000000                1
   5.6512926976191187        5.3886908598483307        7.6093121451625390        2.0000000000000000                1
   4.6764120009854837        5.9645121414262512        34.687020325986012        2.0000000000000000                1
   3.1570928416833293        4.3637812663938034        31.413850973550957        2.0000000000000000                1
   3.6164156198989090        3.6763695725574173        25.397846049864409        2.0000000000000000                1
   3.0115634464722367        4.6595121945052442        39.928093509926050        2.0000000000000000                1
   3.0874518914712517        4.0173999710888904        6.6267369652123662        2.0000000000000000                1
   4.5273471163949139        5.9866747773841960       0.28155580765631649        2.0000000000000000                1
   4.8682377280847673        3.3630100514446672        1.7001866710365559        2.0000000000000000                1
   3.8499697292707911        5.3670184284394145        13.300933697573095        2.0000000000000000                1
   5.9773988319828009        4.4849460735114670       0.27730172211106485        2.0000000000000000                1
   5.8048241175545883        4.9826065922459080        12.913818622032256        2.0000000000000000                1
   4.1290446823352243        5.8942970150943683        38.200795195210574        2.0000000000000000                1
   5.6187809012448158        3.5101785856688026        25.257586876431986        2.0000000000000000                1
   4.5367828215177379        5.7488387963283367        26.353086426386895        2.0000000000000000                1
   3.9927099168359175        3.1075244981473777        5.0798467065678565        2.0000000000000000                1
   5.8889439302564712        4.1852535438384271        38.242233815650479        2.0000000000000000                1
   3.5330968251103165        5.3520406502563818        5.1257014121467703        2.0000000000000000                1
   4.9042717729173333        5.8798392918189233        20.374664907589512        2.0000000000000000                1
   3.5006854206064477        5.0512671652444761        1.8369510179967499        2.0000000000000000                1
   3.0521042618029970        4.3898625556888708        23.041546399193468        2.0000000000000000                1
   4.1446164368471825        3.3929193441325709        27.307946069696246        2.0000000000000000                1
   5.9328324667583985        4.9401163419711676        31.441782246284085        2.0000000000000000                1
   5.9020525198785778        4.9278287199020472        23.856643635140966        2.0000000000000000                1
   5.4694837455735792        5.6119519665196771        18.436121064636435        2.0000000000000000                1
   5.6236132084243788        5.4566597213661785        36.421999867208221        2.0000000000000000                1
   5.4997617926095463        3.4642376222915701        28.853373305417232        2.0000000000000000                1
   5.2485450102160751        5.7521080667518509        4.0467128218365795        2.0000000000000000                1
   5.0680257851886994        5.8092489325330829        28.328577353363841        2.0000000000000000                1
   5.6023247319120308        3.5459356401659408        14.359120415041293        2.0000000000000000                1
   4.9489404333711375        5.8664568835391453        9.4334280535175967        2.0000000000000000                1
   5.9758896092588412        4.5076446614037256        10.969907570240427        2.0000000000000000                1
   4.9608204118544732        3.1199991759263641        12.446044993587133        2.0000000000000000                1
   3.1639246787135176        4.0878308453410384        37.921114345501898        2.0000000000000000                1
