     1000000
           1
  0.10000000149011612     
   3.9097581715212333        4.6247003621496559        8.2570038041471534        2.5000000000000000                1
   5.1266249467848128        5.6557584641606686        14.936826345476030        2.5000000000000000                1
   4.4262157582068706        3.8085227085205693        21.952673598100315        2.5000000000000000                1
   5.5869813390195988        4.2141471518877838        5.3221650445948585        2.5000000000000000                1
   3.7710812923495998        4.7068330475626441        16.875906889358895        2.5000000000000000                1
   5.3874449331520529        4.1419067840414590        34.306960881226090        2.5000000000000000                1
   3.8946095439787265        4.5143807351119269        36.673060852253059        2.5000000000000000                1
   4.6852097681666169        5.7141285093786127        3.3645207954133847        2.5000000000000000                1
   4.9992288244590410        5.6283207950604552        23.633750600642909        2.5000000000000000                1
   3.7943938388141079        5.0309036205889335        39.212496259577186        2.5000000000000000                1
   5.5822297486794019        5.2592336119093712        19.686999675394688        2.5000000000000000                1
   3.9123384017710405        4.6591319166582839        26.809863437364463        2.5000000000000000                1
   4.4891106657234534        3.8599154890161955        8.5646299430901429        2.5000000000000000                1
   4.7688688676203670        5.5476436948713443        24.625528595877128        2.5000000000000000                1
   5.7300148818062144        4.8354230300879548        18.788807546953453        2.5000000000000000                1
   5.5059267560852003        4.7439267996747292        6.2061494547128797        2.5000000000000000                1
   4.7150825909039584        3.7985743805798364        12.555124006207986        2.5000000000000000                1
   4.3513347534868050        3.8485209595834164        16.882656858841113        2.5000000000000000                1
   4.9207432815590124        5.6970202938109038        29.096303413550022        2.5000000000000000                1
   5.6461651317621007        5.0697635144150937        10.483470440687562        2.5000000000000000                1
   3.8687093342920669        4.7393404851496097        31.542260527809571        2.5000000000000000                1
   4.6549948010309388        5.7001326628176354        39.097108965666571        2.5000000000000000                1
   4.8804452289165736        3.7614363538587887        1.3970471756330032        2.5000000000000000                1
   4.6901673323918933        3.9139033917604671        36.883989586724873        2.5000000000000000                1
   5.6582419843349081        4.5703026980886383        33.344234247808714        2.5000000000000000                1
   5.6943951033410682        5.0587945757689985        28.902473466734193        2.5000000000000000                1
   4.2421879384085717        3.9251703657495600        31.096535337323719        2.5000000000000000                1
   5.7096351962683460        4.5504602307784863        1.0585022731106248        2.5000000000000000                1
   3.8921000578783094        4.3235162298625323        12.323191428060186        2.5000000000000000                1
   5.7035394013582827        4.7834113099371258        14.966242748232974        2.5000000000000000                1
   4.7709586328474156        4.7685875005075848        19.236900006692586        2.5000000000000000                1
   3.8736728821078548        4.6882937267783698        21.584099819628108        2.5000000000000000                1
   4.7466010196465236        3.9776826663593892        26.741910001345548        2.5000000000000000                1
   3.8753558063382991        4.9945886718064658        3.3568843579244954        2.5000000000000000                1
   4.8579441432031398        5.6723376330911917        10.350867827081982        2.5000000000000000                1
   4.7757966831846206        3.7694951973732884        5.7491448671187717        2.5000000000000000                1
   5.6641313576104437        4.9455788962017930        23.964331228143607        2.5000000000000000                1
