     1000000
           1
  0.10000000149011612     
   5.4557770279921538        3.7992965994428327        8.0663176343239691        2.5000000000000000                1
   4.1999026119777287        7.0067556978861969        38.098694312802508        2.5000000000000000                1
   6.1495271483362384        7.6976172911775054        29.940353263087719        2.5000000000000000                1
   6.2541529219742422        7.6560822597627638        8.8560285783392008        2.5000000000000000                1
   5.8656857463215726        3.7868676405911850        25.738070392486598        2.5000000000000000                1
   5.7136992476456818        3.7814437616619507        4.5981597189656682        2.5000000000000000                1
   5.1709284034784826        3.8517025964489520        11.791775428141811        2.5000000000000000                1
   3.7797505179180475        5.8250494177965146        9.2300814926928680        2.5000000000000000                1
   6.5297064437720813        3.9197889208222279        5.7539538577285887        2.5000000000000000                1
   5.2723951182334012        7.6263869448268151        30.947985689405840        2.5000000000000000                1
   3.8185687630480016        6.1397649722894245        23.830076897205590        2.5000000000000000                1
   4.8469918381199344        3.9744797405046883        24.576665117733864        2.5000000000000000                1
   3.8222014247642879        5.2302368851317835        1.8939933357936405        2.5000000000000000                1
   4.8306192468898779        4.0029170708706365        33.746673258429119        2.5000000000000000                1
   6.1125665893196395        3.8242875381015669        23.911490065688213        2.5000000000000000                1
   6.7857634427666778        4.0556898982300069        13.045144535704324        2.5000000000000000                1
   4.8137588912504432        7.4836193831196152        39.105408542752848        2.5000000000000000                1
   7.2249561089037266        7.0513423757842055        16.924187917310356        2.5000000000000000                1
   3.9260543390215545        4.9392899766168874        8.0587531704551001        2.5000000000000000                1
   4.2307204998544963        4.4500486504873304        2.5057321283845506        2.5000000000000000                1
   7.2956298057269224        4.5362426975382837        24.383723696642303        2.5000000000000000                1
   5.3595392395085426        7.5724553545522548        5.8705493390389210        2.5000000000000000                1
   6.4778945473028635        3.9286515654449641        16.783525647522808        2.5000000000000000                1
   5.7136526954140479        7.7335840512979646        18.839743416875915        2.5000000000000000                1
   6.8489006584828012        4.1095557103643774        25.293931685914423        2.5000000000000000                1
   5.6429470268996402        7.6730981405229510        17.623516765128592        2.5000000000000000                1
   5.2284103638947244        7.6305501596346126        29.244139132107499        2.5000000000000000                1
   7.2576722692365543        4.4484894290149422        21.736812888893009        2.5000000000000000                1
   7.2955777002032995        6.9373305823633560        20.623824838873450        2.5000000000000000                1
   5.0406291304518493        7.5399627068071835        36.531730703281184        2.5000000000000000                1
   4.1952357079771474        4.5025276436912716        1.3095374511052305        2.5000000000000000                1
   3.7880006297803761        5.4457481397171907        30.596448242934194        2.5000000000000000                1
   6.7463216633714485        7.3756730038858995        34.639556263747252        2.5000000000000000                1
   4.1719135235463902        4.5415348396217885        16.014299381694165        2.5000000000000000                1
   3.8003353139747222        6.0095805971039447        12.918915469958394        2.5000000000000000                1
   4.3017364742015243        7.1281240399886556        31.755361748981080        2.5000000000000000                1
   3.9969094203726669        4.8008963449500595        34.813888792784908        2.5000000000000000                1
   4.8424356347043886        7.4847159492978372        21.958267063664152        2.5000000000000000                1
   6.6635933720637421        7.4749624858375041        38.873053854959025        2.5000000000000000                1
   7.6214482628851385        5.1885200620079930        18.802596707606771        2.5000000000000000                1
   7.6379328106885662        5.2616915746791548        9.2622216642542305        2.5000000000000000                1
   4.4223914504851001        4.2799875475142271        11.192273768249036        2.5000000000000000                1
   5.5250982914128910        7.6773275749530940        9.5800740866952445        2.5000000000000000                1
   4.1374625790514239        6.8271608480659749        11.630412477543297        2.5000000000000000                1
   7.5687742228273720        6.4834961964476152        12.697458079155558        2.5000000000000000                1
   3.8315140502951750        6.0512965111510839        20.174979437554235        2.5000000000000000                1
   5.8036384557002405        7.6410664154270433        34.079306282950917        2.5000000000000000                1
   3.7969866949619258        6.1162179340513854       0.67176208112532954        2.5000000000000000                1
   7.2041375861627639        4.3943204371670239        36.772425657322380        2.5000000000000000                1
   5.4642832226822611        3.8826728778398905        19.849026033766666        2.5000000000000000                1
   4.1497228342922998        6.9372845535442060        28.538086896199079        2.5000000000000000                1
   4.4169560876854126        7.1542977661736531        15.092026500448446        2.5000000000000000                1
   6.5862280337240806        3.9573991117793725        3.8956374452930826        2.5000000000000000                1
   6.4766171152077252        7.6086443821381948        20.048172460598376        2.5000000000000000                1
   3.9584854569452053        6.5373275916629918        17.520412498311831        2.5000000000000000                1
   7.2407540881896226        4.4969121703217239        31.377652229295407        2.5000000000000000                1
   7.6572734022172195        6.2263939668617194        20.019770085959820        2.5000000000000000                1
   7.7165243824109258        6.1143842040361518        31.339202404238510        2.5000000000000000                1
   5.7357942482064486        3.7584093591214449        3.1798640378555811        2.5000000000000000                1
   3.8546713046371668        6.1370192921221216        25.649536924912610        2.5000000000000000                1
   4.6696884903090039        7.3927946046124235        16.519455458818936        2.5000000000000000                1
   6.2103216937861303        3.8243707163130538        22.246360662374435        2.5000000000000000                1
   5.9352808827031511        3.9365385946653162        39.518707313026383        2.5000000000000000                1
   5.7715369201186943        3.7787574326677760       0.63378434075976509        2.5000000000000000                1
   6.6421493786609771        5.1071720657721222        22.999193843031271        2.5000000000000000                1
   7.0387378741689819        7.2394131670962869        2.2819715881250198        2.5000000000000000                1
   5.7688806896473261        7.7096251851932953        11.415950057851809        2.5000000000000000                1
   5.5758704567320887        7.7365168828380133        26.510021788594774        2.5000000000000000                1
   6.6136799389408507        3.9690895232800418        30.600757103450388        2.5000000000000000                1
   4.3100983130444046        4.5036090142193519        14.172345144391569        2.5000000000000000                1
   6.9792950294256251        4.2009759044435393        23.281317427197340        2.5000000000000000                1
   5.8319982618115898        7.7464415039908934        4.9370947102086618        2.5000000000000000                1
   4.1605124750725677        4.5573724758371847        31.304108583707162        2.5000000000000000                1
   4.5609153386846826        4.1557389045887456        20.390670600173255        2.5000000000000000                1
   6.8094011948771227        4.0834736787540793        5.0034611835650819E-002   2.5000000000000000                1
   5.2915571012142077        7.6345584835455993        14.109186844411980        2.5000000000000000                1
   6.7623078632393172        6.0229424677096226        17.246089348592864        2.5000000000000000                1
   5.4870695154110143        3.7804178145462686        6.2869691476156238        2.5000000000000000                1
   4.2539978180153817        4.5230571761417293        25.728037285331936        2.5000000000000000                1
   7.2911000353661484        6.8718827187857388        32.218494675104388        2.5000000000000000                1
   7.7086682399312947        5.4274225462264321        36.011823036362514        2.5000000000000000                1
   5.2989920382708284        3.8147557116226873        9.8299634942678473        2.5000000000000000                1
   4.2066107611621772        4.6716803916385174        5.0136011484331071        2.5000000000000000                1
   4.1255527905649618        6.9106948567776652        13.439373051137160        2.5000000000000000                1
   4.1871241051412040        6.9756406060724894        1.7598722081379936        2.5000000000000000                1
   4.1004641342007773        4.7449361156845873        17.818267616025818        2.5000000000000000                1
   7.2695937241415152        4.5052633086613767        34.954907605907557        2.5000000000000000                1
   5.7948381970547702        3.7607526555729787        27.589063180484153        2.5000000000000000                1
   3.8560674286866092        5.2281375969224007        25.122722410424213        2.5000000000000000                1
   3.9330816755598654        6.5549041660040954        36.945822345237964        2.5000000000000000                1
   6.5288621055846292        7.5739090533916045        16.403107164313774        2.5000000000000000                1
   4.0533279610290052        6.7924053666328126        9.7626627815921214        2.5000000000000000                1
   5.0442735122637368        4.1752129879179689        27.068106956683121        2.5000000000000000                1
   4.9597362752498952        7.4950268570956782       0.84966725476822180        2.5000000000000000                1
   5.0861569654467704        7.6277657759984177        12.415881866086195        2.5000000000000000                1
   7.4651909022681107        5.4713055313025629        30.142830333483332        2.5000000000000000                1
   5.9549325266132271        3.7651957005052852        12.411147878146899        2.5000000000000000                1
   5.1837079390364575        7.6079880992755831        4.0377030747437086        2.5000000000000000                1
   7.6954397674786392        6.1910698927367536        35.080518329958473        2.5000000000000000                1
   4.7741393051247298        4.0140941758799231        28.775324752510247        2.5000000000000000                1
   7.4380038217500548        4.6920925457865073        12.514483685428074        2.5000000000000000                1
   4.2568252547248004        4.5268429351286210        38.787898098835008        2.5000000000000000                1
   5.8556447449585285        7.7408986574351486        35.778452867896902        2.5000000000000000                1
   7.6645681097746623        6.3241223359913592        14.499535536067773        2.5000000000000000                1
   5.9716811253066231        7.7347007169376969        1.4386719995406230        2.5000000000000000                1
   4.5991876163077281        4.1307911504972727        37.369189852200037        2.5000000000000000                1
   5.7866872684920532        7.7208648829156452        25.089883138036818        2.5000000000000000                1
   3.9643732937843499        5.1762439962564670        36.378661453400241        2.5000000000000000                1
   7.2581111303019261        7.0544932711447199        9.4419026822453755        2.5000000000000000                1
   3.8311162441617568        5.3413796100435027        31.885239972932030        2.5000000000000000                1
   4.2413202045641860        7.0465593951473267        24.432876300433851        2.5000000000000000                1
   4.6917485113170851        4.0608027104960218        5.6746542789015644        2.5000000000000000                1
   5.9610722277247721        6.7251176074350267        6.2702297980825206        2.5000000000000000                1
   7.6217479920498974        6.2635509444976796        36.791281702333542        2.5000000000000000                1
   4.4178940607892150        4.2875595397977735        35.816363645401651        2.5000000000000000                1
   4.4036732303152855        7.1905246323590335        5.3844675923789946        2.5000000000000000                1
   4.0486755818362896        6.7174043437526292        34.372091572423734        2.5000000000000000                1
   3.8997903172640713        6.4922310242761165        32.898250375635413        2.5000000000000000                1
   5.4972455156843800        7.7153312722589193        32.435866828221656        2.5000000000000000                1
   4.0930300752848252        6.8674049564552861        39.953951321152523        2.5000000000000000                1
   6.5414194998335944        3.9775619716300921        20.721511200010411        2.5000000000000000                1
   5.0766897976967513        3.9378774214215504        13.605895517352355        2.5000000000000000                1
   6.3957269030872155        7.6332579997188814        6.3379743888501050        2.5000000000000000                1
   5.8528963586877936        3.7920265152725912        14.321621929801230        2.5000000000000000                1
   3.8655632736516097        6.3085835940180655        29.352855020048530        2.5000000000000000                1
   7.6154245353360617        6.4325970521172557        6.7451809707317105        2.5000000000000000                1
   3.8118936701485975        5.3032461966211413        38.023729277180280        2.5000000000000000                1
   3.8040996671270602        5.3234853382891689        28.082675778383475        2.5000000000000000                1
   4.2944588776299488        6.9582956613690516        36.104159728253698        2.5000000000000000                1
   3.8724693967272477        5.1138654918062647        21.343999773076256        2.5000000000000000                1
   3.7896266196792538        6.0662113433211511        39.158067951845197        2.5000000000000000                1
   3.8254424878915465        6.2898631916692080        27.615036809794329        2.5000000000000000                1
   4.6832002352234463        7.4230225540172956        18.174061589695416        2.5000000000000000                1
   7.2014942801439359        7.1127845445147697        15.639684109466996        2.5000000000000000                1
   7.7007845366961281        6.0979156110722421        4.5710577254301530        2.5000000000000000                1
   3.8018654560139735        6.0223313595783354        10.388728779409243        2.5000000000000000                1
   6.6283203381753824        7.5011633974053602        28.834369746371532        2.5000000000000000                1
   4.8831170294908057        7.5126885457987500        25.644053401583399        2.5000000000000000                1
   3.9546540634579070        6.4482221105409776        6.0274357983293925        2.5000000000000000                1
   7.1309885212532595        7.1255123258968718        13.960777747610347        2.5000000000000000                1
   6.4822072220692961        3.9329624341648040        26.779120041513011        2.5000000000000000                1
   7.6854433439995837        5.7397025217854809        27.145206804614414        2.5000000000000000                1
   3.7642046632088682        5.5929545935385354        35.453664063547208        2.5000000000000000                1
   7.6058493097686242        5.3641411991652301        17.596005628739746        2.5000000000000000                1
   5.5254227970653798        3.7752324963548758        36.757468748198058        2.5000000000000000                1
   7.6827417462282224        5.3540051116489247        32.634778996334809        2.5000000000000000                1
   7.6863283995558129        5.3053933853642317        7.4841579934310589        2.5000000000000000                1
   6.4446334725044521        7.5653043251077481        10.243765679125861        2.5000000000000000                1
   7.2075097333732874        4.5076122652157897        18.164001672341911        2.5000000000000000                1
   5.7357981587682465        3.7513676643995262        31.257012586243466        2.5000000000000000                1
   3.8094577762013295        5.2729427306942958        15.324090513945650        2.5000000000000000                1
   6.8627730540141556        7.4031863365189325       0.64759940594436116        2.5000000000000000                1
   7.6195017382463304        6.2876904272773455        26.271458664386348        2.5000000000000000                1
   3.7921924354083449        5.7923025058096913        7.3806009265086239        2.5000000000000000                1
   4.1639912945353350        4.5377503301484348        27.569045260337145        2.5000000000000000                1
   7.6751492086230160        6.2569287532547806        33.142154046985496        2.5000000000000000                1
   3.8486842836654276        6.3679904827395237        31.096181748415795        2.5000000000000000                1
   4.9943057501169523        3.9081289909999581        1.8716968817288440        2.5000000000000000                1
   3.8442671028993187        6.1071257031656980        14.014094860305827        2.5000000000000000                1
   4.7984454836534285        7.4912395567605525        20.044420759349062        2.5000000000000000                1
   5.1669406761669743        7.5159181819068523        27.530819679613639        2.5000000000000000                1
   6.8587518508792149        4.1522110948260167        11.808980937006583        2.5000000000000000                1
   3.9788800856640156        4.9837301669331850        9.7680253500018939        2.5000000000000000                1
   6.0008013549258639        7.6200407766089464        13.148085328740217        2.5000000000000000                1
   5.1922927436869317        7.6637496144667479        15.581174103397176        2.5000000000000000                1
   4.3780844767337745        4.3167943454559703        12.348620118785025        2.5000000000000000                1
   6.3556953560575149        6.6781123160616236        30.325080230580397        2.5000000000000000                1
   7.2937831495871475        4.5178878345756912        6.4799238628523055        2.5000000000000000                1
   7.4796684366539408        4.8144407940732661        25.800364676348948        2.5000000000000000                1
   7.4556042199170856        4.8092502320593811        27.699661108300319        2.5000000000000000                1
   7.0313134974395677        7.0221675417308100        5.7570925576105472        2.5000000000000000                1
   3.8954702869016797        5.0481298116083373        11.653204882865001        2.5000000000000000                1
   4.1522699227193005        4.6025452330290761        33.028475680468368        2.5000000000000000                1
   4.2772323519310493        7.0972784379540199        3.5885286957245413        2.5000000000000000                1
   7.1840152349724278        4.3832642730331859        38.618793714123690        2.5000000000000000                1
   6.0574920080181425        7.6182601749728924        28.010397491579393        2.5000000000000000                1
   7.3664188314865919        6.9268467883620488        30.454160370861114        2.5000000000000000                1
   5.6258786266168199        3.7657549124869596        33.180261288130822        2.5000000000000000                1
   5.1009793126130658        3.9143722521676030        38.224133913917868        2.5000000000000000                1
   5.7409239179797202        7.7365870108253034        39.934761956596240        2.5000000000000000                1
   3.9229482586784350        6.2690087342739398        4.2013981907948255        2.5000000000000000                1
   7.3940358524512870        6.8804795903736506        35.861736999046748        2.5000000000000000                1
   5.6815058050569327        3.7816702803717348        29.467468276548413        2.5000000000000000                1
   7.6134400391976307        5.2883889079796118        3.9450249910713224        2.5000000000000000                1
   4.9002370343011838        3.9460579563944500        3.8400931701493413        2.5000000000000000                1
   6.6872387656444126        3.9859474590286381        28.093583769713788        2.5000000000000000                1
   6.7103385634392607        7.4688529252383296        23.829811102947492        2.5000000000000000                1
   6.1102923009332484        3.7920961180403490        10.591216693980417        2.5000000000000000                1
   5.5735371153192244        3.7683366154006510        34.949309580773829        2.5000000000000000                1
   7.6785323170738780        6.2608768694188264        16.332989425866874        2.5000000000000000                1
   4.2508804802237012        7.0316446419861869        30.058756307002881        2.5000000000000000                1
   4.7657860983145577        4.0967507627416815        17.397670660272727        2.5000000000000000                1
   3.7738143817886383        5.4831245066537555        5.4920243510817635        2.5000000000000000                1
   6.3013620211934365        3.8431930695258534        37.438591270198707        2.5000000000000000                1
   5.4230533022133516        7.6642453272048074        7.7007287710107795        2.5000000000000000                1
   6.9053311879493844        7.2820153382748654        27.329636154110521        2.5000000000000000                1
   7.3637843836064105        4.6310322654513092        14.403672763451775        2.5000000000000000                1
   3.8812088514702427        5.0627322849988170        19.575588587362862        2.5000000000000000                1
   7.7307609288226011        6.0050620490093705        11.796682538505168        2.5000000000000000                1
   7.3671174397019819        4.6857365073234627        4.9024481798351154        2.5000000000000000                1
   7.6944723690753856        5.2900468909637954        22.635747591525156        2.5000000000000000                1
   7.2855805000770317        4.5045533209117901        16.341591716825871        2.5000000000000000                1
   6.6315858168821737        3.9993954350914751        7.3454806959544108        2.5000000000000000                1
   7.5252985453896857        6.6540752398825722        39.749876693302113        2.5000000000000000                1
   3.9820777818632918        5.2744377711729955        26.646057023597415        2.5000000000000000                1
   6.0026208645908357        3.7694939393576599        8.9089956873446443        2.5000000000000000                1
   6.7682339915343128        4.0315370558427617        15.576801291482148        2.5000000000000000                1
   6.9282134361700907        7.1378890059614655        3.8914306405992933        2.5000000000000000                1
   7.6779020098733470        5.4144523837231660        2.1487476785503472        2.5000000000000000                1
   7.6231690836365678        5.0981628280941269        34.021242052121686        2.5000000000000000                1
   7.2702504362068376        7.0481597845497674        19.471592651605047        2.5000000000000000                1
   3.9848569162283036        6.6777273481022101        7.8098323573082808        2.5000000000000000                1
   7.4020369326260571        6.8484219118635039        33.913644658647101        2.5000000000000000                1
   7.1890938328782212        7.0480661066533550        24.712429808315697        2.5000000000000000                1
   6.3996294388846433        3.8670481073835394        19.282822626842997        2.5000000000000000                1
   6.5402505510201019        3.9261621293894322        31.886056096402172        2.5000000000000000                1
   6.4744248007899987        7.5801111577579983        37.220415912805542        2.5000000000000000                1
   7.3295435984149719        4.5400263462918700        29.423112685855397        2.5000000000000000                1
   7.6718621773457398        6.2588816582382316        8.2999986138246467        2.5000000000000000                1
   7.5401114562410827        5.0893877574181170        39.349325775668511        2.5000000000000000                1
   4.4923842624363273        4.3297949077779583        8.6538806048188377        2.5000000000000000                1
   7.6175836833006949        6.3603561933929775        29.659036477529515        2.5000000000000000                1
   4.7432190640329663        7.4631766490652005        10.871417923733864        2.5000000000000000                1
   4.9412935756780048        3.9367692184706211        1.0800434575521933E-002   2.5000000000000000                1
   3.7780234637865262        5.7915150854896726        33.903079043293189        2.5000000000000000                1
   7.4786701385380550        6.5563032785499766        3.2186950055867660        2.5000000000000000                1
   5.0072876834952167        7.5690854007056032        2.3319184817151624        2.5000000000000000                1
   3.7738956644260289        6.0484864616353029        2.5095686779716671        2.5000000000000000                1
   4.6656513677369089        7.3339711184607372        8.3680159424472400        2.5000000000000000                1
   7.4680565425787924        4.7563505807769690        1.3870089689902896        2.5000000000000000                1
   5.5147768466651694        3.8483429087952437        18.084982995778489        2.5000000000000000                1
   3.9505911353030383        5.8344970811546464        18.370888710011375        2.5000000000000000                1
   3.8224086152419505        5.3449209194325267        16.814617734335108        2.5000000000000000                1
   3.8194630850754185        5.3127873998340425        39.926760258574141        2.5000000000000000                1
   7.0966839735068925        4.3452572279213699        9.9261143867988064        2.5000000000000000                1
   6.9667422378626815        7.3147623472962060        12.149904088724986        2.5000000000000000                1
   6.3102632828204728        7.5979612322683314        14.595975803145850        2.5000000000000000                1
   6.5561432891122395        7.5716223328538872        18.170626464987507        2.5000000000000000                1
   7.6338663000364821        6.1906842572188694        21.886999024114715        2.5000000000000000                1
   6.2717018581966490        7.6557164842742775        31.548776655418202        2.5000000000000000                1
   3.7919214664479153        6.1311639041200694        21.900128882103182        2.5000000000000000                1
   3.8483395244531713        5.1551344022160661        22.588857635082906        2.5000000000000000                1
   4.1793481352585777        6.8267128890025655        23.185450028753724        2.5000000000000000                1
   5.1076153249946650        3.8961180571925675        23.253833344936648        2.5000000000000000                1
   7.6652250564318827        5.3968474499141204        14.973989051383544        2.5000000000000000                1
   4.1724897509141572        6.8686805530082387        20.684138498664272        2.5000000000000000                1
   7.3046999965772006        4.4949017739701675        2.6712518500370899        2.5000000000000000                1
   4.7982157726504866        4.0767701131625298        18.898237894166577        2.5000000000000000                1
   6.5520671450750729        7.5624347111128394        21.866643439118103        2.5000000000000000                1
   7.7255013728503625        6.0365321822036355        10.070537703793716        2.5000000000000000                1
   5.7937504082940459        7.7307386035609671        38.296445523508901        2.5000000000000000                1
   4.1263190259143085        6.7392446675758997        19.461190334042321        2.5000000000000000                1
   7.7302123980367492        5.4907732753650382        5.6379605330814071        2.5000000000000000                1
   4.1859114627922001        4.5378712936798573        29.401652471881995        2.5000000000000000                1
   7.3810790170663712        6.8828710588116477        11.173198705765454        2.5000000000000000                1
   5.6600577445107572        7.7388263018315708        21.367970449559614        2.5000000000000000                1
   6.7860123718910854        6.1782131141718164        38.273481335691301        2.5000000000000000                1
   6.3972732207186631        7.5069065473378007        33.248864538489805        2.5000000000000000                1
   4.2941020856727619        4.3796810059510189        23.807524499981707        2.5000000000000000                1
   4.2925510365957180        6.9872607746279245        26.983901757515238        2.5000000000000000                1
   7.4841916283683627        4.8531029814938282        10.712145627510745        2.5000000000000000                1
   3.9181093878382312        6.3604918265784320        15.880062820244657        2.5000000000000000                1
   6.6555360048757892        4.0090681039288070        2.0023090173722231        2.5000000000000000                1
   4.4837264345602010        7.2793005400520894        7.0849257411813857        2.5000000000000000                1
   3.9103738294738619        5.3909921706135346        3.6962967365633035        2.5000000000000000                1
   3.8461268010243206        5.1792661065597461        13.592644712987342        2.5000000000000000                1
   6.6857659851942941        7.4044784756742095        25.547070433098316        2.5000000000000000                1
   7.1212173385840325        4.3030755808802610        8.1790090077261972        2.5000000000000000                1
   4.8470148995951110        3.9825651092628953        32.506179732960938        2.5000000000000000                1
   7.4777772716108837        6.7016613742658908        1.4614761939271592        2.5000000000000000                1
   6.4697580517568190        3.9317444248009288        34.411389460118912        2.5000000000000000                1
   7.6723525016843368        6.0314424087024250       0.66656031664119209        2.5000000000000000                1
   4.5794833856673449        4.1295195673796821        7.4510441536597449        2.5000000000000000                1
   7.3952104782814185        5.0616685615972150        37.814298260261147        2.5000000000000000                1
   7.6633546685121825        5.5055423676999329        20.739979214931111        2.5000000000000000                1
   7.6362680359678130        5.2184076530967776        28.609879831724673        2.5000000000000000                1
   5.7098038016393602        3.7812018937414065        16.140077822891527        2.5000000000000000                1
   7.2542172321883198        4.4378420762056816        33.174737556073921        2.5000000000000000                1
   4.3324264578207901        4.3912414416913590        22.118228934644812        2.5000000000000000                1
   5.6976744042701046        7.6885163071805138        22.489599987610660        2.5000000000000000                1
   7.2347184798961770        4.4354888206497556        20.038770936421130        2.5000000000000000                1
   7.1141763108193876        7.1126458683547851        37.917272836188019        2.5000000000000000                1
   5.9834170547131826        6.5977127361367938        11.792843684066314        2.5000000000000000                1
   7.2982762539486083        6.8983201570258874        23.156107393865828        2.5000000000000000                1
   7.6736827588828840        5.6884510287450549        25.325848121031672        2.5000000000000000                1
   5.1084330641302520        3.9103597480976897        21.425292874103775        2.5000000000000000                1
   5.1680569166089745        7.6415110438432441        34.987990972766276        2.5000000000000000                1
   4.9071059207641241        7.5020102641890141        23.787729492467008        2.5000000000000000                1
   6.3378254223247552        3.8978740015816227        35.808130280299864        2.5000000000000000                1
   4.8468099335283998        3.9728520854823834        29.995507110870236        2.5000000000000000                1
   7.6705717414069383        6.2122343900674535        18.178890497432040        2.5000000000000000                1
   7.5323090810666411        6.5981222733474949        27.821311536670979        2.5000000000000000                1
   7.1706893938554099        7.1218586764116418        7.5952390543542005        2.5000000000000000                1
   4.6537390768309699        6.3036064395950318        3.0452367693360762        2.5000000000000000                1
   7.6628453111238555        6.0810097291235001        23.643141766056797        2.5000000000000000                1
   4.0390298366679609        4.7613541376724946        6.1989891090659333        2.5000000000000000                1
   7.7343412769496878        5.5057084713924880        13.751351191334091        2.5000000000000000                1
   5.9806295418737871        7.6371319324815374        3.4182278605225793        2.5000000000000000                1
   4.9483435704007537        3.9704780948999518        14.772632756467619        2.5000000000000000                1
   7.7219896549737648        5.9786576305746513        38.694381059037951        2.5000000000000000                1
   4.5730426088752356        7.2740845182643117        33.400066879514270        2.5000000000000000                1
