     1000000
           1
  0.10000000149011612     
   3.6349825957592676        2.8037239786648320        17.321422830881069        1.5000000000000000                1
   4.3352505411246645        8.0237472371038052        5.5526236889268157        1.5000000000000000                1
   3.6721462619244654        4.0393711112006274        25.627039404258266        1.5000000000000000                1
   6.4099690039366299        8.0125135781059189        37.808363550326966        1.5000000000000000                1
   7.3839946748216754        3.1831643394984699        10.050047003832434        1.5000000000000000                1
   3.3390570001792810        3.0185851697430710        13.032562634368244        1.5000000000000000                1
   3.3183898391181312        7.5303277011255565        31.453047816111301        1.5000000000000000                1
   5.4143074461775580        5.3718782639605411        6.3401035848239333        1.5000000000000000                1
   5.0343193211940456        5.1445328011818185        20.551448794216601        1.5000000000000000                1
   6.7215493567707085        2.6447340771212615        39.181296839765771        1.5000000000000000                1
   5.5502260867046385        8.2100183471947350        6.4237175218359051        1.5000000000000000                1
   4.5984444758338974        6.8343051324768105        39.193929356507660        1.5000000000000000                1
   2.2621524484757285        5.0845260040948670        16.148445880031204        1.5000000000000000                1
   2.4625167624166009        6.3555676435564346        34.741197374285811        1.5000000000000000                1
   8.2126395281834181        5.0066844627259801        14.347984990887548        1.5000000000000000                1
   8.1315468749805007        4.4349123131373611        12.713398801219901        1.5000000000000000                1
   5.6439611338202766        7.2302289037072462        13.573519321933803        1.5000000000000000                1
   6.8246904856858084        5.7854173872323580        39.514618181080209        1.5000000000000000                1
   4.6264389712990104        7.9389224403756549        8.4936509008232477        1.5000000000000000                1
   4.1837311789001719        2.5965607715423222        3.6238097378563685        1.5000000000000000                1
   4.5354017445519501        8.0604601722377716        3.0042885321917088        1.5000000000000000                1
   5.2037111370980433        5.1171792318716331        23.430470266627651        1.5000000000000000                1
   3.6611285291286850        7.7927186935495323        18.755580135566650        1.5000000000000000                1
   5.2764151264996890        5.3609187120985800       0.89171781475963696        1.5000000000000000                1
   7.1539467636990102        4.7461233826734386        2.5347378082097531        1.5000000000000000                1
   4.6412060739947210        2.3153372963328174        21.811587839161362        1.5000000000000000                1
   3.2672955534329398        3.0873346286871830        15.458611558640003        1.5000000000000000                1
   5.1072397531792220        7.2793917103873556        19.002445436023976        1.5000000000000000                1
   4.8175801112862269        7.1429347031485282        12.303847257004854        1.5000000000000000                1
   5.5358022024201361        2.2798827011940510        27.493528494169414        1.5000000000000000                1
   3.5835947068917835        5.5668132085496973        35.548021364516323        1.5000000000000000                1
   3.8170504841210167        6.0735185055634240        9.6782227750370335        1.5000000000000000                1
   2.9946944803499944        4.3418287986367030        32.419327467018938        1.5000000000000000                1
   6.0141109434501159        3.1444990326486084        31.428142034557997        1.5000000000000000                1
   5.3026887262583786        5.2263734995437803        4.7503319919643889        1.5000000000000000                1
   6.6133415343897921        6.2294640823528953        6.0513927466195687        1.5000000000000000                1
   8.0049209965386279        6.2963392666417004        17.306999789126948        1.5000000000000000                1
   3.5181290712538895        5.0066964198702362        1.5516137076649066        1.5000000000000000                1
   3.0734755009831893        3.1918631347095232        35.637559719372099        1.5000000000000000                1
   3.6961549824429660        5.3218046784566022        4.3882781489414144        1.5000000000000000                1
   7.6615650889728366        3.5377485470728436        36.196619672641575        1.5000000000000000                1
   2.5870093293162948        6.5896964053956948        15.959114445689732        1.5000000000000000                1
   4.3026818049802324        7.9890368651201573        1.5231920596893194        1.5000000000000000                1
   7.8518021220401977        6.5265413828954335        3.8035727977423037        1.5000000000000000                1
   4.4327246266234237        2.4735578074753932        23.386675232995572        1.5000000000000000                1
   5.2317152449805784        4.4396161806233145        31.728873741178568        1.5000000000000000                1
   8.2180620704450202        5.4803863927348981        6.6016865390278063        1.5000000000000000                1
   4.7650070304551404        2.4441178896707512        13.005013213048789        1.5000000000000000                1
   4.9816160510007901        2.3629661178536705        5.9786828733743276        1.5000000000000000                1
   2.3110781983550042        5.7480369736103372        39.093981643382669        1.5000000000000000                1
   8.1324440821037864        4.4388764256592577        36.183268330605792        1.5000000000000000                1
   4.6059299336747488        8.1104894893709290        12.678103670607790        1.5000000000000000                1
   2.3123891496851736        5.8162930837714129        4.7428690731747318        1.5000000000000000                1
   6.5649433062650386        4.3057084046983531        14.043645147685961        1.5000000000000000                1
   2.8094000879576995        3.5409570661876280        11.599484059870191        1.5000000000000000                1
   5.7114738636010456        8.2104492725767546        30.017719047199623        1.5000000000000000                1
   4.9956609878178906        2.3181906388758788        30.566969608976340        1.5000000000000000                1
   7.0529447433233381        7.6169821250077696        8.0885217756872141        1.5000000000000000                1
   8.2107916219913939        5.4474584268857207        24.659765774921642        1.5000000000000000                1
   6.1238656051905878        3.9013816447013920        17.290881708740052        1.5000000000000000                1
   3.4264726249409101        2.8798252681675534        8.5644715395303379        1.5000000000000000                1
   8.1228194317517008        6.0763476671048275        14.130034000260318        1.5000000000000000                1
   2.5956261789435318        4.0482126274947294        22.950200017205912        1.5000000000000000                1
   5.5552712565305944        3.2992898799284749        32.906293856937573        1.5000000000000000                1
   6.2569960527472981        6.2941716522519409        16.144499683731528        1.5000000000000000                1
   7.1088461686964575        7.5786657051840498        31.815736163236132        1.5000000000000000                1
   3.6046407034850727        4.0756360939730536        18.425742434250726        1.5000000000000000                1
   2.9691990576156932        7.1236917593789864        30.051743976513201        1.5000000000000000                1
   5.0545678924522930        5.9185861983775823        17.335506764073880        1.5000000000000000                1
   5.2168318550649682        6.8375541097260344        30.546599457073857        1.5000000000000000                1
   2.3944829181810756        5.7344953964671843        10.091311014783912        1.5000000000000000                1
   7.2391685046995526        3.0240816798849006        14.622253982145546        1.5000000000000000                1
   4.4789467523328161        6.5800300575969501        2.4112754562601419        1.5000000000000000                1
   4.1093142806635923        4.1869776953333000        27.328913486968780        1.5000000000000000                1
   8.2345128382915522        5.2343075184839591        27.819232882921199        1.5000000000000000                1
   5.8070229211153377        3.7878115622073358       0.13153373841971169        1.5000000000000000                1
   6.9350382393529024        6.3261941518237901        2.4698769537577312        1.5000000000000000                1
   4.9794133383607315        3.6742566186073922       0.85191091448705825        1.5000000000000000                1
   5.8405073761695609        3.7922687281362171        22.154848742821766        1.5000000000000000                1
   4.1532926214716959        6.4242757403330977        28.404039352838133        1.5000000000000000                1
   6.1210431390970603        3.5529631710526326        10.864025267393568        1.5000000000000000                1
   3.5990495701229528        2.7461761179917934        30.936562996220548        1.5000000000000000                1
   7.6707669765629767        7.0069044617930203        19.747764150635245        1.5000000000000000                1
   6.0969818121278889        3.6584266064438973        20.364933142428679        1.5000000000000000                1
   4.9621342566922788        3.8641557519858862        28.656049041444849        1.5000000000000000                1
   4.2228929226653502        8.0443840975122161        30.314886611529378        1.5000000000000000                1
   6.1454416299836803        6.3970624464993904        23.499585640620037        1.5000000000000000                1
   7.1345866072921025        2.9848769539689308        33.595037085237252        1.5000000000000000                1
   6.8558174388877351        4.8537515310526045        19.773629415953884        1.5000000000000000                1
   6.5593039538921971        6.0559354894724784       0.47132444615803715        1.5000000000000000                1
   5.1533395620976297        5.3798170498419884        15.686162759563139        1.5000000000000000                1
   4.4987986273941489        8.1410251666287543        9.5432736770918645        1.5000000000000000                1
   8.0492262918813520        6.2985619880145594        34.600680919743404        1.5000000000000000                1
   4.6370177730801361        3.7425401924013371        16.601224817253421        1.5000000000000000                1
   8.1324861839470515        5.8479490263153995        8.0683363177471588        1.5000000000000000                1
   4.3479619401444243        2.3985085700647204        35.456374782879358        1.5000000000000000                1
   6.4453784052608087        7.8964779125235847        23.250826628272275        1.5000000000000000                1
   6.8184147425868558        5.1195088153929875        33.720740740355019        1.5000000000000000                1
   8.1371517908770805        5.7660521304256216       0.31153682580607944        1.5000000000000000                1
   5.4784822470433259        5.3221538201863261        30.483301780993749        1.5000000000000000                1
   6.6471859630713253        4.5125538652829755        38.512867403166865        1.5000000000000000                1
   7.3661817748502196        3.1387375263795909        30.732441127671827        1.5000000000000000                1
   7.5830502094351164        7.0653150666891458        37.672238163993434        1.5000000000000000                1
   4.6886025650935945        6.6068075236837647        23.179612321959109        1.5000000000000000                1
   8.0200706750775801        4.1006237045157237        39.338459582608479        1.5000000000000000                1
   4.6171123515910333        7.1617859873238849        25.300174461593485        1.5000000000000000                1
   3.6565709981329113        7.7225564417454109        34.035168205515106        1.5000000000000000                1
   3.8247917220915495        5.0809406775358692        9.9888970982147178        1.5000000000000000                1
   7.3255536112923743        7.2934722844205657        13.735378798465240        1.5000000000000000                1
   6.5076150795499146        6.2969576926176369        14.555632465884731        1.5000000000000000                1
   5.9555055711371327        8.0414341168465651        34.162235852432651        1.5000000000000000                1
   3.7107200584253723        5.7712966396369589        16.586715787796720        1.5000000000000000                1
   2.2574037751402476        5.1929858827350106        34.592760517554474        1.5000000000000000                1
   2.3683739805824753        4.5742441178142990        27.054127696908903        1.5000000000000000                1
   5.0364851549201335        2.2877165877871906        25.959150530285712        1.5000000000000000                1
   6.1146803276630344        8.0901024687944023        27.542562493792602        1.5000000000000000                1
   4.3084641626066507        6.4914948377791371        22.233054213119654        1.5000000000000000                1
   7.8171581885809793        3.7203923657923976        27.629278087824467        1.5000000000000000                1
   4.6106343036987063        4.3944675247080012        25.500033149549594        1.5000000000000000                1
   4.6773289238659981        6.7621576068473503        32.054111697485943        1.5000000000000000                1
   4.4767530613414470        2.4381774717411004        7.5683481223497102        1.5000000000000000                1
   7.9041505650340280        6.6406678091668443        11.506937128318551        1.5000000000000000                1
   6.4659462091386537        2.5303824232932919        5.7024808057368803        1.5000000000000000                1
   6.5731017121057045        7.9323155404636472        14.966691870636909        1.5000000000000000                1
   3.0212463057648327        3.2420353669887914        1.6310690634089728        1.5000000000000000                1
   2.6069960979248794        6.6216605316642596        8.8801128452745601        1.5000000000000000                1
   7.7170761790971021        6.9225537837968414        1.2223869046958971        1.5000000000000000                1
   6.7713182195789896        5.6973994615559249        23.857223957911010        1.5000000000000000                1
   7.5768903315209473        7.0594142358834864        17.945973764410070        1.5000000000000000                1
   4.4491850256231649        6.6194076716424490        34.696629488744414        1.5000000000000000                1
   2.6685066191080673        6.6831667685752283        33.196275478414762        1.5000000000000000                1
   6.9028617585961012        7.7454615553333861        10.813607392187958        1.5000000000000000                1
   6.7853020254017995        4.5935204381385661        11.854592843515954        1.5000000000000000                1
   4.1422906365646206        2.5939287007495975        26.424263495600250        1.5000000000000000                1
   8.0981589494818973        4.4560058286301976        30.107765035558785        1.5000000000000000                1
   4.1793796590851473        2.4877035189368413        18.798592148429943        1.5000000000000000                1
   4.3355060786964579        2.3961281975748627        20.329537584308458        1.5000000000000000                1
   5.1529344008559423        5.2193252658498617        29.421303105333237        1.5000000000000000                1
   5.8479396491282483        8.1888290502043386        11.785392245620173        1.5000000000000000                1
   5.5934552445985029        2.3448106406353157        38.188904426070600        1.5000000000000000                1
   3.9411081523070810        4.5963832745063362        35.536704550219618        1.5000000000000000                1
   3.9286092453934067        4.6617519721819773        12.241544726711307        1.5000000000000000                1
   3.7723389479068912        4.8641526435401667        17.149026847716137        1.5000000000000000                1
   6.6412593392510892        4.4585408491981884        6.9819515335738416        1.5000000000000000                1
   8.1935556768774820        4.9696210260610769        26.843251983695794        1.5000000000000000                1
   7.8474780251138805        3.7928484772966571        13.454359596522501        1.5000000000000000                1
   2.3321032185871311        4.5633433216276948        19.306228155384908        1.5000000000000000                1
   4.5065318495937108        5.6660445642200621        24.656134182541706        1.5000000000000000                1
   2.6648304422707403        4.0598502475120055        3.8556119805644418        1.5000000000000000                1
   5.2694017085330023        2.3019520402609492        34.126448522302432        1.5000000000000000                1
   3.7950288822228626        6.0747281992310338        5.0575968964434557        1.5000000000000000                1
   7.7168141825004923        6.6555877417918428        33.715398118589889        1.5000000000000000                1
   5.8820697828570134        2.3221259356947956        18.383119076603396        1.5000000000000000                1
   6.0472831749154583        2.3997801865057702        30.681281929432057        1.5000000000000000                1
   4.7416043857437185        6.8742199650138414        16.006664184918240        1.5000000000000000                1
   3.1143905645589776        3.5317429595008392        38.723003280981253        1.5000000000000000                1
   2.6797149300278584        6.7476089819959091        19.201031076295198        1.5000000000000000                1
   2.9190563321424827        6.9120516768415357        36.850010358080858        1.5000000000000000                1
   5.8410619923153311        8.1583348557254212        20.096607346962642        1.5000000000000000                1
   5.3931295559476471        5.4545169571723280        22.465727833876006        1.5000000000000000                1
   4.0810468083781668        5.4272177225830429        32.449386354109379        1.5000000000000000                1
   7.9982456259587442        4.1693982992133156        17.272244816691956        1.5000000000000000                1
   3.5753737464153659        7.6783470327555055        11.640317550389430        1.5000000000000000                1
   5.3564576412098361        5.4217393859773590        28.440770886989853        1.5000000000000000                1
   6.6669463828924425        6.0402007038128929        25.350134324447577        1.5000000000000000                1
   7.4313588375243427        3.3329284993106558        39.024534082624406        1.5000000000000000                1
   7.4819284804920745        3.3245297023586011        2.0984410077277400        1.5000000000000000                1
   8.2121741902287546        5.5448499632656834        38.732473516886394        1.5000000000000000                1
   5.2627412415458723        5.0985753511445280        17.971752060870163        1.5000000000000000                1
   7.8333395541585231        3.7735041757790859        28.654066962987049        1.5000000000000000                1
   5.3842331906944958        3.6737115815113759        7.7187386574198795        1.5000000000000000                1
   3.6754443448249687        2.7903886480048667        21.888622068639911        1.5000000000000000                1
   4.8854771108122064        6.8736205022329990        36.286856389109246        1.5000000000000000                1
   2.6315347722094780        3.8080833317253053        6.9330285328000985        1.5000000000000000                1
   4.6276193872012277        3.9046563946244346        10.641592641007049        1.5000000000000000                1
   5.8207628950596968        3.4154488720379517        9.8431400123529684        1.5000000000000000                1
   5.0563284909782320        8.1842064758529940        37.043854331804646        1.5000000000000000                1
   2.9149962678151384        3.3672511935779035        18.599063478946302        1.5000000000000000                1
   7.9666341713339746        6.4452165466185178        24.677793020522941        1.5000000000000000                1
   6.5940634777721954        4.4290035825393428       0.14097148159803569        1.5000000000000000                1
   8.2149839239751028        4.8897377454899456        19.040369225006600        1.5000000000000000                1
   8.0965273129879769        4.4035277899691367        23.540316472633126        1.5000000000000000                1
   5.1517093967314782        8.2358662194038157        14.574780962011163        1.5000000000000000                1
   5.0920964032241463        5.1316666522070280        3.7763872908861069        1.5000000000000000                1
   7.2480652554189149        3.0272287714618833        8.4867235584352034        1.5000000000000000                1
   6.4817527698742508        2.5207605407052389        8.0240675523279865        1.5000000000000000                1
   5.4267440835666907        3.8101861959803083        5.5348268511251959        1.5000000000000000                1
   2.7067430828239658        6.8271924319387143        30.995694025082763        1.5000000000000000                1
   6.6925072295217882        7.8305391620015410        30.389841825578138        1.5000000000000000                1
   5.4996629731050950        3.6240876417238255        23.636172041980959        1.5000000000000000                1
   3.2074809186411426        7.4420711886430588        8.8527580770353698        1.5000000000000000                1
   6.7383206111013036        5.4568324655209066        1.2622439793884597        1.5000000000000000                1
   6.9090990868289248        4.8111746383534193        10.293316823478827        1.5000000000000000                1
   7.4434002683242504        3.2078115686986646        22.884476006660730        1.5000000000000000                1
   7.6799735238820119        6.8840205037791247        8.5421860279085973        1.5000000000000000                1
   6.9724855250530586        7.6647691383080545        16.486787726246735        1.5000000000000000                1
   2.3371527979149231        5.3313935487452424       0.66280142320202173        1.5000000000000000                1
   7.7828902109648821        3.7513599560115707        15.137721297667804        1.5000000000000000                1
   5.5655685163255617        2.2855357464367101        3.1128982999666936        1.5000000000000000                1
   5.1336282750792472        4.6347517065712687        16.369277957464700        1.5000000000000000                1
   3.5262762774018763        5.5895082276550374        8.0585565172412696        1.5000000000000000                1
   2.9962906417050075        3.5232754326730129        17.048282930890601        1.5000000000000000                1
   7.9557820169021971        6.4736061949212944        5.4051284998460467        1.5000000000000000                1
   5.6568935312931323        8.2006075023485199        29.008281564020585        1.5000000000000000                1
   7.5128778953125730        4.7189476036100881        24.920296182410407        1.5000000000000000                1
   4.0339394700562732        7.9858604511315345        13.578742899633697        1.5000000000000000                1
   3.4991432008989976        2.8289444518623190        6.0083825393010821        1.5000000000000000                1
   2.4953411150557105        6.3993130256765456       0.56957588289986294        1.5000000000000000                1
   6.9736970617308236        5.2003552769121546        13.510765002745270        1.5000000000000000                1
   2.9108749483534493        3.4161221051702042        21.614568851158108        1.5000000000000000                1
   6.9476466682305942        2.7973822485903055        21.480761083848371        1.5000000000000000                1
   2.4094012764236625        4.7528936478079951        7.2568988107689636        1.5000000000000000                1
   7.2180531720421151        7.3723153539487738        3.6895556171877408        1.5000000000000000                1
   6.0350306420564692        2.3604961799988704        35.873305561629309        1.5000000000000000                1
   5.4575875744357694        8.0428739046142894        23.095901356198212        1.5000000000000000                1
   7.0901485228248466        2.9996768364570809        29.740260546974017        1.5000000000000000                1
   7.3666654555665625        5.9690807626268594        20.886194032737915        1.5000000000000000                1
   2.4146298821491907        6.1332612135724922        36.372360309678307        1.5000000000000000                1
   6.1377258043162550        6.6957602099608531        28.136573862275331        1.5000000000000000                1
   2.8754515545502430        3.5037826900687556        25.968890275718255        1.5000000000000000                1
   4.6409684828948317        3.6762921177049637        37.663289837101381        1.5000000000000000                1
   5.6025163810099698        3.7178156585183193        30.090584525394405        1.5000000000000000                1
   5.4480434552033019        8.2181322238778289        7.9749514490089926        1.5000000000000000                1
   8.1536036498386437        5.2814645750379094        8.9187249561206379        1.5000000000000000                1
   7.7962258831518580        3.8644660686474097        5.5661520142287531        1.5000000000000000                1
   8.1467500266904818        4.7200373988637097        20.550157742575330        1.5000000000000000                1
   3.4371696785744033        6.0972513996085933        38.074647641488610        1.5000000000000000                1
   2.3028146464577657        5.7198064268742437        20.293191553290459        1.5000000000000000                1
   6.0701285924622956        3.9749736569093050        8.4300779406459974        1.5000000000000000                1
   5.7975193917693426        6.7370401184680597       0.10436974251079326        1.5000000000000000                1
   3.5555659831492545        5.3151060158046146        26.423415612159140        1.5000000000000000                1
   3.5984780576127564        5.6738079629902920        33.884421549093076        1.5000000000000000                1
   2.3692652087301567        4.8455905865601085        22.374372045216763        1.5000000000000000                1
   3.5802197156477904        7.7232305777838652        2.9980927134154252        1.5000000000000000                1
   6.5017718609915400        3.7744876060694348        29.500336090301925        1.5000000000000000                1
   5.7478219086337106        6.9119172027408888        22.146043536735899        1.5000000000000000                1
   4.5755740126211579        3.7576193091667416        9.0381505760432841        1.5000000000000000                1
   5.5685629590126897        4.8852882608379762        13.077378998604329        1.5000000000000000                1
   7.4679057110055007        7.2252674821978218        9.4968356839999082        1.5000000000000000                1
   3.8553932245589286        5.8684111997518293        29.862181425608327        1.5000000000000000                1
   6.4472232281496513        6.1763503627763248        4.4506737158198728        1.5000000000000000                1
   5.2851349045223452        5.6862431319342361        25.979370955777796        1.5000000000000000                1
   5.9319390053250247        2.3424489169052993        7.1947433181623408        1.5000000000000000                1
   3.2924323517709908        5.9166954235719027        32.050190108720194        1.5000000000000000                1
   4.1178720666312465        7.8693604742286967        24.550083164233765        1.5000000000000000                1
   6.4129643088617732        7.8916744990953296        2.4962893240241479        1.5000000000000000                1
   5.9258583926194799        2.4108337017114820        16.671516100951603        1.5000000000000000                1
   7.4727253818193065        3.2419222353630008        25.889116348509237        1.5000000000000000                1
   2.3101167369962656        4.7451787073347260        39.266420009437653        1.5000000000000000                1
   6.5230639724024888        7.8819438556505483        12.468985260372259        1.5000000000000000                1
   5.9545581734136830        6.7161576001771577        11.359621034828235        1.5000000000000000                1
   5.1282134442159792        8.2318778685973815        18.600429383410248        1.5000000000000000                1
   3.6685310004272900        2.7532338097867464        29.884734170443519        1.5000000000000000                1
   2.4620091772612116        6.3539936752885575        26.003572728304189        1.5000000000000000                1
   7.7849242844141777        3.6881377582288821        33.128261332362626        1.5000000000000000                1
   3.0033807966697985        5.7898675074422901        2.8256849604754413        1.5000000000000000                1
   6.6551058959189948        7.8881768498817015       0.74370169983775403        1.5000000000000000                1
   3.8678137222573925        4.3545434265972780        29.578628015559374        1.5000000000000000                1
   3.1160193925880280        3.1635582233292361        2.7092146234489678        1.5000000000000000                1
   8.1217916733234894        5.7258791077184492        26.186699637896645        1.5000000000000000                1
   3.5513393860612501        4.5267461421493040        38.443980152599686        1.5000000000000000                1
   4.1724877899252091        7.9813118685362276        7.0557376217184320        1.5000000000000000                1
   7.9326022628951902        4.0807366924145185        25.571092621743762        1.5000000000000000                1
   4.5474199986667303        6.8414169793260617        10.784061661449623        1.5000000000000000                1
   4.2842730289589754        4.2368890944703903        1.3958584732991848        1.5000000000000000                1
   5.9577460626262022        8.1626058041873772        3.9345580687834141        1.5000000000000000                1
   8.2260557825210849        5.1442598306457148        29.349351326841347        1.5000000000000000                1
   6.8345278144198991        5.3317934183442244        7.4479036152906284        1.5000000000000000                1
   4.5398788598265565        2.3585506849657900        27.395329170671971        1.5000000000000000                1
   7.6775490429317674        6.8276428315038249        28.439521594813648        1.5000000000000000                1
   5.3429363251064528        2.2857735050114640        1.5461278023784246        1.5000000000000000                1
   7.6845618535462430        6.9897062297261128        15.340011232485560        1.5000000000000000                1
   8.1304579986567429        4.9516683917376900        22.083337100121216        1.5000000000000000                1
   6.6102925868494982        3.8320086200164716        12.508592865677116        1.5000000000000000                1
   5.5121041025683590        2.3152102019309715        21.297669632540071        1.5000000000000000                1
   6.6632856127030422        4.4949536893788133        30.895344789536516        1.5000000000000000                1
   5.0007208398492988        8.1416210883326841        16.985764468963382        1.5000000000000000                1
   5.8422788025972405        2.3258430095220932        11.944467985977299        1.5000000000000000                1
   6.6333872503013112        2.6037137692053292       0.70252156572198843        1.5000000000000000                1
   2.9299707850739538        7.1369610920309210        39.325185274176533        1.5000000000000000                1
   5.5908035778606076        8.1605224235325799        16.090697753626038        1.5000000000000000                1
   7.7997624345468273        6.7906024142587489        30.555137563522674        1.5000000000000000                1
   2.4383411352812110        4.2339357793696992        13.051275215850277        1.5000000000000000                1
   7.2459749520394281        3.0206601509281676        5.2401755818447819        1.5000000000000000                1
   4.1220824845921475        4.7387994975709464        5.7533984994568437        1.5000000000000000                1
   3.3153091513200548        7.4846360844014468        7.3236021094922377        1.5000000000000000                1
   6.9388263572764677        7.6600159825028014        5.7327158800401596        1.5000000000000000                1
   2.4419854728609383        6.2431884309759500        11.650624965584676        1.5000000000000000                1
   3.0551468499868184        7.2780171065114363        14.497866224508465        1.5000000000000000                1
   2.2664939604863137        5.0844281031255889        15.129919369754454        1.5000000000000000                1
   2.3393845760506990        5.5460207300576467        28.549678963875781        1.5000000000000000                1
   2.6118016948369775        3.9052226740674860        30.564739178361705        1.5000000000000000                1
   3.8342990436991458        7.8747318776809498        38.325400548279667        1.5000000000000000                1
   3.4252187933749596        7.5846932442707438        20.230341513332203        1.5000000000000000                1
   7.0750180378985279        5.6571055148924652        36.571959229354214        1.5000000000000000                1
   6.2795233277086595        2.5266578997656750        20.010653831599438        1.5000000000000000                1
   6.2996204427782585        6.0774948175216501        20.905940782314801        1.5000000000000000                1
   5.4696220789913310        4.9944331478589277        37.551165072277072        1.5000000000000000                1
   2.3237998391287746        5.8736466979858868        21.989959253495115        1.5000000000000000                1
   6.9628267667792709        4.9621425414171707        18.138904337175870        1.5000000000000000                1
   3.3152580800206275        5.5402091428679805        13.324652344504225        1.5000000000000000                1
   8.0073340687710335        4.2101726645331690        7.8285419245622521        1.5000000000000000                1
   3.7454890838459907        4.9059356911753031        31.025766072195545        1.5000000000000000                1
   5.0736798768503091        3.5222122878899644        25.086329527845045        1.5000000000000000                1
   6.6097393577794987        5.6578264399151452        17.477691552745963        1.5000000000000000                1
   2.6684058586715729        6.7103860522693584        7.3823406331925430        1.5000000000000000                1
   6.5490558972396062        6.0844820430878688        12.251155087836265        1.5000000000000000                1
   4.4551863655821915        2.3809668510710997        4.5628407224585601        1.5000000000000000                1
   5.1183155772991222        3.6308056792833745        2.4911527199513803        1.5000000000000000                1
   6.7886064195232887        2.6792911998299491        28.226326303361859        1.5000000000000000                1
   2.4801110663148944        4.1039334508951590        35.691994716361833        1.5000000000000000                1
   7.6999686458167131        6.9157082862546666        6.8545564877374510        1.5000000000000000                1
   6.6983279871053556        5.3020722858424207        29.605431517632734        1.5000000000000000                1
   5.9649214819613103        3.7768776343344683        38.544523876823334        1.5000000000000000                1
   5.9429177148031069        6.5719291821310382        38.576921212489673        1.5000000000000000                1
   6.3301230922756346        4.1066394224286578        15.566958617383600        1.5000000000000000                1
   3.3216537483064852        5.7992686972596106        11.317780105376150        1.5000000000000000                1
   2.6017922402088747        4.0143652952607747        33.283546317319619        1.5000000000000000                1
   8.1802694743782300        5.1521920204118574        33.053525841943348        1.5000000000000000                1
   8.1683544163620709        5.8661981733184350        30.669331086994834        1.5000000000000000                1
   3.7202198600137129        4.6368148267385436        8.6344560316717889E-003   1.5000000000000000                1
   3.9069278495981887        5.8578931349806771        21.563501611619913        1.5000000000000000                1
   2.3877541769882469        5.9566387302350119        2.0445958550718708        1.5000000000000000                1
   3.9220609248971661        7.9353406755090514        17.284884881286917        1.5000000000000000                1
   2.9578311612882389        6.9133329693082581        27.529415675292931        1.5000000000000000                1
   7.8461787353534618        3.8351865450976339        22.141196045550736        1.5000000000000000                1
   6.9167782528921489        5.6864593271901969        10.827089064583893        1.5000000000000000                1
   8.1244170468802075        6.0736050749493469        23.191930085377290        1.5000000000000000                1
   7.8496762108170506        6.7241140343566270        7.9923905396808548E-002   1.5000000000000000                1
   2.8775256124516773        6.8860677142182389        29.062038044512068        1.5000000000000000                1
   7.4364758894306187        7.2921275339291221        12.154180800548870        1.5000000000000000                1
   2.9030204067405574        7.0945368310317702        20.945504783426628        1.5000000000000000                1
   7.8337108768785209        3.7327870270268884        34.700898578561251        1.5000000000000000                1
   2.3933581271755555        4.4347298341515167        2.3724363216536219        1.5000000000000000                1
   4.1803349887304888        7.9744273023752017        4.4843075963764205        1.5000000000000000                1
   4.3346776595808727        8.1016087676507151        15.172936747366572        1.5000000000000000                1
   2.2965010683482108        4.8993331115106891        10.684967241499697        1.5000000000000000                1
   4.9858779076850688        5.3400326266161073        38.394907428088409        1.5000000000000000                1
   3.6463877632701505        7.7084436405488868        9.9187946638167990        1.5000000000000000                1
   7.9920946538223658        6.4480237789575519        16.270544659458604        1.5000000000000000                1
   6.5837585348525103        5.9855555801801543        9.3329216128425241        1.5000000000000000                1
   5.2275708609876208        2.4035710137723880        39.949922158379621        1.5000000000000000                1
   5.8251410821072698        5.9361285466875620        19.476128217294971        1.5000000000000000                1
   5.7496632467032516        5.2739935478497761        2.3842695615553935        1.5000000000000000                1
   7.6072601834455114        7.0248906311382742        2.2231473595294489        1.5000000000000000                1
   4.3020392411704007        2.4576158630814278        12.008278451665541        1.5000000000000000                1
   6.8325193547672871        4.7106873790132564        36.969332848188259        1.5000000000000000                1
   6.5400655298192625        2.6087126237140548        24.128536141354861        1.5000000000000000                1
   6.6253885886296287        5.4875176764334901        3.7427343302118996        1.5000000000000000                1
   6.7831483273867521        4.6430707472868828        21.279274232464687        1.5000000000000000                1
   3.7891576918103222        5.5704797603911569        27.907920773058208        1.5000000000000000                1
   5.4249047356225288        3.6259205908418206        15.281185040900141        1.5000000000000000                1
   7.0770736659850195        7.5848828016829195        28.912711127167153        1.5000000000000000                1
   2.9523473543796239        4.1512674777362717        13.954227562536456        1.5000000000000000                1
   2.6456082683607414        6.5986711599780765        3.4161185329721477        1.5000000000000000                1
   4.4802221286198955        3.9624968463176233        13.571219160104427        1.5000000000000000                1
   5.2611933571114777        5.1927269032282979        36.016579471340307        1.5000000000000000                1
   5.5312908627592980        4.8972383798728458        9.5281135816247087        1.5000000000000000                1
   4.3906651136511750        3.9307501947710168        36.199087918861188        1.5000000000000000                1
   5.7824818529963613        2.3703475026372094        33.227952208023495        1.5000000000000000                1
   7.2387009729943195        3.1212012183916205        16.497883910098896        1.5000000000000000                1
   6.3299922192370124        7.7833320665751886        36.241401343672045        1.5000000000000000                1
   6.4361082127458724        2.5520328363420965        13.362405522750086        1.5000000000000000                1
   3.7578053021292983        6.0526250108188195        15.090507225241197        1.5000000000000000                1
   7.5589428921498252        7.1576279986493176        26.005174364856362        1.5000000000000000                1
   4.6218901894599895        8.1751409207404500        27.888599796801390        1.5000000000000000                1
   4.5763108066157256        2.4338292616689623        17.339910185953290        1.5000000000000000                1
   4.3424329966016293        8.0656826517614686        20.074365623683420        1.5000000000000000                1
   8.0256583598943845        4.3570060936356736        4.0574308791048050        1.5000000000000000                1
   5.0282882975932859        2.2683440627898941        10.648578869232727        1.5000000000000000                1
   5.2214612341946873        6.7702585914607827        37.795312361637109        1.5000000000000000                1
   3.6229726614694111        5.0327739337271078        19.957570968785845        1.5000000000000000                1
   8.2332691876772106        5.3885169141097959        12.322159865443117        1.5000000000000000                1
   6.8190574107966464        4.9075474417970755        35.228479028542033        1.5000000000000000                1
   6.0366569451248635        6.6403279845206882        31.210018427985130        1.5000000000000000                1
   3.5509767449266407        7.6454316929273283        23.174240671529294        1.5000000000000000                1
   3.8254966912081785        5.1271609842202484        14.687314719337856        1.5000000000000000                1
   2.3854707641028914        4.8506203930395317        20.813956487580246        1.5000000000000000                1
   6.7149645877695345        7.8428865467044258        18.896835731058399        1.5000000000000000                1
   5.2717132122476791        6.8297766822010102        5.6814727222074275        1.5000000000000000                1
   2.9532403256214250        7.1743058442821424        22.468146556367483        1.5000000000000000                1
   4.2340924498696833        6.5090853614906008        37.594173344246023        1.5000000000000000                1
   2.3100608269235732        4.9242512218358048        25.559795555196665        1.5000000000000000                1
   6.1831631513821188        3.9037059456673320        36.805193256815464        1.5000000000000000                1
   3.2594976016463328        3.6001980608502153        20.620092650699778        1.5000000000000000                1
   7.7889321846388038        3.7707546739749138        20.493826405676618        1.5000000000000000                1
   6.2028411510081174        4.1126862982767047        35.118493822537857        1.5000000000000000                1
   3.9467850026139164        4.4369485652568565        2.9694645363443080        1.5000000000000000                1
   5.5624297628197699        6.7350761929726826        29.594666849938019        1.5000000000000000                1
   5.1689432977398786        5.2396629507829493        26.935961679820238        1.5000000000000000                1
   3.7388123617656466        4.4137550781679566        10.758817439820096        1.5000000000000000                1
   3.7401315380116076        3.8011546423413236        5.7621913280674972        1.5000000000000000                1
   5.9725117603574853        3.9037353561998360        18.800183490290106        1.5000000000000000                1
   5.7012060005114815        6.7882734379321228        3.2724856933466637        1.5000000000000000                1
   3.5215206549119964        3.1652876115305992       0.66755933673029666        1.5000000000000000                1
   4.4253130077834406        3.9894413538342830        22.615948588198776        1.5000000000000000                1
   5.0077334624645671        8.1696756719035939        21.598318408914462        1.5000000000000000                1
   5.3396962739594365        6.6651135676794508        27.401277847814022        1.5000000000000000                1
   6.8203227128666439        4.5256350417705766        8.8113203139362746        1.5000000000000000                1
   7.0221082177793708        7.5768206702305303        39.118849088349656        1.5000000000000000                1
   2.7758227589058020        3.5930716037482924        28.847792831103465        1.5000000000000000                1
   7.5405380062128273        3.3930046054939886        17.981244972895670        1.5000000000000000                1
   2.2901175790773731        5.1776868959110756        23.889209433940707        1.5000000000000000                1
   7.4747863204123730        3.2469730199377409        24.384814876420339        1.5000000000000000                1
   6.8513106293131161        5.3015273122438664        28.564942899792232        1.5000000000000000                1
   7.2704016765191302        3.1146555486705494        12.231479537115709        1.5000000000000000                1
   8.0197311459989038        4.0993583459106731        37.832470621553405        1.5000000000000000                1
   6.2722510209483504        6.3454132193418520        8.4307258732207497        1.5000000000000000                1
   6.6919664486264638        5.9275403484978462        35.143869998020563        1.5000000000000000                1
   8.1950222252057170        5.5938502890022139        4.9327560965257939        1.5000000000000000                1
   2.7472935656791599        3.7014802372183708        8.4389672254082111        1.5000000000000000                1
   4.7054540161900276        3.6925885592065999        21.167968299748637        1.5000000000000000                1
   8.0378629151787546        4.1680936595539295        2.5161547090354470        1.5000000000000000                1
   7.1932990378716299        7.5257625146934286        34.964874543250467        1.5000000000000000                1
   8.1790015829181808        4.6812191515230763        34.489260431031639        1.5000000000000000                1
   3.8247467035682039        2.6754861291927758        33.940358964827389        1.5000000000000000                1
   3.4153088277499926        7.5860890412722686        5.8187848163205693        1.5000000000000000                1
   7.1703782620859631        7.5408346274087048        4.6760327949586467        1.5000000000000000                1
   4.6174387321753354        2.3408906826809579        38.494755078664603        1.5000000000000000                1
   5.5260012939861385        6.8301689842934206        7.1660990933762161        1.5000000000000000                1
   4.0691256932221869        6.2252014392664181        36.127752094648280        1.5000000000000000                1
   4.6411084894526766        3.8186722290834525        19.670793869206168        1.5000000000000000                1
   8.0471195534078781        6.3232291762092618        27.608864668471440        1.5000000000000000                1
   2.4370470922052703        4.2097543173720267        9.9587185821720823        1.5000000000000000                1
   3.3910480014225546        7.5860814755720600        26.246583241474021        1.5000000000000000                1
   6.5678508833313352        5.9951095070753633        38.047944938838086        1.5000000000000000                1
   5.9528920754914028        6.9932625750193100        34.198573276015111        1.5000000000000000                1
   3.7422699075687826        5.5469389823265800        39.553852412598729        1.5000000000000000                1
   4.0162144719212112        5.0724784437961654        37.118080451556281        1.5000000000000000                1
   2.2840550861112061        4.9826916446149649        3.9534004595145786        1.5000000000000000                1
   6.8227297833657188        5.2900884969189699        5.6756522278523622        1.5000000000000000                1
   2.3190154445975768        5.7611793147540844        7.1643783377133925        1.5000000000000000                1
   4.7686456722474180        3.6486604282554875        34.697040468897633        1.5000000000000000                1
   2.2772568668266726        5.0531934374130589        36.115464818077534        1.5000000000000000                1
   4.1600795102193322        4.2101019015615764        24.079255739132790        1.5000000000000000                1
   2.7930423256813444        6.9152966777747604        17.526747891881968        1.5000000000000000                1
   6.5212358150906677        4.7507033427078129        26.124532617757410        1.5000000000000000                1
   6.5233422391546432        3.3404185122867718        25.568945545260526        1.5000000000000000                1
   6.9413643250341295        6.2730037289456346        7.0676183904486711        1.5000000000000000                1
   6.2678113321814735        2.4923155982688199        25.100420533356541        1.5000000000000000                1
   2.3399539774802189        5.4856380897689689        17.160051867019391        1.5000000000000000                1
   2.6930879532082268        6.7519952487060593        37.872074770886066        1.5000000000000000                1
   2.4348798398241596        5.9852327476523799        24.488064812939218        1.5000000000000000                1
   5.3660661493293125        5.4464088437755684        33.505750237609362        1.5000000000000000                1
   2.3505788139373633        5.9827655059288452        18.647223672786211        1.5000000000000000                1
   4.2280032176792757        2.4609358906050263       0.38140650628601053        1.5000000000000000                1
   3.1308692542610705        3.2282875121423702        19.593570997622333        1.5000000000000000                1
   3.1902722911116692        7.4180320153776780        24.750472650047307        1.5000000000000000                1
   5.4651451408430516        5.0041341916306701        11.255328995084328        1.5000000000000000                1
   2.2982473510412884        5.7297434628603972        30.049722858383230        1.5000000000000000                1
   4.4149695861893257        8.0681892597727085        11.166355562732248        1.5000000000000000                1
   8.2145924274053161        5.6324031899671709        1.8166914439204294        1.5000000000000000                1
   4.4429488122125589        8.0956962615961956        23.068539202325706        1.5000000000000000                1
   6.5361538668001344        6.3412869749527845        29.675600658989495        1.5000000000000000                1
   6.2492752550136519        6.3070899092057813        36.598963746167300        1.5000000000000000                1
   3.5937489493784467        2.7721387136160396        13.980827119698027        1.5000000000000000                1
   4.2662086880610302        6.3881768600636688        30.612509602094160        1.5000000000000000                1
   5.3363607750461313        3.6207780182676421        4.0034584992932114        1.5000000000000000                1
   3.3117644668249158        5.5806153626507005        18.492546022844113        1.5000000000000000                1
   5.7176018587664768        2.2985683960659604        29.221135104516648        1.5000000000000000                1
   7.0402563832524256        7.6194928071296379        27.335017535852554        1.5000000000000000                1
   2.3880621110958513        4.3723221938026731        5.3923097573233960        1.5000000000000000                1
   5.9234454245058208        8.0619474571422849        21.120034352651615        1.5000000000000000                1
   4.7649150532876217        8.1423351616296387        25.891787153256626        1.5000000000000000                1
   7.9999021564639108        4.7051310182422714        31.630720372110076        1.5000000000000000                1
   4.9643221938006779        6.8135943060712494        20.869741675455565        1.5000000000000000                1
   8.1343876842709424        5.6620307055173003        3.3255766840205521        1.5000000000000000                1
   2.4876567883336151        4.1068403377043037        16.338351554695279        1.5000000000000000                1
   5.9445758262699719        2.3836759657712236        4.8106310715209366        1.5000000000000000                1
   3.6236258872608915        2.9098278394711903        11.360372025918469        1.5000000000000000                1
   2.3048314704276125        5.7245841447211010        32.027511960598517        1.5000000000000000                1
   2.5545060899224059        4.0111023070189686        27.894969944297944        1.5000000000000000                1
   6.9120727750971156        2.7609647700567317        3.6987079591579919        1.5000000000000000                1
   3.7789688471060043        5.3354700349407080        6.4948089262059732        1.5000000000000000                1
   7.4576235653617466        3.2312916538668741       0.55416769710262215        1.5000000000000000                1
   4.4837487161418625        8.1211572570680204        34.503474664581731        1.5000000000000000                1
   4.1999368723108610        2.4730679750644562        9.8707009356306266        1.5000000000000000                1
   4.2849641984342499        6.4882922132433007        8.0681097345862653        1.5000000000000000                1
   6.9137049679301041        5.0148539022509917        16.624989097225491        1.5000000000000000                1
   2.5203947889479168        6.4812667068970882        14.194083849082380        1.5000000000000000                1
   4.9171896002731126        5.5925283409262345        13.397249182003650        1.5000000000000000                1
   4.4937269637564317        6.6631673969497713        26.808546668819215        1.5000000000000000                1
   7.6622959424074581        7.0153105894763215        36.304331433252358        1.5000000000000000                1
   2.2532623929743010        5.3417365823325342        31.011927178350298        1.5000000000000000                1
   3.0426982246398095        7.0093707336793774        35.244370825100305        1.5000000000000000                1
   4.3461550781305718        4.1127974740605850        33.274074582008708        1.5000000000000000                1
   3.6706049915943173        6.4195397899593036        13.000902092526150        1.5000000000000000                1
   6.2871243738067770        7.0474888330779271        10.425831698014969        1.5000000000000000                1
   4.7371966240369909        3.9325749241417056        6.8794641903854128        1.5000000000000000                1
   8.0471604898115263        4.2092379907936595       0.98539424847788437        1.5000000000000000                1
   4.1588566935965670        6.3011109434813797        6.5564257353987587        1.5000000000000000                1
   4.7554096630325704        8.2032395284842252        38.540819004238877        1.5000000000000000                1
   5.9651782781024902        3.9836594883831582        28.433656963523401        1.5000000000000000                1
   2.2659119807188768        5.0937315353103854        33.495688399233877        1.5000000000000000                1
   5.5199258820535331        5.3883911498792818        31.987183513377587        1.5000000000000000                1
   6.2170853602357825        3.9343845430515949        6.2014138087910204        1.5000000000000000                1
   8.2206002156375213        5.2137425956902952        17.351389378553254        1.5000000000000000                1
   5.4009907167082751        8.2198099368076711        10.780643208283486        1.5000000000000000                1
   2.9915040522928571        3.2753752468530331        4.5487381773643554        1.5000000000000000                1
   6.5679523651528005        4.2938185408343541        32.409591542961522        1.5000000000000000                1
   4.2587432291264484        2.4806142731608105        32.960700290024498        1.5000000000000000                1
   4.7442815914449303        2.3071790075084015        28.885339888098486        1.5000000000000000                1
   2.4147066385167513        4.2893363182079902       0.74098820230964879        1.5000000000000000                1
   5.8290704795239279        8.0524474967231008        32.520773932968090        1.5000000000000000                1
   2.3721440415670219        6.0025362174954893        27.554218840159205        1.5000000000000000                1
   4.4981087005172320        8.1493705298886159        2.4134623574436243E-002   1.5000000000000000                1
   2.4421326566101862        4.9843097004400176        29.390781230777975        1.5000000000000000                1
   8.1915222515273332        5.7863328665872107        37.073793162370457        1.5000000000000000                1
   5.8447588265888957        4.9057551470747542        24.772434464218922        1.5000000000000000                1
   3.8097821475907687        5.8533931038287363        1.0699049051580705        1.5000000000000000                1
   6.1039203097448906        2.4423609406491273        9.5235025262615309        1.5000000000000000                1
   5.3182929036928126        5.5330918275791179        10.277376832390889        1.5000000000000000                1
   4.5603021168612150        6.7471816065210586        33.102266054658557        1.5000000000000000                1
   3.8293621475889106        4.5174762200620879        9.0901444731120780        1.5000000000000000                1
   5.1899560826973836        5.3371735746891806        35.014802646421764        1.5000000000000000                1
   5.6919483226352021        6.6447108122088405        24.380178160398792        1.5000000000000000                1
   6.8885567859787731        5.4057221697376754        15.012658957440211        1.5000000000000000                1
   4.6339743996241038        8.1510616167155323        35.496501442710560        1.5000000000000000                1
   4.3688808700443653        3.9215155625582248        4.3506221253299975        1.5000000000000000                1
   6.2636966095400641        2.4578600480530981        26.828391463701752        1.5000000000000000                1
   6.7550347787840614        5.7872262619089136        32.906786298110710        1.5000000000000000                1
   4.7561957952602674        8.1492163810193361        26.894912215389120        1.5000000000000000                1
   6.9145178450619404        3.7782509938074793        27.199857596320655        1.5000000000000000                1
   2.7541794607410601        3.8011837004437896        24.457061255771325        1.5000000000000000                1
   4.3666962320073432        6.7178550278011180       0.72419622091754643        1.5000000000000000                1
   6.4882030121712972        4.3754503512603611        22.745432991933960        1.5000000000000000                1
   5.1935103763264161        6.8249763587797005        15.108356258721042        1.5000000000000000                1
   2.7101411962013313        6.8337423328730855        5.7913616574578652        1.5000000000000000                1
   6.2532460759404085        4.0461805934865840        1.5563172590586254        1.5000000000000000                1
   8.0812140272093718        6.1910927579307469        29.205379385211167        1.5000000000000000                1
   6.5138258326795970        6.3209568426693234        18.846598584373606        1.5000000000000000                1
   5.3270383967820969        2.2772674596142477        19.802812770555537        1.5000000000000000                1
   3.4133038228306734        2.8898081625084702        32.491754305127614        1.5000000000000000                1
   3.5234040935361577        7.6854250507690436        27.821632747111124        1.5000000000000000                1
   6.6664287295350491        2.7467244975112015        2.2019185486764767        1.5000000000000000                1
   3.3439909900423928        6.5262037587306265        24.211252668773792        1.5000000000000000                1
   4.5766301654607080        3.7643081811485821        18.118493996691793        1.5000000000000000                1
   8.2080163204234200        5.7191886190497989        20.317792320892149        1.5000000000000000                1
   3.7357942224480922        4.8481693577463831        21.518148253920000        1.5000000000000000                1
   3.8549676429351662        6.0054032148341978        20.047656225251266        1.5000000000000000                1
   5.8783662269236983        6.6654507186088390        35.151076761312495        1.5000000000000000                1
   3.5960206201214353        7.6621118617662818        36.829535320790171        1.5000000000000000                1
   4.4468220470850728        6.6023948363197595        14.439137008818090        1.5000000000000000                1
   4.3237926134110634        6.5223434192513956        17.827791903529228        1.5000000000000000                1
   5.4542219089281838        8.2337210333923974        2.4834480048962915        1.5000000000000000                1
   6.8235086831555281        2.7108272227593360        32.116235693306805        1.5000000000000000                1
   5.9508514751340034        3.9142896947863477        27.430568447688284        1.5000000000000000                1
   8.0530611025696643        4.4723951528009183        15.778456860884503        1.5000000000000000                1
   3.6884201888203783        5.0647045276711076        24.495439839931979        1.5000000000000000                1
   3.1989071206946997        3.5905065798888951        37.191337042785655        1.5000000000000000                1
   5.7034890100612969        8.1794685419692215        4.9021941188791640        1.5000000000000000                1
   3.7063366014116026        2.7127186160738437        36.927732388012281        1.5000000000000000                1
   4.2570213296954265        6.4155550725761428        3.4501129969612951        1.5000000000000000                1
   2.9388950152416160        7.1265031595875747        12.902881580541864        1.5000000000000000                1
   3.4220233470507817        2.8746222004153541        28.372903957492881        1.5000000000000000                1
   6.1073896810286756        8.0462427969159087        9.3132541961504813        1.5000000000000000                1
   3.7442145879711326        2.6650194119410844        24.887160803955151        1.5000000000000000                1
   6.4899659533930123        7.9686435427124866        17.342010716928183        1.5000000000000000                1
   5.7702887303110764        6.7420466053677863        1.6081349867702004        1.5000000000000000                1
   5.4186184385611664        5.0399456499734230        14.767047525190286        1.5000000000000000                1
   4.9040031729316826        8.2200767249250717        32.869385381513972        1.5000000000000000                1
   6.7877200558753499        2.7096482319910358        10.835878950826991        1.5000000000000000                1
   3.2073218846390041        7.4136786068586131        16.013595726145631        1.5000000000000000                1
   2.4670604656834123        5.3160910689415042        5.7239296161512403        1.5000000000000000                1
   2.3940662926505119        5.6022576237204866        13.725111074808490        1.5000000000000000                1
   3.7030987587029203        2.7234436098623473        7.0014518771130518        1.5000000000000000                1
   5.3451820104150487        3.6330784435050845        36.304393542465640        1.5000000000000000                1
   6.4465189236183953        4.1221415901855112        3.0900118917875008        1.5000000000000000                1
   3.4565798978814377        2.9008533414039839        23.395724293791684        1.5000000000000000                1
   3.5737016214345001        7.7312044623364775        39.833456757475595        1.5000000000000000                1
   4.5689728569095234        3.6733647066626989        39.233092741404199        1.5000000000000000                1
   7.0110753529406553        7.6167710379122662        24.646298577552319        1.5000000000000000                1
   7.6538891595309133        3.4635000685506592        3.8023758748667476        1.5000000000000000                1
   7.2519416169104760        7.4166753271195729        21.513696582373580        1.5000000000000000                1
   6.3068910633283135        8.0534546194279972        26.046726707412457        1.5000000000000000                1
   4.5156948939090160        3.7425256106629465        31.686629861576456        1.5000000000000000                1
   6.6477811904350270        5.3612445629262293        27.554598879203354        1.5000000000000000                1
   5.5771986016598634        8.2139315588372224        24.628238726452505        1.5000000000000000                1
   7.1732328295979393        7.4889768107350667        20.488793192105312        1.5000000000000000                1
   3.7538373187173186        7.7556667696141641        35.828963854851764        1.5000000000000000                1
   8.1758809252172764        5.8238347489536872        35.543014450640023        1.5000000000000000                1
   5.9066134089441453        7.1132025735995823        26.075395746042553        1.5000000000000000                1
   5.1658790462652036        5.1254515334540809        39.891305823375134        1.5000000000000000                1
   6.1100208652480674        8.0268654144027067        39.280463071912280        1.5000000000000000                1
   4.0063865270108465        4.2654144912151652        7.5370737162456782        1.5000000000000000                1
   4.9509648179346737        5.7045994749416904        11.839064465160817        1.5000000000000000                1
   2.6030380567913545        3.8395851759511084        31.573250124771391        1.5000000000000000                1
   6.5090747934953299        7.9050016791502236        6.6656675280620412        1.5000000000000000                1
   4.6788743203682746        8.1654565852018237        31.248502445254463        1.5000000000000000                1
   5.8531557367343510        2.3906512841451679        22.784233898531657        1.5000000000000000                1
   6.0013054727757975        8.1302536332228694        13.305594795581133        1.5000000000000000                1
   8.0280263548557098        4.1191979181012686        11.147249566975779        1.5000000000000000                1
   4.7822019804421805        2.2980555915429077        32.053984021027141        1.5000000000000000                1
   8.1030157716050351        6.0939908155060110        13.053092074398576        1.5000000000000000                1
   7.1116858700426855        2.9276532984964474        37.520344664546911        1.5000000000000000                1
   5.0672323493566376        2.2758347237535679        24.165228019660518        1.5000000000000000                1
   2.9766478502223044        7.1019203266938478        1.1474110844982981        1.5000000000000000                1
   2.3385652487669066        4.6646104046835042        17.801883498546907        1.5000000000000000                1
   6.1415879400602922        6.5247397304298946        13.061336296002022        1.5000000000000000                1
   5.3771013139740802        3.6778917768719857        26.630315819532928        1.5000000000000000                1
   5.3553109609923890        5.2238027355926206        7.8373464891658271        1.5000000000000000                1
   2.4091919753758542        4.8553210070629236        12.254526815241187        1.5000000000000000                1
   5.6411749656515964        8.1677126339514903        35.623812438696802        1.5000000000000000                1
   8.1777999666483652        5.5481052907018480        15.837670649764826        1.5000000000000000                1
   4.7594545493897007        6.9673357505598732        28.990444725643293        1.5000000000000000                1
   4.1051800964089233        2.6049643721483262        15.723768840434586        1.5000000000000000                1
   4.7061637441277302        5.1123739243910160        18.835447229692775        1.5000000000000000                1
   2.9145357187883172        7.1196141031582876        10.341366078869880        1.5000000000000000                1
   8.1034667116348764        5.9002724075976003        18.803345695432107        1.5000000000000000                1
   7.1046783405129794        7.6003068528365310        22.505869000094822        1.5000000000000000                1
   8.2260229354925745        5.0901351425242449        11.347009053177684        1.5000000000000000                1
   6.8576960528646937        5.7869754563692837        22.311643482530698        1.5000000000000000                1
   3.2680267549308879        3.0137180046199106        26.772393324090505        1.5000000000000000                1
   6.9695839494361387        2.8489766564784524        35.975634406589265        1.5000000000000000                1
   5.3155524549974968        2.2602217862667033        14.388348722172255        1.5000000000000000                1
   5.0755418814101949        6.7794793866125351        4.6992739117399331        1.5000000000000000                1
   2.4443507610681481        4.2431218519456486        37.386610670324956        1.5000000000000000                1
   4.6036478308852606        3.9223044025605733        30.187815789240187        1.5000000000000000                1
   4.4387972980897485        6.6449213285484063        19.441511546339754        1.5000000000000000                1
   3.0710604490145976        3.2764361263358062        39.722146972324730        1.5000000000000000                1
   6.7048059838893694        6.1000689995657726        26.857383469072122        1.5000000000000000                1
   6.6745664740639503        2.7128630418571107        34.475084213701408        1.5000000000000000                1
   7.6641580715351445        6.9734218955343996        23.085843823119976        1.5000000000000000                1
   2.5335695926065687        6.3453505424833700        22.896077108962949        1.5000000000000000                1
   6.2079024351949341        4.1017086224745638        24.221141223636241        1.5000000000000000                1
   6.5610811990164750        2.5728696350761511        15.222303037113010        1.5000000000000000                1
   6.2120618437112878        2.4906670412911747        37.375751817917276        1.5000000000000000                1
   3.7554894666001157        4.8853246329908657        28.640938896121110        1.5000000000000000                1
   7.0710912557686605        2.9058079860524200        19.499618029815398        1.5000000000000000                1
   7.9780270432532694        4.5392550054688217        6.3021273492968950        1.5000000000000000                1
   5.0787899569779995        5.4202086790522346        8.7907870323451309        1.5000000000000000                1
   7.9570694862120703        6.5250049134271499        21.597835091327230        1.5000000000000000                1
   8.2288097897788059        5.4849621439119538        9.8985203666338375        1.5000000000000000                1
   7.9384226830026074        6.4879182895909908        38.510298760206894        1.5000000000000000                1
   6.7970493515178223        5.9509325498355539        31.307402659525714        1.5000000000000000                1
   3.5254320626734374        7.6902540221780038        32.467584671345747        1.5000000000000000                1
   4.0612004693741275        7.8806066910259078        29.278173397226457        1.5000000000000000                1
   2.9336627232471062        7.1448435523986022        4.3115707487549573        1.5000000000000000                1
   3.1246362717740377        7.3122811089398860        2.1774989367472632        1.5000000000000000                1
   2.7565693166300878        3.6928683636541280        14.824761147130408        1.5000000000000000                1
   3.6806008640407546        2.7446552057724753        38.442771144225475        1.5000000000000000                1
   7.9078425966667325        3.9257061051770301        18.785475796759982        1.5000000000000000                1
   3.4965290194160135        6.0842472801295129        25.779461314745905        1.5000000000000000                1
   7.9685601939219248        6.4993513409301951        9.9704563851868855        1.5000000000000000                1
   5.2241818771804640        2.2650775564177854        15.892729153472587        1.5000000000000000                1
   5.1426979823158989        3.7179264817979329        12.067370800464973        1.5000000000000000                1
   5.8539448544368877        3.8817287788018020        33.665989855558152        1.5000000000000000                1
   5.7130605854285976        8.2077165144093200       0.92225182280715545        1.5000000000000000                1
   7.2057480941311889        7.4666423791500076        33.339073397546450        1.5000000000000000                1
   2.2751845127874248        5.2356878972722560        37.658089713053947        1.5000000000000000                1
   4.7391380950803477        2.3183897034798475        36.907901672584721        1.5000000000000000                1
   4.0481596407356424        7.8537052400040821        21.603655370187298        1.5000000000000000                1
   3.9112756592318818        4.6873060391329258        34.014911871344687        1.5000000000000000                1
   8.0141554663338717        5.1030106973831915        37.817485971237787        1.5000000000000000                1
   6.5783370382018012        4.2181330583772239        4.6173295763496327        1.5000000000000000                1
   4.6388967353241570        3.6161688393509497        14.655499760209009        1.5000000000000000                1
   7.8144759183480739        3.7101753954112477        31.535381722756728        1.5000000000000000                1
   6.0931641374116516        6.5551835920437584        32.741191993450528        1.5000000000000000                1
   6.7522114160566344        2.7386101064465227        18.038148754528102        1.5000000000000000                1
   5.3092783008436255        2.3067621650484536        35.146620285888822        1.5000000000000000                1
   3.6906578153139469        5.2713333957466801        22.977977662661107        1.5000000000000000                1
   4.7870790059219681        5.5862820345711013        2.2989534536857437        1.5000000000000000                1
   2.9745736340167013        3.3361359224115046        10.028287030123018        1.5000000000000000                1
   2.7482157229893134        3.6832942233611448        34.222086907304771        1.5000000000000000                1
   7.3510213513719203        3.1344517668411349        6.8010035947168141        1.5000000000000000                1
   5.7121775952984004        6.5720070416461409        20.241218048306092        1.5000000000000000                1
   5.9182713286857496        3.5440640453508694        13.827687863353370        1.5000000000000000                1
   7.9360216681504943        3.9354786477574288        9.6221939556563907        1.5000000000000000                1
   3.7428408935688622        4.5906834420979559        15.649575056059120        1.5000000000000000                1
   2.2620426889133465        5.0956216724270167        8.7381819033757413        1.5000000000000000                1
   5.2915933003429982        5.0530049928679492        21.551778413327504        1.5000000000000000                1
   4.9445910659823689        2.2953289430842774        8.5493348447205548        1.5000000000000000                1
   5.7133019125717395        8.0986383355358900        31.515492407098122        1.5000000000000000                1
   4.3244055049078449        2.4646442505251724        1.9210857013960829        1.5000000000000000                1
   6.0261547313933823        7.0600745474091626        17.591586351661118        1.5000000000000000                1
   8.0170465445848311        6.3803255880352223        32.119691513496818        1.5000000000000000                1
   8.1826774236432414        4.7628674360308274       0.15131923261620209        1.5000000000000000                1
   5.1865644314418109        6.8049005491528316        9.3759550851805056        1.5000000000000000                1
