     1000000
           1
  0.10000000149011612     
   8.0323794442805827        6.3130145868144885       0.39709519743577548        2.0000000000000000                1
   6.5029798780825034        7.3725623661597828        17.133085814267094        2.0000000000000000                1
   6.7370864818407483        7.9004258768496856        19.231480669852210        2.0000000000000000                1
   4.2435955401605447        3.8303319971917080        36.611110867652137        2.0000000000000000                1
   7.2724931993109099        9.7746743827848643        38.498018467159341        2.0000000000000000                1
   4.2313354775947456        3.9816817063179233        26.209585048529789        2.0000000000000000                1
   3.2048812544833924        5.4862550542728963        13.069234079320012        2.0000000000000000                1
   8.7915095473877951        3.9017068517463667        5.4115898886013740        2.0000000000000000                1
   9.0390577128893970        8.8457032809849547        11.296741072611962        2.0000000000000000                1
   7.5653577289991656        3.1709774735194340        7.3720969635859293        2.0000000000000000                1
   9.7147037382621662        7.7345893979607538        4.2814761626000370        2.0000000000000000                1
   3.5577304809511783        8.2611820398656377        30.159912249692297        2.0000000000000000                1
   5.1787914704975693        9.7371903850924006        12.207369282181865        2.0000000000000000                1
   5.8577174747481076        3.0680484910561860        34.154336751376178        2.0000000000000000                1
   5.6122755434305498        9.7507768407528346        20.807049518546972        2.0000000000000000                1
   9.2901701297117967        4.6539703281749256        21.626493559017270        2.0000000000000000                1
   7.3637008656896192        3.1516375486742989        14.399987739141345        2.0000000000000000                1
   5.3850811001135632        9.7629164622662916        39.585945144062940        2.0000000000000000                1
   5.4378869858732353        5.2396882585418192        37.621347349523788        2.0000000000000000                1
   6.8019417708871410        9.9828820308913890        25.706786889583466        2.0000000000000000                1
   4.9379044718582374        5.6921382949040513        39.795552772907705        2.0000000000000000                1
   6.4171192431540893        3.1662025663379407        36.291711146237695        2.0000000000000000                1
   4.0057552208576643        8.7842602332795288        25.295242985984370        2.0000000000000000                1
   3.1186558080032381        7.3709094470106873        30.320779048567534        2.0000000000000000                1
   3.0824277465855081        6.0720157198968217        19.608352510609112        2.0000000000000000                1
   3.2668807889953939        5.7988766563467493        21.640875465070817        2.0000000000000000                1
   3.0211838644002533        6.2835003628952233        30.392531489840533        2.0000000000000000                1
   6.5444426849541086        3.8239435649146087        16.344739007209348        2.0000000000000000                1
   7.5108959160120383        3.2571451886573919        2.9967302278255512        2.0000000000000000                1
   9.6993205551369819        5.5556935638612330        19.232128198268299        2.0000000000000000                1
   3.9216622091691455        4.3014998552903050        15.531207590696336        2.0000000000000000                1
   9.8492817126776568        7.4741523595050259        17.294793261278564        2.0000000000000000                1
   7.4705527748048821        5.0707274463795020        20.056860616968478        2.0000000000000000                1
   9.7458777190427099        5.7851650253682312        34.661784165071253        2.0000000000000000                1
   5.8070751917935377        7.2718241933199890        1.7578211337904317        2.0000000000000000                1
   4.1792259409671590        4.1728749659739837        11.297960681460443        2.0000000000000000                1
   4.9992662678754467        9.6204910832888295        8.0090188680634196        2.0000000000000000                1
   9.7162369352209215        5.2027417877805817        25.747456760647971        2.0000000000000000                1
   8.5181078737062563        3.7047323712003020       0.67051668773321516        2.0000000000000000                1
   5.7610527835098821        5.0103421207580441        10.393507090120174        2.0000000000000000                1
   6.7881252971554398        3.0788657888363837        20.811643614696415        2.0000000000000000                1
   7.4972763281781658        3.1934333213661059        25.100591306647541        2.0000000000000000                1
   7.9239047104303166        9.4701634735335993        2.9854044201162626        2.0000000000000000                1
   5.7557869196092870        3.0888302329893569        5.1188537620827175        2.0000000000000000                1
   3.2904393631424904        5.5044096751074703        24.070364311115295        2.0000000000000000                1
   8.8417152027234813        8.9627513682471118        2.6721099627764624        2.0000000000000000                1
   5.3352315004983950        3.2198869688661733        36.880628915832808        2.0000000000000000                1
   8.9471195931577441        8.7266817747822003        13.463196782569955        2.0000000000000000                1
   8.0399496441894218        3.4132159413267198        22.950968337420534        2.0000000000000000                1
   7.5839500226354000        3.2352807861514394        18.922792102338136        2.0000000000000000                1
   7.9341287428171761        7.2074185986717101       0.89873528795538360        2.0000000000000000                1
   7.5040692875627277        7.8021153340380947        10.409368396892894        2.0000000000000000                1
   3.3413295636769336        5.0739881507216431        8.8315940054331641        2.0000000000000000                1
   7.1672748542245248        7.9619410400508670        12.686787663398261        2.0000000000000000                1
   9.5521384377386021        7.3835667224525539        25.662842217396349        2.0000000000000000                1
   4.2579961344234629        4.3826716549750886        8.9633700759958632        2.0000000000000000                1
