     1000000
           1
  0.10000000149011612     
   9.6541442957142980        6.0582011518889569        33.629029696780350        2.5000000000000000                1
   6.2705817295161070        6.6539803295303841        23.082393845426370        2.5000000000000000                1
   6.0703063285813288        9.6325345265095823        4.1480882022675551        2.5000000000000000                1
   4.2113498268961136        5.1614806882776563        30.236173818355915        2.5000000000000000                1
   3.9592190744095355        7.8040882221075289        8.6295114143589657        2.5000000000000000                1
   6.2178158489650688        6.6955702380435049        4.5793341772760812        2.5000000000000000                1
   8.0125927184837646        9.3558107671345727        23.048773512913879        2.5000000000000000                1
   3.7950641909047484        6.3063164854196661        35.183508484805500        2.5000000000000000                1
   6.2756128082429941        6.9810353225510218        2.9080396853494519        2.5000000000000000                1
   9.2885529966545484        8.3379743071696026        4.3923151857114542        2.5000000000000000                1
   6.2101705525481590        9.6759046358699354        5.2656809321389098        2.5000000000000000                1
   9.7442619301559663        6.6979084911383850        35.408899522546740        2.5000000000000000                1
   4.9362547554337084        4.4663008360136782        10.419527214670968        2.5000000000000000                1
   6.2709449856524691        6.5413511932693087        26.286161628645655        2.5000000000000000                1
   3.9843411426119872        5.6333888130897876        4.0060187209235236        2.5000000000000000                1
   8.1573190329920227        9.3308932482480831        24.541059757073342        2.5000000000000000                1
   9.3309414064259446        8.1871274675546317        21.246570422592118        2.5000000000000000                1
   7.2119814967819265        9.7124981787005193        3.6048034361082095        2.5000000000000000                1
   7.7304646459187607        9.5747368353735585        34.071006801578072        2.5000000000000000                1
   4.0098509599035008        7.8701193326300691        16.816529219514152        2.5000000000000000                1
   8.8019655356125561        4.6779884300870931        27.723084978206323        2.5000000000000000                1
   7.8485737398532702        9.5202407140303151        4.3559426011146440        2.5000000000000000                1
   4.0655069140893501        8.0553084382835785        13.300297194301034        2.5000000000000000                1
   9.2930003973597497        5.2604320755854559        6.0134394086852447        2.5000000000000000                1
   6.3221522957111063        7.0247681215747502        12.101227787369787        2.5000000000000000                1
   4.1255030687964407        8.1785295974544958        4.8370539519881453        2.5000000000000000                1
   6.2374288496465065        6.7295031525680731        33.079158351482207        2.5000000000000000                1
   9.0891864615192741        4.8757859584813632        12.663693481742733        2.5000000000000000                1
   8.2505968945850210        9.3338827137226286        16.143662648450508        2.5000000000000000                1
   6.2407179519077118        9.7058859054965918        29.253638914291454        2.5000000000000000                1
   9.7224937024809179        6.3968369351692562        11.114657287326095        2.5000000000000000                1
   9.1865156294439512        5.0426324593311804       0.83314756586829231        2.5000000000000000                1
   9.3323857482227748        5.4515342175326085        11.279704266055345        2.5000000000000000                1
   8.5818554722756382        9.1256040657681545        32.314271057083111        2.5000000000000000                1
   7.2113551712051001        3.8363128814868559        16.496271980467611        2.5000000000000000                1
   6.3276748739047939        6.4167182870066322        12.915899779795158        2.5000000000000000                1
   6.0514882333234743        3.9747312304420435        6.2618572487242670        2.5000000000000000                1
   8.4535232638326381        4.2911725487664434        33.065483537145283        2.5000000000000000                1
   7.3888428713928702        9.6485043527257375        36.630864121794183        2.5000000000000000                1
   9.2688331143386851        8.2666690528929756        35.680922179493933        2.5000000000000000                1
   3.9199022240042227        7.6401503558224269        24.252331739215194        2.5000000000000000                1
   3.9992178160469720        7.9412877329896734        38.020904838193488        2.5000000000000000                1
   4.8835734089122571        9.0840009974217732        20.376043719342597        2.5000000000000000                1
   8.6493888432232797        4.4703410444171618        13.512000597298156        2.5000000000000000                1
   6.7701498926715562        7.2656481412514706        37.182800536549919        2.5000000000000000                1
   3.9401410601560323        5.8431197906038213        32.628849019401322        2.5000000000000000                1
   5.8594040778666532        9.4448396801935370        11.260862624148530        2.5000000000000000                1
   3.8818827001896308        7.5898827571719636        19.972494734703005        2.5000000000000000                1
   9.6504303680903192        6.0922134364215115        8.4083802278525912        2.5000000000000000                1
   6.3813269276035234        9.7258368046316441        20.881454408966384        2.5000000000000000                1
   5.9812655521866844        9.6038792432166975        18.037328026892066        2.5000000000000000                1
   4.7956704366976330        4.4794628527701637        30.701913550365074        2.5000000000000000                1
   4.9538108439222714        4.3773259700034615        20.084356412768042        2.5000000000000000                1
   6.6346001180799314        3.7687656870914061        21.949918926636403        2.5000000000000000                1
   7.0662209554583013        7.0902279317302668        29.623572354958821        2.5000000000000000                1
   8.9133685175414961        4.6839231826757413        31.506320553848859        2.5000000000000000                1
   9.6753712321260181        6.2087526387998926        26.658750961742353        2.5000000000000000                1
   7.2248672650887311        6.6350761344042217        4.5950879916626759        2.5000000000000000                1
   6.9881737438633369        9.7312514569883781        23.310800838967314        2.5000000000000000                1
   6.4073689631499402        3.8759130657773575        18.074182417649144        2.5000000000000000                1
   9.6129348392452219        6.0555655674042717        31.039042981738799        2.5000000000000000                1
   7.2417525882219529        6.8045679527793697        14.612918003698752        2.5000000000000000                1
   6.2576923243641183        3.7911236564565649        16.128183559560021        2.5000000000000000                1
   8.1338424202632833        9.3733082971431365        27.098468827267347        2.5000000000000000                1
   4.0037194016939512        5.5609619011213685        37.825614510758548        2.5000000000000000                1
   5.5510841388053498        9.4700363611980389        15.156663659190707        2.5000000000000000                1
   8.6014861697220315        9.0745835877927128        10.998073761934604        2.5000000000000000                1
   3.8979977280984324        6.2772596456382779        25.436449546533556        2.5000000000000000                1
   6.2669994793308108        6.9352695934754696        36.332791046579658        2.5000000000000000                1
   8.0683534496413643        9.4427101175960182        35.866301940368508        2.5000000000000000                1
   7.7967218726530083        9.5135195562508539        6.0590234785478030        2.5000000000000000                1
   4.9566044134587068        8.8787713313431809        5.9681193715488368        2.5000000000000000                1
   4.1381055527484927        5.2856010917760781        2.9745957221106472        2.5000000000000000                1
   6.4801624215844287        3.8052238690912228        30.314339322974426        2.5000000000000000                1
   5.8477091731651551        3.9984614792712416        4.4906095995068265        2.5000000000000000                1
   9.6483816449318933        7.4605175595781903        25.424783528867383        2.5000000000000000                1
   6.7369719810368647        9.7444923900769016        39.161239611778484        2.5000000000000000                1
   8.2015154131280443        9.3699934869463029        21.944175265137638        2.5000000000000000                1
   9.0105885701300554        4.7812672116275516        10.440573161552216        2.5000000000000000                1
   6.7454748330505954        7.2129300053883414        33.848342652058008        2.5000000000000000                1
   9.1924747865957617        5.2997376726498304        7.7340280868061457        2.5000000000000000                1
   6.9114549646979651        6.3179624049294123        28.879818320762773        2.5000000000000000                1
   3.8181223715774797        6.3013387300783323        13.239003157943753        2.5000000000000000                1
   3.8377328540401070        6.0650948512089666        20.018736503278618        2.5000000000000000                1
   5.2342822419487369        9.3340834078914501        18.650231982099491        2.5000000000000000                1
   3.9768879054366129        5.7165645150284510        22.548211842165106        2.5000000000000000                1
   3.9866733205134817        7.8424131737072607        32.228964979203909        2.5000000000000000                1
   5.9340303712269087        9.6293824915790367        32.797497700400960        2.5000000000000000                1
   4.5351382153922852        4.8958751755952710        20.951038522277244        2.5000000000000000                1
   6.5144645438745146        3.7961344086547371        24.977776131086991        2.5000000000000000                1
   4.8685355056516224        4.4549929255188339        27.929286349288329        2.5000000000000000                1
   6.1843630625393056        3.8669697846348479        14.154813353490477        2.5000000000000000                1
   8.9708471320125884        8.6240980907159344        3.4819030549971619        2.5000000000000000                1
   6.7100775140322737        6.2770575941019287        20.470049465159196        2.5000000000000000                1
   3.7898112374126391        7.1706630198582690        29.794429718567429        2.5000000000000000                1
   5.1333084688587007        9.2013115571063455        31.824040094805493        2.5000000000000000                1
   7.6424815161517490        3.8959283603016224        32.581517736662278        2.5000000000000000                1
   3.8763791168039967        5.9890191107474813        28.924731745431149        2.5000000000000000                1
   4.8643879316196958        8.9277529353603846        14.626040602125142        2.5000000000000000                1
   9.6747243749171474        7.3625262205775774        21.718661711292739        2.5000000000000000                1
   9.6220240991857775        5.9827424403008482        28.335861603654646        2.5000000000000000                1
   9.7319370832940404        6.8343753936738443        12.760283823755000        2.5000000000000000                1
   3.9896359135433208        5.6899118092609484        14.123125720513029        2.5000000000000000                1
   9.0367655692532303        4.8634682357730874        21.581152078174483        2.5000000000000000                1
   4.1100386897891097        5.4347080957068066        7.1592176379312233        2.5000000000000000                1
   3.8735387014691578        7.5806011727180005        15.820115706531917        2.5000000000000000                1
   9.7251355631520351        6.4120991564791714        37.538102965859629        2.5000000000000000                1
   4.1859416696869740        5.2179630314141967        15.009976419076359        2.5000000000000000                1
   5.8040772384241048        9.5861514573695388        2.5652177248342873        2.5000000000000000                1
   5.4876955193172288        4.1684991209638875        19.233277256144447        2.5000000000000000                1
   6.4409616044808997        3.7672159118166899        12.535076777610964        2.5000000000000000                1
   8.5287374846832478        4.4800014664979368        34.149757558042857        2.5000000000000000                1
   9.7454221384158330        6.7642345087501994        6.5760710338929123        2.5000000000000000                1
   6.9615726198084102        9.6985194663879373        18.337937015456330        2.5000000000000000                1
   5.4779263985614932        4.0828087883959512        30.012551062544087        2.5000000000000000                1
   7.0371099324905781        3.7658206733190380        1.3332969329897015        2.5000000000000000                1
   7.1400614423302828        6.4239188763360193        12.110769920602467        2.5000000000000000                1
   9.6503648836193250        7.4853978313629765        22.734256758265342        2.5000000000000000                1
   3.8902887161840964        5.9440442996675715        18.440196899241812        2.5000000000000000                1
   9.5733668386375950        7.7226821915328863        28.705280056587139        2.5000000000000000                1
   6.5936285487279251        9.7325876327069203        22.382218594345400        2.5000000000000000                1
   8.0061359236005671        9.3491590026501630        20.885098110806783        2.5000000000000000                1
   9.3646723196251944        8.1733388857130667        26.785236342834704        2.5000000000000000                1
   8.3298182745634950        4.2064328542212515        9.8957016686432198        2.5000000000000000                1
   6.8607694406917510        7.2455747476074928        38.783745578125753        2.5000000000000000                1
   4.2681669796153523        5.0684456023610247        12.478352616211092        2.5000000000000000                1
   5.8420631831645649        3.9128570634803683       0.24137004081358973        2.5000000000000000                1
   8.1621140594529145        4.3231631357098710        37.642861751466363        2.5000000000000000                1
   6.3731712652327621        3.7829312447556775        25.968579529366536        2.5000000000000000                1
   9.3608916974787650        5.5182673695828859        27.329220450462536        2.5000000000000000                1
   7.8002865526450558        3.9613814434463563        26.136117074318584        2.5000000000000000                1
   7.6645485946429170        9.6053759802969640        32.461400582671992        2.5000000000000000                1
   6.8776442099972170        7.2570863979452804       0.45973626822167446        2.5000000000000000                1
   6.7052047562580528        9.7150665671753362        11.790494672787599        2.5000000000000000                1
   4.1413874337615386        5.3201234964405213        35.161379139423552        2.5000000000000000                1
   3.8066843348038595        7.3206462353757598        7.6737261692969012        2.5000000000000000                1
   4.9377643644510609        4.3651523185806287        12.004130411790584        2.5000000000000000                1
   5.8407530768977454        3.9051386265755688        20.686146964386836        2.5000000000000000                1
   9.7258457953092634        6.7616271478926810        7.6059432235092350        2.5000000000000000                1
   8.8595550658830877        4.6356569348900853        11.711935867899093        2.5000000000000000                1
   7.9159706891399129        4.0027928036935672        38.814315826901840        2.5000000000000000                1
   5.3431947237659756        4.1789245977248388        7.9691179400165453        2.5000000000000000                1
   6.2283201494407168        6.7882234996588604        16.267885824679816        2.5000000000000000                1
   8.0891281396936812        4.0719984335490462        16.030213046854087        2.5000000000000000                1
   4.2118886381278404        5.1570480525465836        18.994266702612432        2.5000000000000000                1
   4.2327786257678826        5.1480814393198662        38.760196240557853        2.5000000000000000                1
   9.4705383720490932        5.4867491646578923        17.798307528701528        2.5000000000000000                1
   4.3364549672908934        5.0359073767162927        36.144576722880572        2.5000000000000000                1
   9.1584005672327642        8.4032162965972663        23.071927326587240        2.5000000000000000                1
   7.2372144930865643        6.8205891889320442        16.209459883640847        2.5000000000000000                1
   6.2678918757207223        6.5533598959653396        6.3229734335817245        2.5000000000000000                1
   3.7516281207306763        6.6693581005075009        33.998720298042734        2.5000000000000000                1
   4.5625080467008381        4.7077070869967663        6.5227762416222106        2.5000000000000000                1
   7.9695226679291666        9.4780320303617227        37.441144118317723        2.5000000000000000                1
   8.8491942598159756        4.6477738386224754        38.298061642851778        2.5000000000000000                1
   5.3884625670690163        4.0859101246811829        5.4709871972130841        2.5000000000000000                1
   4.8539252549179022        9.0692331441077823        10.113482347622497        2.5000000000000000                1
   9.6112520892510638        7.3562651696866386        3.0074554548718440        2.5000000000000000                1
   9.3809040864639286        5.3427623297609355        24.099333801618286        2.5000000000000000                1
   9.7319523500157068        6.5449901515874354        1.5788630122135388        2.5000000000000000                1
   4.9467833024872476        9.1458940950777965        28.344478760169359        2.5000000000000000                1
   3.7637647663453455        6.5642900080175179        24.345937732372857        2.5000000000000000                1
   7.6032459281959852        9.6221642979118869        28.574086609637181        2.5000000000000000                1
   7.4301059073630258        3.8463312141919412        27.930560455079231        2.5000000000000000                1
   8.6505104610301231        8.9988657953710049        4.8238056197484651        2.5000000000000000                1
   8.2618666105655567        9.2854338319242267        34.894182554942191        2.5000000000000000                1
   5.2690299978798683        9.3567166738185819        8.6490457908096179        2.5000000000000000                1
   5.5638723881120704        9.4973640149305396        23.849810515446666        2.5000000000000000                1
   6.3747076168919170        3.7811387051091372        39.370588401389867        2.5000000000000000                1
   4.5369046615805457        4.9621152359088914        34.211667772126354        2.5000000000000000                1
   7.2808268011418269        6.6718203064438164        39.607832653125449        2.5000000000000000                1
   4.7249851893332053        8.9618933621673715        4.3148580775897489        2.5000000000000000                1
   9.3093381627022449        5.3374385607770618        15.805197935822822        2.5000000000000000                1
   9.7117490120476226        6.6690765895818549        5.5723999694396378        2.5000000000000000                1
   3.8027590775022020        7.2633912393169808        37.190073344665542        2.5000000000000000                1
   5.7714802319016352        9.5769668326859367        35.675079827445323        2.5000000000000000                1
   6.6638855014158604        6.2580114355787284        5.3677888472998037        2.5000000000000000                1
   4.4548422737361131        8.6763364046920781        34.579446849861959        2.5000000000000000                1
   3.7887677193123266        6.9691733092633035        9.2244428080028094        2.5000000000000000                1
   9.6983169740321227        7.2775543250536607        38.134939664003987        2.5000000000000000                1
   6.6406166544970393        7.2774497785598378        20.403557311911033        2.5000000000000000                1
   9.7121868553463955        7.1893070890316286        26.902158598783508        2.5000000000000000                1
   4.8828141483841430        4.4432975021332197        14.828259968435681        2.5000000000000000                1
   9.7451423329722306        6.7324248922117977        14.323269089013523        2.5000000000000000                1
   7.1954262338786705        3.9122733353743824        36.359606618263179        2.5000000000000000                1
   7.2680786455381376        9.6867422275850519        21.597291101836202        2.5000000000000000                1
   5.0904279467215829        4.3813934413795215        25.337214159078318        2.5000000000000000                1
   8.7096380747361426        9.0170864227840255        13.657307314533226        2.5000000000000000                1
   8.7167171849464200        4.5359009847445968        28.709764557509988        2.5000000000000000                1
   7.1991111097953446        6.9785169109317433        24.756800164250805        2.5000000000000000                1
   5.6918203512308336        9.4366424865313512        39.169922354428657        2.5000000000000000                1
   7.2842243010996048        3.8019804841264175        21.003909620365537        2.5000000000000000                1
   4.4328854052181361        8.6343385113868703        39.528004492160271        2.5000000000000000                1
   9.5061656334745646        5.7244019647094593        5.1286309836242232        2.5000000000000000                1
   9.5461788508754619        5.9411915224694889        25.471435755734809        2.5000000000000000                1
   9.0026671739532063        4.7900166724300410        30.459616559427317        2.5000000000000000                1
   9.4067938078766069        7.8351216567509931        33.129902602018596        2.5000000000000000                1
   9.7297287740552569        6.4504696154839110        18.017304759283753        2.5000000000000000                1
   4.9356334778467348        9.0574448439319131        37.092757115750125        2.5000000000000000                1
   5.2156790890602664        9.2956656333577854        29.304123612334546        2.5000000000000000                1
   9.0348512668236083        4.8827411755688983        39.442292177509572        2.5000000000000000                1
   9.5735049485334525        7.6514074237963268        5.0620368223100751        2.5000000000000000                1
   8.6861910109531451        4.4826581316631025        7.2913327030968462        2.5000000000000000                1
   5.3486081223287165        9.2736736158615649        12.652050609911299        2.5000000000000000                1
   6.6524449887369892        7.2422899549899853        32.184491581353733        2.5000000000000000                1
   8.0466659991753069        9.4350013312086851        2.4140464939688728        2.5000000000000000                1
   7.8225611651008133        3.9580236122877506        15.013907474655038        2.5000000000000000                1
   4.5993070071063062        4.7379141012766555        5.4297493070510541        2.5000000000000000                1
   5.1591438496461786        9.2693083546762995        3.0425686448771357E-002   2.5000000000000000                1
   4.8399815067698926        8.9263430928503258        21.916126195884093        2.5000000000000000                1
   6.2637765593469492        6.9567159414411002        21.290284801893645        2.5000000000000000                1
   9.4974974853633469        7.5711475593222843        30.389959273870943        2.5000000000000000                1
   8.0095176143779305        4.1445469408262454        19.411333424516869        2.5000000000000000                1
   8.3984344273506313        4.3582302685146939        5.2034702989245698        2.5000000000000000                1
   9.7374733432975660        6.5317552093289786        36.415040168431148        2.5000000000000000                1
   9.7400620416031973        6.9171390294424207        10.219829719296735        2.5000000000000000                1
   4.2069600758625567        5.2247452367091061        8.9930665854404168        2.5000000000000000                1
   6.6063424004135918        9.7311706486649321        33.781055216297958        2.5000000000000000                1
   3.8190331458563658        6.7235911528376899        10.194118019243955        2.5000000000000000                1
   4.2654237442591523        5.0730213672233786        25.159256683513068        2.5000000000000000                1
   5.7020077017602233        9.5230958819530027        27.797841008794471        2.5000000000000000                1
   3.7551966861139285        6.8397778627995276        31.480230378812120        2.5000000000000000                1
   7.7605174872494906        3.9314319938663234        33.690490616798897        2.5000000000000000                1
   6.6247551180848401        7.2382852794389985        13.820108677327807        2.5000000000000000                1
   5.1402081711625209        4.2225276370890343        28.989224509781629        2.5000000000000000                1
   8.3962199464861715        9.1003542714496870        17.510924620859988        2.5000000000000000                1
   9.5119375029409863        5.6193556570042666        20.992405564916027        2.5000000000000000                1
   3.8858224998281359        7.3296001795801073        25.205862726249961        2.5000000000000000                1
   9.4942995836833415        7.8899433470459961        10.339981356602442        2.5000000000000000                1
   4.4389826878845922        8.6496459174344391        3.4086044885516875        2.5000000000000000                1
   4.7491836586183220        4.5584226411856088        17.355125740556790        2.5000000000000000                1
   4.7897540189599068        4.5066038779179953        9.4218799630492747        2.5000000000000000                1
   6.3693940193567560        4.3541235186464409        3.6986769007516509        2.5000000000000000                1
   9.5601600037522818        7.3832851288714929        20.588968875420392        2.5000000000000000                1
   6.6648904604331065        6.2315733882529969        3.7120382208663449        2.5000000000000000                1
   9.4223889351307015        5.4535937722112005        9.7637365413684218        2.5000000000000000                1
   9.4926031075970858        5.5599455998163831        1.8093511935340774        2.5000000000000000                1
   8.4643379938991945        4.3780990751212014        23.171680375454230        2.5000000000000000                1
   9.4959730831883427        5.5595256194817946        3.3379018876894331E-002   2.5000000000000000                1
   3.7771950283589928        6.4200717293371161        1.3658086572198722        2.5000000000000000                1
   6.8005856169872700        6.2412032394421253        23.837038961569505        2.5000000000000000                1
   3.7825169761292403        6.7014433284217594        22.652382328291914        2.5000000000000000                1
   3.9780066335763564        5.7842411475234643        5.5773072407278255        2.5000000000000000                1
   6.8368394335774596        7.2507756051287107        22.063956233579958        2.5000000000000000                1
   7.9683864726941529        4.0119788560582252        25.126171201449605        2.5000000000000000                1
   9.6463314553202295        7.1816905760134953        15.362314432135387        2.5000000000000000                1
   9.3815494151163001        8.1822061247898379        29.581447754668318        2.5000000000000000                1
   4.3913288293784305        4.9219948432745086        13.495990528030767        2.5000000000000000                1
   7.2323725990037770        6.6445841654074114        36.385491396727879        2.5000000000000000                1
   7.5448326976576494        3.8604674454083892        18.508761902113434        2.5000000000000000                1
   9.5115679628413634        7.3941514140848348        13.584881468249577        2.5000000000000000                1
   8.8516465429738354        8.8759865259433095        1.9003161865700955        2.5000000000000000                1
   3.8593127064356167        5.9694283133631014        30.968916857490139        2.5000000000000000                1
   9.2098102543472464        5.0512294854718007        23.144794160291905        2.5000000000000000                1
   4.6571465295244767        8.7227933724360991        26.399324011006993        2.5000000000000000                1
   4.5105538115321604        8.7099027699312845        8.5281306905403742        2.5000000000000000                1
   5.1272625110424102        9.1798109922553763        33.222576576055474        2.5000000000000000                1
   6.5186723244634841        6.2744681277973955        11.279230500906912        2.5000000000000000                1
   9.5697400396744250        7.7645273316965593        19.629823901340966        2.5000000000000000                1
   7.7406495755217080        9.5491590395762138        11.328911623212496        2.5000000000000000                1
   5.3194523765822854        9.3138235930642015        3.4933218597398485        2.5000000000000000                1
   9.5462247939696692        7.3491228835733224        32.200682195232197        2.5000000000000000                1
   5.3040458117779572        4.1287095570063492        26.283995277367396        2.5000000000000000                1
   5.1213125168734956        4.2846833664302419        33.725869964219640        2.5000000000000000                1
   9.0730570034316376        4.8959546638090652        4.5829490024988440        2.5000000000000000                1
   6.8139150636432646        3.7631631966134251        33.414515150995356        2.5000000000000000                1
   6.1743975344181923        9.5456573888769576        1.6312697761691015        2.5000000000000000                1
   6.2998683795822510        3.8389698496466007        37.757145035343321        2.5000000000000000                1
   3.9396334577160257        5.7027450587828241        36.795742904973764        2.5000000000000000                1
   7.2116299672557709        6.6081506997782897        2.9442711701225477        2.5000000000000000                1
   8.1434070288606843        4.1057968030626837        8.0556855470515991        2.5000000000000000                1
   4.9103173378920433        4.4047385475664917        18.410605601175600        2.5000000000000000                1
   9.6943036103199258        6.3250652939676275        4.3098961583241975        2.5000000000000000                1
   9.0196618457044107        8.6542269530675178        12.147978510240092        2.5000000000000000                1
   4.6044461342788399        4.6976451532837693        39.572274013679674        2.5000000000000000                1
   6.8307096073415412        3.7569068209047591        7.1067552354169159        2.5000000000000000                1
   5.8579418965990628        3.8990657581771684        32.954301609220813        2.5000000000000000                1
   6.3335746000746305        9.6422233542855498        36.518837522428463        2.5000000000000000                1
   7.7023994742801261        3.9093071663501049        2.6804424020610935        2.5000000000000000                1
   8.6569720003158181        9.0527556625843122        7.1159872455984292        2.5000000000000000                1
   8.8024976522146350        4.5723626385101612        15.309047203666772        2.5000000000000000                1
   4.5475693396349017        8.6901247877377230        7.4859248748082141        2.5000000000000000                1
   5.4127548929655900        9.3124008660591535        38.191564120096253        2.5000000000000000                1
   6.4624834309956123        3.7649192793388844        11.528446122464414        2.5000000000000000                1
   6.3349472221399470        9.6768276456855453        14.362713916569167        2.5000000000000000                1
   7.2330880405764857        9.6907518518504805        5.1507358578573150        2.5000000000000000                1
   9.4456091803072688        8.0425031873730770        16.078523699241632        2.5000000000000000                1
   7.9664069863687583        4.0321101788860076        1.6715925604456057        2.5000000000000000                1
   9.0613382514356502        4.8546324145924746        19.413993371858620        2.5000000000000000                1
   9.7371685796627112        7.0159584441729201        27.920213145409775        2.5000000000000000                1
   5.1592194056891199        4.2227291104726534        13.858075216316418        2.5000000000000000                1
   9.3074098834510757        5.2121851339088909        8.7516377943304953        2.5000000000000000                1
   7.2765200091421276        6.7690066280524173        19.581944811990638        2.5000000000000000                1
   4.0066954070524936        7.8932445438621377        1.8818559583398247        2.5000000000000000                1
   8.1692129338765991        4.1295299002119537        27.146354394503277        2.5000000000000000                1
   6.1554398858353263        9.6686671797171009        31.821532291553609        2.5000000000000000                1
   6.7144309099135633        6.2559721633658967        35.563610836840454        2.5000000000000000                1
   4.2666458713239139        5.0761778613447968        31.313627979352695        2.5000000000000000                1
   6.2616254064028141        6.7407775615850323        17.947038816434102        2.5000000000000000                1
   6.3223539610721549        6.5390990000319285        31.414059078673645        2.5000000000000000                1
   3.9758928379680398        7.7491749970374659        14.254839930473794        2.5000000000000000                1
   5.2187030958178156        4.5169162334544266        32.488567414459361        2.5000000000000000                1
   6.9776784163000984        6.2561417553381036        10.383492380478568        2.5000000000000000                1
   7.6418004265212023        9.5880548640846719        19.970110917126124        2.5000000000000000                1
   9.2395952532006653        5.2046998777826179        33.993027957715633        2.5000000000000000                1
   6.2816055950178846        6.8726163358747359        39.634929177088566        2.5000000000000000                1
   4.8786218060417079        9.0642467576082932        35.710611837807910        2.5000000000000000                1
   3.8618927669026268        7.5101815476666092        26.777037072507557        2.5000000000000000                1
   6.4546972007497709        7.1387848706186006        10.377986338487114        2.5000000000000000                1
   4.9312124508717545        9.0036135979600260        11.136111204871993        2.5000000000000000                1
   9.4753823001163706        7.9103268317347277        17.089409914654603        2.5000000000000000                1
   3.7702847076536710        6.9533547319638815        18.267649490072607        2.5000000000000000                1
   6.9857477916339272        7.1590988581849775        11.324494892125848        2.5000000000000000                1
   4.3606843215127178        8.5481860348542504        24.374644968442020        2.5000000000000000                1
   9.6946404308220568        6.2255877783785234        20.190505778773389        2.5000000000000000                1
   6.7475231975518080        6.2677189144742336        15.506250090456026        2.5000000000000000                1
   5.7808501957964538        9.5773858981261295        7.7605348841153123        2.5000000000000000                1
   5.7130853609338308        3.9377626396087080        36.856187816218643        2.5000000000000000                1
   8.8735634391963654        4.6352514691043982        24.783235798048228        2.5000000000000000                1
   7.3202069537357879        9.6227110095889810        25.811115462035755        2.5000000000000000                1
   6.7117911545746196        7.2718016294390289        15.446891991634372        2.5000000000000000                1
   4.0451339115754505        7.9580236610469521        6.8978549071310242        2.5000000000000000                1
   5.3846086823928925        4.0891871993589799        39.346181768133789        2.5000000000000000                1
   8.5649608156407240        9.0470462353939514       0.95038166774117983        2.5000000000000000                1
   4.6462434050899883        8.7723534171903523        17.878967329264544        2.5000000000000000                1
   7.2112685530410578        6.8711314879502421        28.078774656743384        2.5000000000000000                1
   8.9941940125986140        8.5554357151935285        33.701858354847587        2.5000000000000000                1
   8.6107344189773389        4.3972051895911823        16.830477898651910        2.5000000000000000                1
   8.3939867260593637        9.1668821978783637        28.044814531372058        2.5000000000000000                1
   6.8219511820327172        7.2566554950755773        35.538957975145102        2.5000000000000000                1
   9.6093014142484563        5.8480903103453405        39.040969833116122        2.5000000000000000                1
   6.4566071163345473        7.1471671860974277        8.8203034665707811        2.5000000000000000                1
   3.9524608538469281        7.7585129379983737        3.4799001883881195        2.5000000000000000                1
   8.6948320506806436        4.4907122491699694        6.2762723433453136        2.5000000000000000                1
   6.0282240755896250        3.8423652384186435        1.9031270360090391        2.5000000000000000                1
   8.8874856316380768        4.6569700721547811        18.380585346216634        2.5000000000000000                1
   5.7906490536646702        9.4812729626781405        34.521575868405776        2.5000000000000000                1
   8.3360555025355279        4.2041876593143082        20.891149884763710        2.5000000000000000                1
   7.9622835391944093        9.4908397768493309        18.324870221731000        2.5000000000000000                1
   3.7547494738717453        6.6344757527627074        37.989488089273614        2.5000000000000000                1
   3.7655165371422594        6.6743604691266993        20.930605913956999        2.5000000000000000                1
   6.2566838988012448        9.6538525977406575        6.3369091992745226        2.5000000000000000                1
   6.9452034976977810        6.2672566586324567        8.7869295648225627        2.5000000000000000                1
   8.1684434518871161        5.2919931313308197        20.689904041783695        2.5000000000000000                1
   7.7603975611124119        4.0398595082902826        34.694556207075593        2.5000000000000000                1
   8.9579444180000767        8.7497213266361875        16.710715028728217        2.5000000000000000                1
   9.5420912997914584        5.7674359204646564        13.880978022591965        2.5000000000000000                1
   8.0656249375063140        9.4390854905536230        31.481610783180173        2.5000000000000000                1
   7.0926279861879227        7.1346715242226146        12.857218656936869        2.5000000000000000                1
   6.7907477125236557        3.7934340230962289        15.045920109942271        2.5000000000000000                1
   8.8383409206740637        4.8150020681130412        26.674498564787360        2.5000000000000000                1
   4.9303490010000894        9.0613691805254550        23.170325509173214        2.5000000000000000                1
   3.9560297594817264        6.1812447651440392        38.866653700999841        2.5000000000000000                1
   4.3795288013889779        8.5878876774977897        33.529551519967200        2.5000000000000000                1
   6.6891418453707701        3.7790874960182546        2.9245824859320200        2.5000000000000000                1
   6.4268643241362646        3.7866164141293823        19.070277383094496        2.5000000000000000                1
   7.2715038773588354        6.7375081716432010        22.991167951656792        2.5000000000000000                1
   9.4570007518423811        5.4773207661790968        38.076637529861117        2.5000000000000000                1
   4.0901521646267263        8.0450159382971052        29.314032114103124        2.5000000000000000                1
   4.1426854425464743        8.2242134968329186        37.044923007467332        2.5000000000000000                1
   6.7916653002136878        3.7916890200879281        20.005695685919257        2.5000000000000000                1
   8.3424779549645418        9.2278574737889780        33.343485591045322        2.5000000000000000                1
   9.4595702897538505        8.0357649957781714        18.105677978259816        2.5000000000000000                1
   6.6473120768095839        3.8155387537457321        32.330846416532331        2.5000000000000000                1
   3.8280297110886843        7.2433496001616344        38.814922023508089        2.5000000000000000                1
   8.2590560768605350        4.1607162959088546        24.137952230453074        2.5000000000000000                1
   4.4291109080323032        4.8812862678695286        7.9545032144775112        2.5000000000000000                1
   4.9592217155701368        4.3628111398142178        21.739537450597130        2.5000000000000000                1
   7.8527706061133484        3.9610319632903805        7.0079978504301685        2.5000000000000000                1
   6.8549160158626172        7.2337729535716795        3.8584867062359387        2.5000000000000000                1
   7.3894198949255951        3.8315411653749529        11.015680152780869        2.5000000000000000                1
   3.8280580019990618        6.0947614246261592        8.6322536881655996        2.5000000000000000                1
   9.7074053887163778        6.4847766787490544       0.50675949309128232        2.5000000000000000                1
   6.5257182884333576        7.2374149718285805        28.734183320237932        2.5000000000000000                1
   7.2608613083158104        6.7465842897893591        6.2896109901621378        2.5000000000000000                1
   9.6548313234863805        7.2284858447931892        11.809297504962069        2.5000000000000000                1
   8.7586884794920579        8.8782747556305583        36.352419306991344        2.5000000000000000                1
   4.0236903612620125        7.9981569279556188       0.82936962085382182        2.5000000000000000                1
   9.4268084677663282        8.0414649704992787        37.548171621612717        2.5000000000000000                1
   5.5619809503029165        4.0005443747219873        31.150082632078863        2.5000000000000000                1
   9.1713726432100664        8.2931917050156940        32.250317838824898        2.5000000000000000                1
   8.7596388964874397        8.9669678090302511        29.594790550504893        2.5000000000000000                1
   9.5263055769192633        5.6436378450992377        3.2722106167988412        2.5000000000000000                1
   3.7768941380828345        6.3724706986166053        26.447250714425465        2.5000000000000000                1
   8.8551126961057882        8.7532589789230517        18.546716886573204        2.5000000000000000                1
   6.3019460651129915        3.8693539030835189        8.1337333896954824        2.5000000000000000                1
   7.8715922597602974        3.9961725203322018        5.9811763064749863        2.5000000000000000                1
   4.3026284955097687        5.0678033517615573        24.134025975579164        2.5000000000000000                1
   9.5930119017654398        5.8431188593470127        34.784382256160015        2.5000000000000000                1
   4.5529057746191102        8.6829122240218126        32.454071496109123        2.5000000000000000                1
   9.1426278039797193        8.5506018839634059        14.645236591444920        2.5000000000000000                1
   3.8377063177067390        7.1855394045447323        5.9987600952754203        2.5000000000000000                1
   7.7108637114517480        9.5906704792147224       0.84559214206594879        2.5000000000000000                1
   7.1282489183477376        3.7867694265725138        26.891772522229207        2.5000000000000000                1
   9.0365638368813066        4.8132728218028280        3.5548628169326095        2.5000000000000000                1
   6.9709163182734510        9.7397907921742863       0.13847664396064865        2.5000000000000000                1
   3.8251801757954160        6.2434158808111606        3.1099009822578121        2.5000000000000000                1
   8.2322511636254028        9.1465478060109113        25.533472235544167        2.5000000000000000                1
   4.1893723449292022        8.2534381001148240        15.138135117763296        2.5000000000000000                1
   9.5882059957548122        7.7171646737204700        8.6487299824777804        2.5000000000000000                1
   5.7538155924401329        3.9301303838066421        10.757456980308548        2.5000000000000000                1
   4.1080200027134000        5.4512647037647364        1.3052422354441910        2.5000000000000000                1
   3.9404502217561688        7.6273413569251369        30.829491092370329        2.5000000000000000                1
   7.8122561724119874        3.9474705381774777        13.983005309568769        2.5000000000000000                1
   6.5801724561509474        7.2314792990544801        25.549790151384041        2.5000000000000000                1
   3.7611264510272031        6.6448074028181070        4.0429679477106761        2.5000000000000000                1
   4.2121535194706299        8.3477292078988583        11.465587664189574        2.5000000000000000                1
   6.8783962612571123        3.8295880683830492        29.396528168891731        2.5000000000000000                1
   6.9422639940617961        3.7688620902089198        13.492541423572591        2.5000000000000000                1
   4.4365152757313169        4.9334333481447779        28.721542656772407        2.5000000000000000                1
   3.7556007391006574        6.7663776477904598        5.0586515236242979        2.5000000000000000                1
   3.7768413946710777        7.1435537764066588        2.5454529474968659        2.5000000000000000                1
   3.7528964842683785        6.7378926727733210        19.268694686947100        2.5000000000000000                1
   9.5734147339899156        7.6733140799778869        34.871020455738687        2.5000000000000000                1
   5.5905965281711021        9.5146178167516045        30.772263582399514        2.5000000000000000                1
   6.4907028008437679        6.3260480963377121       0.48938290548841623        2.5000000000000000                1
   7.7677540731084482        3.9459236048969335        28.885682761281895        2.5000000000000000                1
   9.0788157034186163        4.8969911173061620        20.425307701299900        2.5000000000000000                1
   8.3782300330349155        9.1305948909321319        30.577931628728521        2.5000000000000000                1
   5.5468917970391338        4.0945928173986070        24.464621563433465        2.5000000000000000                1
   5.5313718173206716        4.1080088739102951        27.263242672070458        2.5000000000000000                1
   9.7281339940656952        6.3915789226274278        32.583851383722632        2.5000000000000000                1
   9.0159211279943552        8.6582179000755488        19.614435506705288        2.5000000000000000                1
   9.7167688973408186        6.9221229567525313        17.078612096926538        2.5000000000000000                1
   6.5744632716112692        9.7437109038715857        25.147457073003590        2.5000000000000000                1
   5.5876550249691030        4.0266541208366542        8.9538787305860925        2.5000000000000000                1
   6.0020283815486284        9.6327811825841696        26.557155582457845        2.5000000000000000                1
   5.9793909700274970        9.6083069618703476       0.61170412261370077        2.5000000000000000                1
   5.5836719995039266        9.5005969560749026        22.388362649706746        2.5000000000000000                1
   6.5341045672354348        3.7709027577939529        31.329096059318566        2.5000000000000000                1
   3.9270596665204729        7.7368358342198746        39.767640579355778        2.5000000000000000                1
   7.2670126639098163        6.6868010488474097        37.974876404816783        2.5000000000000000                1
   6.2250911562200102        9.6867481545016414        37.743220021856224        2.5000000000000000                1
   7.1609686295461685        9.7117677510730029        6.8352614987716258        2.5000000000000000                1
   7.2833074488281957        9.6879065733558498        1.7587071428687500        2.5000000000000000                1
   9.6345351663790613        7.5555442320983062        36.607935236996134        2.5000000000000000                1
   7.2359716807764931        6.8738172372945607        9.5992936605958015        2.5000000000000000                1
   8.0760757371969927        4.0886977699707039        31.684541014921837        2.5000000000000000                1
   3.7534623268170160        6.8719439180780322        28.335934566748445        2.5000000000000000                1
   5.6366644655163443        9.4984997898411017        24.889182978256478        2.5000000000000000                1
   6.2665600130829819        6.5550554742580989        24.675221846212235        2.5000000000000000                1
   3.7843487194672889        6.3382397053495776        6.5427580215640893        2.5000000000000000                1
   7.2574003545521855        6.7284149672378151        34.652810860413716        2.5000000000000000                1
   3.9131643483548233        7.6859712979559882        27.760318791552535        2.5000000000000000                1
   3.9686562250400979        7.8492611829137493        35.040794998400358        2.5000000000000000                1
   6.4182915462982422        7.1578431079361442        30.599991286436481        2.5000000000000000                1
   7.2811636486618267        3.8162985426979974        17.510290822233230        2.5000000000000000                1
   6.8434665820180740        3.7905880920422157       0.29685363442852963        2.5000000000000000                1
   8.6474206667109126        4.4357181059090358        8.8847517638498310        2.5000000000000000                1
   7.2243890072954304        6.5414021582428736        1.2642569960223364        2.5000000000000000                1
   4.6081351176581196        8.7610467195276751        25.375155621450563        2.5000000000000000                1
   8.9014601890469294        8.7988195893704422        39.980347232869022        2.5000000000000000                1
   9.6733490456378615        7.3589940648076277        39.953960318029367        2.5000000000000000                1
   7.3191739915976548        3.8434710885386050        9.7614679061715961        2.5000000000000000                1
   3.9528131445127830        7.6111675186852175        23.250005183548815        2.5000000000000000                1
   4.6336599694293064        4.6530701723513603        16.363791391320369        2.5000000000000000                1
   6.1627180660793108        3.8154894328854754        9.7888004302694593        2.5000000000000000                1
   7.4609416841105549        3.8584852530107683        22.650226550938594        2.5000000000000000                1
   7.2460792794459978        6.9201997236351884        7.9552209375336691        2.5000000000000000                1
   6.3033972536863887        6.4400523170318902        29.688472167863733        2.5000000000000000                1
   6.9358751136902246        3.7581550894601503        5.6251668630094809        2.5000000000000000                1
   4.3633969253562599        8.5558790253687071        30.918450527088797        2.5000000000000000                1
   6.1551797611066323        3.8272839296656027        28.643557249189097        2.5000000000000000                1
   7.2848027985590980        3.8396204489122008        37.392616524280676        2.5000000000000000                1
   8.3249507290621079        9.2230270553219125        8.5139380802795319        2.5000000000000000                1
   3.7560462549344495        6.8985352542904339        17.241283299829188        2.5000000000000000                1
   5.4645542069693960        9.4397256690649396        21.320613382637070        2.5000000000000000                1
   4.9299005519747947        4.4251224594995735        23.678478507400261        2.5000000000000000                1
   4.2062556464470315        5.1610097717472287        27.665220150711988        2.5000000000000000                1
   9.6963307438630650        7.1404340757286260        33.956284068979237        2.5000000000000000                1
   8.2409419564872231        4.2143165411058909        36.169403719490951        2.5000000000000000                1
   5.3889907627880840        4.1546693439917162        15.703495827054537        2.5000000000000000                1
   4.1380123453815498        8.2165048889750665        36.028697037582909        2.5000000000000000                1
   6.9156785946563355        9.6966857562533750        30.008273641250746        2.5000000000000000                1
   3.8116615971717742        6.5987842002316643        11.196746763829541        2.5000000000000000                1
   4.1366361559200957        5.4241214920102232        17.505912042340118        2.5000000000000000                1
   7.3106330735236558        9.6782423841770804        10.385300307999625        2.5000000000000000                1
   6.6143006513942852        9.7252690592667488        19.808480381631092        2.5000000000000000                1
   6.6136717801298373        9.7236238884979240        28.228040855528928        2.5000000000000000                1
   7.4443765994742455        9.6617562996162594        14.588396813502102        2.5000000000000000                1
   9.5232217950364060        5.8432132229018494        6.9028495615646248        2.5000000000000000                1
   3.9132820875525658        7.7037898961665014        18.913412456597648        2.5000000000000000                1
   9.3635000052893336        8.1935759493760081        2.4565072901474960        2.5000000000000000                1
   5.3567390414158211        4.1078494606956539        35.418903847617045        2.5000000000000000                1
   9.0659773636126086        7.5510921987787976        14.513711741251795        2.5000000000000000                1
   9.5962358679752722        5.8581857988995951        22.682207777943987        2.5000000000000000                1
   4.6174740627118345        4.6426726697359992        1.7738925175283962        2.5000000000000000                1
   6.2481171097368398        6.6592924691616791        14.594565006607484        2.5000000000000000                1
   9.2854251283442331        8.3337741281051709        13.108631145682219        2.5000000000000000                1
   7.1504076385039257        9.7186807174069205        38.234133212191985        2.5000000000000000                1
   6.1931849324981600        3.8090294066456267        35.946507929718265        2.5000000000000000                1
   5.1778668103413743        4.2063376631392613        3.7363921640922890        2.5000000000000000                1
   4.6071672626594093        4.7526215463886983        37.859252031669882        2.5000000000000000                1
   8.8510932012814436        8.8699677394093683        20.588917736932348        2.5000000000000000                1
   7.0272242444375861        6.3652466987710898        30.531544524118338        2.5000000000000000                1
   5.0944830047772642        9.2298644340894480        13.657372687797398        2.5000000000000000                1
   6.8472405570777015        9.7473079732949994        7.8158581380584442        2.5000000000000000                1
   8.1741136563885384        9.3701138100835504        3.4204535550070712        2.5000000000000000                1
   7.2333772009765314        6.5251576001029399        33.116866715562033        2.5000000000000000                1
   6.6439805256261124        7.2398896842730993        7.0173867396606751        2.5000000000000000                1
   6.9008983780903774        9.7241284323352080        8.8278027772094863        2.5000000000000000                1
   6.8003307833269488        9.6909796649262034        2.6349636068611928        2.5000000000000000                1
   7.8452267158226796        9.4896461968014236        29.626913029277937        2.5000000000000000                1
   6.7112870825845601        7.2447190652668363        17.048847539801756        2.5000000000000000                1
   6.2508924307482756        6.7697107302913331        7.8823541018584367        2.5000000000000000                1
   6.8572016700289877        9.7321600935113430        12.848656480547138        2.5000000000000000                1
   9.6823173803826581        6.2602627414164198        24.435753396676514        2.5000000000000000                1
   6.1195266339973777        3.8189749990142197        34.831443458052412        2.5000000000000000                1
   9.3869064656603545        8.1438185491093442       0.63127907202014344        2.5000000000000000                1
   6.6900957912325101        9.7431187068306837        35.233453325514397        2.5000000000000000                1
   9.0889377834226277        4.9196858377503867        14.296883890281080        2.5000000000000000                1
   4.0721313426807448        5.5157637971263620        15.969958769002247        2.5000000000000000                1
   9.3950555352420224        5.3637767363731363        36.520584579978646        2.5000000000000000                1
   7.1913667154358443        6.5579696417950260        21.345188050829936        2.5000000000000000                1
   6.6443825221920374        7.2559868997996775        18.774706065395510        2.5000000000000000                1
   5.3852478253503531        5.0791635190817761        13.362896865625002        2.5000000000000000                1
   5.2922571575390336        9.3702025339043296        25.829793090532647        2.5000000000000000                1
   9.2800307227275631        5.1938273112793372        16.858435391915400        2.5000000000000000                1
   6.8291726224253333        7.2659781193917032        23.775693866449060        2.5000000000000000                1
   8.2057827559550649        9.3557950029226031        39.454351715633734        2.5000000000000000                1
   4.5290509202785074        8.7000191579547206        12.685254855962157        2.5000000000000000                1
   9.5102941969279904        5.5751327562246127        30.025712556479867        2.5000000000000000                1
   4.5229608351751036        8.7374772156523033        38.456291881446099        2.5000000000000000                1
   9.2348005833040983        5.1483886927127207        35.432517345140191        2.5000000000000000                1
   6.8393224274277555        7.2403498308256582        5.4632240262720284        2.5000000000000000                1
   7.8295754650295484        3.9711934441486640        4.4150038955095834        2.5000000000000000                1
   9.3703164466419633        8.2097581269386364        5.9486360141871977        2.5000000000000000                1
   5.1665839922678165        4.2289793518709757       0.94748334177481941        2.5000000000000000                1
   8.6949020984588294        8.9799479883066837        5.9655879082316305        2.5000000000000000                1
   9.6614683671487143        6.3289509120340641        21.739642464726231        2.5000000000000000                1
   4.1852103745105946        5.2137348695940933       0.32690075392046236        2.5000000000000000                1
   5.3179429877674131        4.1672964509620511        6.9362501407660888        2.5000000000000000                1
   6.5169787311079039        6.3090624639859048        2.0740530020302872        2.5000000000000000                1
   8.3455802918871260        9.2830617717626449        14.919125966057477        2.5000000000000000                1
   4.1176678674676603        8.1791390315637340        21.725338876099723        2.5000000000000000                1
   6.5129298944683400        6.3012795535827024        22.138331568838638        2.5000000000000000                1
   9.6818515267973844        6.3428892538337349        2.5596086865444945        2.5000000000000000                1
   8.2957178416400925        9.3000260942610424        19.258032776418553        2.5000000000000000                1
   5.8467064631720138        3.9057018406461919        23.497983243183125        2.5000000000000000                1
   7.8756824350870529        3.9827113205248970       0.14080064490390998        2.5000000000000000                1
   9.0462553463981372        4.8912178695699060        32.524538744536372        2.5000000000000000                1
   4.0575538335710153        5.6221214523543983        21.544283872345627        2.5000000000000000                1
   3.9194577580617227        5.8604708637638518        23.646149005889388        2.5000000000000000                1
   4.4891223618465963        8.6112084200910903        27.386498089973035        2.5000000000000000                1
   9.6819846356482575        7.2567721656935289        18.772481066530119        2.5000000000000000                1
   8.9932429224529820        8.5263922883327385        34.739608931920174        2.5000000000000000                1
   6.8734672638452201        6.2754105110610245        27.187289901038049        2.5000000000000000                1
   9.1421092839082334        4.9833002493991936        25.684010055541478        2.5000000000000000                1
   7.2474077863129134        9.6865944863317139        24.295621928422040        2.5000000000000000                1
   8.6295823051746581        9.0597439337419328        38.364929263938279        2.5000000000000000                1
   8.2028282150329197        4.2498648270677482        3.5060425664448198        2.5000000000000000                1
   9.1542483901491654        8.4322574084004440        25.592582055208474        2.5000000000000000                1
   8.4928748972437802        4.3150919666751886       0.86793313335187250        2.5000000000000000                1
   7.3336120973454344        3.8384535077728885        24.361576517788574        2.5000000000000000                1
   8.8069384688942538        8.8913767767444458        37.379486098691110        2.5000000000000000                1
   9.7208000268388197        6.8558135165752896        39.084062399243976        2.5000000000000000                1
   8.8794673472300012        8.7576247067785378        15.596697267458616        2.5000000000000000                1
   6.8519423510472981        6.2684375701056263        18.720915066267718        2.5000000000000000                1
   3.8258331241673429        6.1450331205232827        29.951479409780045        2.5000000000000000                1
   7.4485421789986033        3.8349709565940167        30.796656871565446        2.5000000000000000                1
   9.7186753910740311        6.8736624863565172        9.2143411700821840        2.5000000000000000                1
   3.8030934824855076        7.2439744852920818        12.750949460219038        2.5000000000000000                1
   4.1652305341507336        8.2671577740239446        5.9194989270609639        2.5000000000000000                1
   4.5682712316168779        8.8072504336136568        29.915338382235571        2.5000000000000000                1
   8.8213579249073231        4.6196766395556894        36.915703394655047        2.5000000000000000                1
   8.9464710283595430        8.7140263882462516        22.130676012127786        2.5000000000000000                1
   4.4835914850022425        8.6557539129260128        2.4049244483461223        2.5000000000000000                1
   9.5510109901764579        5.8212768254001261        12.723890731202225        2.5000000000000000                1
   4.2550073339541887        8.4058921749361737        28.390764054098149        2.5000000000000000                1
   3.9749390393742492        5.6438621605781414        10.034783463143226        2.5000000000000000                1
   3.8868193740312629        7.5722197047910793        33.484042546007267        2.5000000000000000                1
   6.9861780067431161        6.2956836908172038        32.149330498977989        2.5000000000000000                1
   6.8224515227769951        3.7512981885884442        4.4288427371212942        2.5000000000000000                1
   4.2579414019593944        8.4192862255488627        9.4598392393137836        2.5000000000000000                1
   6.9059660679511667        9.7038568213845089        31.102036889481489        2.5000000000000000                1
   7.6941769931431176        3.9229057863852610        12.472111923746720        2.5000000000000000                1
   8.1898019302316563        4.1416924727230997        30.094646963682731        2.5000000000000000                1
   3.7585014144999471        6.8657651526488239        32.727875989903275        2.5000000000000000                1
   9.1550630836866222        8.3857373885723838        38.972496799126723        2.5000000000000000                1
   4.8163262862941192        4.4828143406885328        36.893297753519342        2.5000000000000000                1
   5.6691046898104949        9.4323214067421173        19.571760822796083        2.5000000000000000                1
   4.0837690195616494        8.0742864400443928        25.894454242036158        2.5000000000000000                1
   7.3793928709957113        9.6570218231658771        17.385759832452116        2.5000000000000000                1
   8.7921470120593632        6.5403073423190570        38.738509960669631        2.5000000000000000                1
   9.2288980138486139        8.2631613537896751        11.234373053528406        2.5000000000000000                1
   6.1038880453295246        9.6617765032935790        15.982753321890389        2.5000000000000000                1
   4.0121470939343435        5.6811133692342599        33.742661464478999        2.5000000000000000                1
   4.0756813627337802        5.7157373336834860        11.606236242157838        2.5000000000000000                1
   7.6487182012295234        9.4609712181439676        9.4518571089767267        2.5000000000000000                1
   3.8444519018308903        6.1320818527488026        39.859871052822847        2.5000000000000000                1
   9.2645311220284547        8.3645720226030242        9.4812234102642972        2.5000000000000000                1
   9.6585142610159664        7.3913508156103056        4.0207665309230007        2.5000000000000000                1
   5.6219426824547307        4.0032136337349344        17.263848656588916        2.5000000000000000                1
   9.5866341805235820        7.6336387059795401        1.5255823212418684        2.5000000000000000                1
   6.9582166267914074        3.7944720917270010        38.510332105130544        2.5000000000000000                1
   3.8104075738419110        6.9194357308642500       0.48988329245757262        2.5000000000000000                1
   3.7541895546796886        6.7008927564697265        14.369617997098503        2.5000000000000000                1
   3.8486691590690207        6.0847532276471350        27.434972234012513        2.5000000000000000                1
   5.4573477609085925        4.0653234634590616        12.904499793557768        2.5000000000000000                1
   4.2491126426553816        5.1134942835905468        19.993811025720383        2.5000000000000000                1
   6.5657484410707738        7.2336070662364751        27.169099973073749        2.5000000000000000                1
   5.7587169147173816        3.9334187320014400        22.419215868936536        2.5000000000000000                1
   6.2816924779967085        6.9762296480945878        1.3126522079899763        2.5000000000000000                1
   3.7962618246448705        7.2224305488973783        21.778439630749133        2.5000000000000000                1
   5.2501494414791043        9.2940263767800140        5.1037816805606813        2.5000000000000000                1
   6.0076681152740434        9.6473613784219214        13.416413453608465        2.5000000000000000                1
   9.6378585021817944        6.1238163925507303        15.277932150318007        2.5000000000000000                1
   4.0138809629422907        7.9411967211829024        10.353147032102383        2.5000000000000000                1
   6.6596332180844939        6.2714562042414403        37.179556214984522        2.5000000000000000                1
   6.2410273757440997        9.6980306040102118        10.337635153649106        2.5000000000000000                1
   4.3066215969563952        5.0184201833403490        26.654025334899806        2.5000000000000000                1
   5.1784527614156941        9.3036455019793394        1.8270037125403598        2.5000000000000000                1
   9.5301700794475561        7.7812852154063386        6.8643711497193234        2.5000000000000000                1
   6.8594951319997417        6.2412703422542197        25.507936129541424        2.5000000000000000                1
   9.1755108845168571        8.4443039686956993        27.778108886035024        2.5000000000000000                1
   7.1379801815522708        9.7133847233166382        26.888643578160202        2.5000000000000000                1
   7.1933883925597302        7.0202374832127639        31.303092576440854        2.5000000000000000                1
   4.7326752635628555        8.9494525561884526       0.94007190280075792        2.5000000000000000                1
   4.2802343454182710        8.4302840593917612        22.733146105846149        2.5000000000000000                1
   4.3862612712338969        4.9044487982937257        33.192006214157544        2.5000000000000000                1
   9.7409696416233817        6.6558531239568604        29.604462891431712        2.5000000000000000                1
   9.2947683574376185        5.2636414992342146        29.099635136745938        2.5000000000000000                1
   6.8484399588394798        3.7584384095555206        23.489022469458021        2.5000000000000000                1
   3.7574911670969353        6.7774357869607913        36.115188782743871        2.5000000000000000                1
   3.9924859290879127        7.9097032200510196        17.870968483172497        2.5000000000000000                1
   9.6915013026583807        7.3220022918658181        24.353076818187507        2.5000000000000000                1
   3.8649608566689717        7.4558914666994580        11.764902092017957        2.5000000000000000                1
   6.4547052111312677        3.7845255889887293        27.688566211202993        2.5000000000000000                1
   9.1271243740070425        8.5784699835378699        8.4309907789714789        2.5000000000000000                1
   9.5670591326672429        5.7637576738936893        19.294218620883335        2.5000000000000000                1
   4.1888070995371480        8.2643650972177412        20.661613260672066        2.5000000000000000                1
   8.5894680074872802        9.0922004697045136        9.7005174032672876        2.5000000000000000                1
   6.2693374468233323        6.5334747746132589        28.035137017127408        2.5000000000000000                1
   5.9733534500763286        9.6336386329231303        9.3462461194475797        2.5000000000000000                1
   8.5807364770854218        4.3848312318469036        35.160247582426230        2.5000000000000000                1
   3.8046961233307273        6.2983414797085899        7.5728133540122187        2.5000000000000000                1
   7.2250466267200313        6.8775994287784474        26.351284425790823        2.5000000000000000                1
   6.9003200530919777        6.2614632638991710        17.055413469997003        2.5000000000000000                1
   9.1724200362946693        8.5186597974439007        30.717591336351834        2.5000000000000000                1
   5.3282507563464430        4.1473657327386055        38.293622293263290        2.5000000000000000                1
   7.2544250233356680        3.7934451174391777        8.4735433391885220        2.5000000000000000                1
   8.2394101388345664        9.2983099593319132        12.205996674354177        2.5000000000000000                1
   9.6296085930651856        6.0866055139345843        16.465279940308648        2.5000000000000000                1
   6.7366258032301651        6.2185539372409275        33.962404582559259        2.5000000000000000                1
   6.8149680883201968        6.2618685760283510        7.1486210746453391        2.5000000000000000                1
   9.3359036807927289        8.2429837048656207        24.075229708694557        2.5000000000000000                1
   9.4824656178197841        5.5653399135341646        31.925195829443432        2.5000000000000000                1
   6.2776609770617515        6.5277745617570737        9.5892232630479963        2.5000000000000000                1
   9.7017105890131177        7.0678604064106709        31.233440404097255        2.5000000000000000                1
   6.2666841248463285        6.8544301961208802        38.043841084845212        2.5000000000000000                1
   4.4772065668301853        8.5074893493481749        19.202292125870962        2.5000000000000000                1
   7.7514064736894790        9.5727066075776293        13.336351197908153        2.5000000000000000                1
   7.2327970623205218        9.6966229735727065        15.807559893336816        2.5000000000000000                1
   4.4822105948898772        4.8227442265868348        22.680473745040029        2.5000000000000000                1
   6.9967921386244134        3.7613306033032172        35.333481133191079        2.5000000000000000                1
   8.3417980477980063        4.2303109377790280        10.953668232999618        2.5000000000000000                1
   6.5454097603008803        6.2684499058423837        38.863658056280336        2.5000000000000000                1
   6.9362103047318602        6.2826731864910510        13.777483846151052        2.5000000000000000                1
   8.6695811381195700        9.0322971920294659        23.730033232819043        2.5000000000000000                1
   9.0366471686527188        4.8430482604432363        2.4018033716233238        2.5000000000000000                1
   7.0008295342377078        7.1851842385183140        2.0827082782401973        2.5000000000000000                1
   7.2583752718669405        6.8468491262905218        17.928509849359273        2.5000000000000000                1
   4.5175746187768899        4.8231584700116397        4.4102190146344240        2.5000000000000000                1
   5.8279008141077018        9.5934354480932864        16.954049437574675        2.5000000000000000                1
   4.9569278487974824        9.0871245614247371        16.689691743943509        2.5000000000000000                1
   5.6943987955559612        3.9737157176015043        2.9014588411511437        2.5000000000000000                1
   5.2932195530512391        9.3628085010565556        6.8162617851260849        2.5000000000000000                1
   8.7439177502712795        8.9392008378976939        26.428924883378873        2.5000000000000000                1
   8.1658836136650272        4.1943552710992931        17.799667022378053        2.5000000000000000                1
   9.7212376723665148        6.7554261842160610        23.514972083411941        2.5000000000000000                1
   6.2043021434455516        6.7887061564101083        34.647032309474973        2.5000000000000000                1
   8.3350503259992230        4.2125961087478769        21.950841704485036        2.5000000000000000                1
   6.2446246957305052        6.6123178399380649        19.470395907806335        2.5000000000000000                1
   7.7843930308557816        9.4268193368739741        7.5771721354421526        2.5000000000000000                1
   4.8492025718027429        4.5618158858567810        2.8606987149771168        2.5000000000000000                1
   4.2719966234617219        5.0650422169865275        10.871093270918273        2.5000000000000000                1
   3.7734779876210198        6.5669017382779540        15.733083235404340        2.5000000000000000                1
   4.7530183662176331        8.9616599517663165        15.715130291296882        2.5000000000000000                1
