     1000000
           1
  0.10000000149011612     
   6.0425870921696720        5.2602090646412476        24.929485408905308        2.0000000000000000                1
   6.4466292656752220        3.3652640866247756        17.247191258642204        2.0000000000000000                1
   6.4438589222372569        3.2334045314075306        20.579739178489529        2.0000000000000000                1
   3.3164235532693205        6.5946031174176474        27.054784204356586        2.0000000000000000                1
   4.9205151626977530        3.8266611274177595        7.4786419768602768        2.0000000000000000                1
   8.2180162739180087        7.5563565024841344        13.957774568010620        2.0000000000000000                1
   6.3890491819101047        3.1449636804093100        11.513552092702607        2.0000000000000000                1
   5.2563122703063048        7.5330362849044086        33.401066842482287        2.0000000000000000                1
   3.4949318131189773        4.6679435305904899        6.0658310391682084        2.0000000000000000                1
   3.4766259543039006        4.5947945057568855        23.681616621995467        2.0000000000000000                1
   4.8690492637349649        7.3924127043794865        16.436119830725239        2.0000000000000000                1
   7.8337719487089998        6.2216714758937410        30.921018292859639        2.0000000000000000                1
   3.1538890742603409        6.4334526481107428        39.493987956349464        2.0000000000000000                1
   8.4744612964570969        5.6002489787176390        14.918731246301350        2.0000000000000000                1
   8.2325096556099133        7.1553910437598054        16.758034668922665        2.0000000000000000                1
   6.8017251367455946        6.9819193469230241        11.897990051323951        2.0000000000000000                1
   5.3322705572548790        5.4148387331938315        27.359919007229841        2.0000000000000000                1
   4.2956626072326518        4.1759268727215622        1.7489486988730039        2.0000000000000000                1
   8.6537052639225323        5.6404342792679882        6.0613186142260709        2.0000000000000000                1
   7.3661437057862598        7.8413920444536220        20.460315528093485        2.0000000000000000                1
   5.6460035695205093        6.0417133780802796        3.2144085175018202        2.0000000000000000                1
   5.2744907694424157        6.7331760264075422        10.584958151687093        2.0000000000000000                1
   7.7377935193978225        7.9274371139525783        32.142197277766762        2.0000000000000000                1
   5.4083265889846235        6.2967328130696831       0.82122803925121857        2.0000000000000000                1
   8.1075315974652575        4.4638293650157879        11.038426527593970        2.0000000000000000                1
   5.9777924481277545        7.3220481515887270        13.997078978599944        2.0000000000000000                1
   7.5289308289788348        8.5495513304562536        26.640669504670072        2.0000000000000000                1
   3.4897113877950088        5.0492853122440762        12.463973363117073        2.0000000000000000                1
   3.4115026263067598        7.1067952797732019        4.7517858665784889        2.0000000000000000                1
   5.0908031521996628        7.4901222698556689        27.854970579265132        2.0000000000000000                1
   8.8170885942958872        6.8244923808421394        9.4532767495227077        2.0000000000000000                1
   8.2117399618732634        4.0076138303060995        32.962475721092218        2.0000000000000000                1
   4.5433302100414323        4.0114603084479761        15.698640119020206        2.0000000000000000                1
   8.5733708741759269        6.6368889063637129        29.032745104708965        2.0000000000000000                1
   4.5873174500946048        5.4218322042200198        8.7145927828249103        2.0000000000000000                1
   6.7729145772734851        6.9070148770382547        6.0670665269993123        2.0000000000000000                1
   7.2920354277008670        4.1678481041509121        13.287316020459974        2.0000000000000000                1
   4.0459327429146494        4.4058490291600529        21.230572311290736        2.0000000000000000                1
   7.7914286984736334        4.1487399445574029        24.909503600034533        2.0000000000000000                1
   7.3665726936023344        3.6311568937298473        31.115090104931561        2.0000000000000000                1
   3.4578232940894216        5.9451633651902043        30.010082503691766        2.0000000000000000                1
   5.7478780828194749        3.1724486643858985        22.978072683476011        2.0000000000000000                1
   4.5406303191026103        3.7538384787782140        38.994012840419359        2.0000000000000000                1
   3.2105482144419755        6.7444445731916742        9.4207907798974890        2.0000000000000000                1
   8.5775162106483958        7.4093471071891930        4.1102922572767300        2.0000000000000000                1
   3.9356069428597040        7.9726615441280471        31.076735835630338        2.0000000000000000                1
   4.4810969262880098        8.4789154193627745        3.6442329104381921        2.0000000000000000                1
   8.8583116804992894        6.9057853725887153        11.593365612507807        2.0000000000000000                1
   3.0610933477324376        5.8701301525397875        33.435153200016323        2.0000000000000000                1
   3.8485879200232689        5.4802393411721813        18.347859893321345        2.0000000000000000                1
   3.2463268014389337        5.9622280484242731        15.451700042039603        2.0000000000000000                1
   4.2577130350229853        6.2478779253958550        24.922671121794551        2.0000000000000000                1
   6.8539708180414891        8.6856473820358779        4.4939764866075906        2.0000000000000000                1
   7.9324967144407834        7.5587681988829418        39.386203328412009        2.0000000000000000                1
   4.9532439789779987        3.3584913309731461        25.663716088826032        2.0000000000000000                1
   7.1782072697283219        3.6432146343688765        28.479656068354398        2.0000000000000000                1
   5.0644853575910318        5.6356977330825488        34.843527638644744        2.0000000000000000                1
   6.2226910293415738        5.2608724362819013        18.141325620151182        2.0000000000000000                1
   6.5703986379316550        8.6713818620896301        18.385646203794082        2.0000000000000000                1
   7.7580448696608588        8.2106977028082930        30.126138158932715        2.0000000000000000                1
   3.6732200832909339        6.8008951860522027        20.014275050914964        2.0000000000000000                1
   8.6379795532945689        5.3497494356246422        3.5220161630418327        2.0000000000000000                1
   6.5872971058425396        7.9532142519458429        24.764007873021725        2.0000000000000000                1
   5.4158213381519342        8.5269489079896914        21.180548114878999        2.0000000000000000                1
   4.2442999371841266        4.8344066655837947        31.917743726940522        2.0000000000000000                1
   8.3895315199109533        4.2264227603033628        35.456518119540782        2.0000000000000000                1
   5.9490711454304428        5.7986789940367762        15.402080056457592        2.0000000000000000                1
   8.8373077320579885        6.2248729682039503        20.817238595369169        2.0000000000000000                1
   4.5073073185187491        8.5726344105053265        18.694860104419362        2.0000000000000000                1
   7.2600617996288737        6.3441070504300070        8.2437614643956270        2.0000000000000000                1
   6.9498852182041935        8.8426647524983668        10.869481016774941        2.0000000000000000                1
   5.5689440425765708        8.8085876493121091        37.666812108238723        2.0000000000000000                1
   5.8669455778396262        8.6900298304176165        30.686284796061138        2.0000000000000000                1
   8.8237489673361935        6.2386511013276627        36.657132982919030        2.0000000000000000                1
   3.9689905770494436        7.7401412434741292        14.425443915520338        2.0000000000000000                1
   4.3065430573948076        7.6249725435166811        7.5561648527944216        2.0000000000000000                1
   3.3443577533588034        5.9531544694751846        1.7591233057633551        2.0000000000000000                1
   5.1059961927887541        3.5341288363103351        28.357000323697740        2.0000000000000000                1
   4.9762929021938476        6.6163617643550063        38.147040139251757        2.0000000000000000                1
   5.7532407346542396        8.9313048993029316        35.631992614525323        2.0000000000000000                1
   3.4189502994909917        6.9362131853460474        22.425944801751360        2.0000000000000000                1
   7.5036200352026654        7.7591179357247677        22.581158448749914        2.0000000000000000                1
   7.4493033761199650        3.5440745906446880        8.4124983376810860        2.0000000000000000                1
   6.9025931213940543        6.0073996747123397        35.652028482621049        2.0000000000000000                1
   4.7550765437067213        4.5435600063217167        36.498490272715735        2.0000000000000000                1
   8.3064236156811706        4.3629560792065183        39.206513382151805        2.0000000000000000                1
   8.3378850023312676        4.9823949258668305        27.417517984721822        2.0000000000000000                1
   7.5897809272977295        5.4044484623138773        22.312464857233973        2.0000000000000000                1
   4.8006022728640998        4.7481152686922075        10.713354565241186        2.0000000000000000                1
   6.3109813993014914        5.3519496063016971        32.127199254992455        2.0000000000000000                1
   5.1478946321962029        3.4813064035989645        33.165981600836943        2.0000000000000000                1
   8.1863829329553042        4.2672532966970627        19.652489496819225        2.0000000000000000                1
   7.2577553931121876        7.5593093614576592        37.068254997119176        2.0000000000000000                1
   3.8278440620912142        8.0305157437824093        12.173897582658029        2.0000000000000000                1
   8.3410706995513682        4.2519402559614603        17.233193144431691        2.0000000000000000                1
   7.3040247944665735        4.3075922232959227        37.351777700779927        2.0000000000000000                1
   8.4786961441384641        7.4805511788755945        34.471537969008153        2.0000000000000000                1
   5.1570993157872795        3.5719381396285819        30.386709904208161        2.0000000000000000                1
   5.8091360605907845        5.3800310242856595        20.104639800757852        2.0000000000000000                1
   3.5611533761488445        4.7588255840207854        3.6620966408530347        2.0000000000000000                1
   5.7409946709951090        6.3140877513152915        22.002855132376794        2.0000000000000000                1
   5.5946642324126108        3.0580739957768541        3.6349093313421319        2.0000000000000000                1
   6.6973249030489583        4.8244830669147101        6.7820360638827903        2.0000000000000000                1
   6.4544183386098695        7.8761104109254907        2.5982550454130866        2.0000000000000000                1
   7.8456151417594890        8.3184965869280720        8.1867781308377143        2.0000000000000000                1
   7.2188502210090730        4.2422623993267834        2.6351351406020056        2.0000000000000000                1
   5.2179257008870294        3.8981756622218873        13.607759541253175        2.0000000000000000                1
   8.1789358365573914        6.3642937183376542        24.684642713532813        2.0000000000000000                1
   6.4813093987567836        4.2631150345302640        34.466360433198581        2.0000000000000000                1
   4.1412677680050418        7.8224797151823289        36.357549276423022        2.0000000000000000                1
   4.5187850709671782        8.5983577895266752        25.255021397619945        2.0000000000000000                1
   3.8505389489047759        8.0343600214483395        1.2439344670512393        2.0000000000000000                1
   3.1485732208621608        5.1137335282810632        37.641004529602803        2.0000000000000000                1
