     1000000
           1
  0.10000000149011612     
   3.8175839059288403        4.3205179548356734        35.908327588365296        2.0000000000000000                1
   9.8522443521825736        5.9481647858876983        26.447758753649289        2.0000000000000000                1
   9.5704904040886252        4.9032556850952478        6.1965571435017512        2.0000000000000000                1
   8.1604565588533990        6.1968421219150507        7.0581050561351679        2.0000000000000000                1
   5.4584993106937851        7.0771067223371942        3.5207540613276693        2.0000000000000000                1
   8.2251941090442724        6.9776808712607084       0.79596539158603763        2.0000000000000000                1
   5.2433040563110014        5.8718158018896505        11.887794259565778        2.0000000000000000                1
   8.3602823375688882        9.0103846751471117        22.513956987116728        2.0000000000000000                1
   3.2063595308779451        6.3468618161301897        35.848463726413954        2.0000000000000000                1
   9.9703531449792315        6.9323535257186588        3.8456687504734726        2.0000000000000000                1
   8.2368726722391017        9.5349496660977540        8.7578080933073608        2.0000000000000000                1
   3.9557098561831809        8.7856771929964363        19.199068770300677        2.0000000000000000                1
   7.8573682092593149        9.5543092650238961        24.949623956462176        2.0000000000000000                1
   5.8588838608175680        5.2653745780442689        7.5779660864675042        2.0000000000000000                1
   8.7757824846148509        4.0943387566735163        6.5567867269713256        2.0000000000000000                1
   5.0373604955145801        7.0897514385789195        7.7957337209817092        2.0000000000000000                1
   9.6964665170661561        7.4925554389454598        22.378951086930552        2.0000000000000000                1
   6.5327430029152280        3.0642414000961660        25.300713270385209        2.0000000000000000                1
   8.2135204347592854        6.3172935792253613        29.769050455962638        2.0000000000000000                1
   9.9915527723034465        6.5351352789062522        39.492857421587217        2.0000000000000000                1
   8.1507039521523517        7.2828901801779304        29.434519195166153        2.0000000000000000                1
   6.1528181122267149        3.2624710222653719        7.7723424737061384        2.0000000000000000                1
   4.2921685472987487        9.1979458967560923        31.470855597796099        2.0000000000000000                1
   4.4918954784312399        3.9758075965374200        25.197877384674513        2.0000000000000000                1
   7.0050530010753889        3.0615548311041891        12.326150455524040        2.0000000000000000                1
   3.3024209356533678        7.7119776056765970        37.323535869653860        2.0000000000000000                1
   8.6547665687299524        9.0467582976145788        15.939149651881642        2.0000000000000000                1
   6.8034771146658910        3.0328837647301792        23.086775404048268        2.0000000000000000                1
   5.7669817845657256        4.9213267131708136        34.981615437030655        2.0000000000000000                1
   9.5661375138709062        5.6428699314735153        39.675474568757686        2.0000000000000000                1
   3.0723307563129767        6.5397961987251980        39.773139697170990        2.0000000000000000                1
   4.5813579189143860        9.3420258806351750        14.207162808736316        2.0000000000000000                1
   6.0272036518418473        3.0548111072645989        16.864944938990753        2.0000000000000000                1
   3.3779280146392887        8.0336025760663361        21.801477533377337        2.0000000000000000                1
   3.4636828012667920        7.8932394183305528        26.620680992341693        2.0000000000000000                1
   9.3556728246494405        4.5055711841694892        29.051779726228769        2.0000000000000000                1
   3.2788210744690107        5.2942224787927943        8.5643641501679539        2.0000000000000000                1
   8.7459170059954392        9.1322970061241211        28.767610080879759        2.0000000000000000                1
   3.2598650111434382        7.5875360884556660        6.7709086589230134        2.0000000000000000                1
   7.5729334887469015        3.1706438030956634        25.345239663395006        2.0000000000000000                1
   5.3344951128875264        7.3460171951591660        35.424862779778444        2.0000000000000000                1
   3.3182635193800736        5.2842355001467647        2.8846642239742151        2.0000000000000000                1
   5.2170748790856232        7.6195855592978665        10.561658425963204        2.0000000000000000                1
   6.2168321873118719        9.9464843811100803        31.916914154964122        2.0000000000000000                1
   5.8124771958620274        3.2959859260583695        10.665960968612596        2.0000000000000000                1
   4.1468795243284999        3.9785144296755925        38.450997691142668        2.0000000000000000                1
   6.9506642334025930        5.0848517694023165        13.429211999992873        2.0000000000000000                1
   8.1133677661607297        5.8590440378690660        32.176846101908389        2.0000000000000000                1
   4.0264408615819223        4.5144633011091146        29.560115553882898        2.0000000000000000                1
   8.8890497207279591        8.9958140872745442        11.482175516054918        2.0000000000000000                1
   6.3707762560227232        9.9689344103538620        29.514775064547912        2.0000000000000000                1
   4.1740800843521679        4.4261375629984325        14.634160721446586        2.0000000000000000                1
   3.8900570612934668        8.7644027614901372        32.285158371261112        2.0000000000000000                1
   6.8491510983648967        8.3114689554950569        4.3970809375282514        2.0000000000000000                1
   9.9883177511404124        6.4033819011038196        15.631051501513335        2.0000000000000000                1
   4.4974960434945332        7.3659039810746565        30.612142370971824        2.0000000000000000                1
   3.4260371830102598        5.4890074855604913        6.5417532982028055        2.0000000000000000                1
   3.0426844531066011        6.3519913192589135        8.3885047766142904        2.0000000000000000                1
   5.6419375639995204        3.2006677909122390        2.6762370107006497        2.0000000000000000                1
   9.8831328184869776        6.4088888519150169        28.575572491848980        2.0000000000000000                1
   7.0682948819817915        9.9451568829783490        12.173188695405646        2.0000000000000000                1
   6.4192318157851469        8.1466540531397662        28.521401552578943        2.0000000000000000                1
   8.9849160853946053        8.8599215284632535        32.685833225941060        2.0000000000000000                1
   5.4507771004561194        3.4263761396604226       0.58557226386264183        2.0000000000000000                1
   5.8776954795690051        4.9871859323269963        13.729729938609953        2.0000000000000000                1
   5.9041782399574121        5.0673136202328628        15.775034608932538        2.0000000000000000                1
   9.9397764516030680        6.9421162425125580        26.376262369659919        2.0000000000000000                1
   5.6498621066063732        3.1867343905260532        29.674473053631811        2.0000000000000000                1
   7.9182469469388383        7.4575018891638409        19.261443682958827        2.0000000000000000                1
   4.7755867576573774        9.3944303908162077        19.037593673379128        2.0000000000000000                1
   7.1573645992662440        9.8922950206171389        3.2073100141899138        2.0000000000000000                1
   8.1743222266442892        6.2110185573053815        23.373432426116569        2.0000000000000000                1
   6.7000067635989309        9.8245944968353740        18.481424226911702        2.0000000000000000                1
   8.8057305636114833        9.1174118150754193        8.0243697341769131        2.0000000000000000                1
   5.6451735109758472        9.8045271525250612        5.2862706975846132        2.0000000000000000                1
   3.0480037117488386        6.0651116659324043        22.420750425768531        2.0000000000000000                1
   9.6390202374118932        5.0011318230722654        20.599733540869071        2.0000000000000000                1
   6.3233968196194201        3.0403809960324648        35.956054636798612        2.0000000000000000                1
   4.2075159118272119        3.9101997275696756        12.563522479065817        2.0000000000000000                1
   9.5864819263597383        7.6487204956693891        39.292896157551631        2.0000000000000000                1
   5.0133813806170053        7.3738708880047179        20.581460232351752        2.0000000000000000                1
   6.2367896605658322        8.0723196382262579        24.301703473478671        2.0000000000000000                1
   5.6312294761704651        9.8788010463476255        32.974667981591878        2.0000000000000000                1
   5.0698204307270265        5.6230819604202509        23.810598871894079        2.0000000000000000                1
   9.5899107548799858        5.2193439533499850        8.2507989230379302        2.0000000000000000                1
   6.5401166230101255        9.8463702324146656        7.6234339285764783        2.0000000000000000                1
   5.8561150731516198        9.9079771964433405        16.570311049865278        2.0000000000000000                1
   9.1749047516008222        4.2599793517959590        35.652758060418286        2.0000000000000000                1
   7.2200959868475882        7.0021096519241839        2.5502168080568293        2.0000000000000000                1
   8.2700423381345178        9.3832406163758453        39.173349291742525        2.0000000000000000                1
   8.6802881043808249        5.3333744103481351        22.973540415121416        2.0000000000000000                1
   6.7525222345851432        7.6184595942184448        6.7836105982893375        2.0000000000000000                1
   5.0143092842343133        3.3806448078842126        16.725236883817839        2.0000000000000000                1
   6.4147325907315622        4.9883917364709198        33.021117603757681        2.0000000000000000                1
   9.9664742730000278        6.0465207527216167        33.068175771706592        2.0000000000000000                1
   3.6702995315485270        4.4457338601578735        4.7628811529709862        2.0000000000000000                1
   4.7966224922165424        6.2839728755528919        18.685382395991077        2.0000000000000000                1
   9.8849261856628861        7.1166475730609697        30.850475933125363        2.0000000000000000                1
   7.3740670771709391        3.1160719492455624        35.956371361993376        2.0000000000000000                1
   3.0587852586807460        6.0353453013625629        15.168525003782786        2.0000000000000000                1
   3.3736007308460354        8.0505253112546757        19.549346135400921        2.0000000000000000                1
   7.9511567482324272        9.6568735888498960        34.769221792567038        2.0000000000000000                1
   7.9508280188161677        7.2625269875679681        27.244538437097521        2.0000000000000000                1
   9.8652154459447914        6.5959972442542778        21.923835788774984        2.0000000000000000                1
   9.9659236661200499        6.9098866550591502        6.4812682006533366        2.0000000000000000                1
   9.6982273094814460        7.7429727315225056        13.639689862168291        2.0000000000000000                1
   9.6173449069661903        5.2544216948208682        10.352427808495765        2.0000000000000000                1
   6.0171976940062892        8.0738605909432906        6.2638890768136051        2.0000000000000000                1
   4.7967452811642053        3.4552843716126755        19.032736781090343        2.0000000000000000                1
   8.6321811875126997        3.7407994942336700        2.6012781781376191        2.0000000000000000                1
   3.2312512092615235        6.8515275049202184        32.812013252546770        2.0000000000000000                1
   7.6984463369691811        9.6906342989775069        5.8967343204659652        2.0000000000000000                1
   4.9755960360153537        3.4042962988215426        38.579875631688367        2.0000000000000000                1
   5.9510938920511043        3.1395016669447067        37.957709952198172        2.0000000000000000                1
   3.1358142053322835        5.8805483625898773        27.112160453328851        2.0000000000000000                1
   9.7270953089157750        7.2062282018164892        35.328089578832525        2.0000000000000000                1
   4.1421818159448964        3.9498785636316573        27.288469456800705        2.0000000000000000                1
   6.3419449859930666        5.0575877100446514        6.6795192908380674        2.0000000000000000                1
   5.6708292018162689        9.8749705696179024        18.614110460579585        2.0000000000000000                1
   8.1412984801306720        3.4809678478154034        27.246402265371191        2.0000000000000000                1
   7.7031891468071834        3.2620680357902154        2.7766374368443483        2.0000000000000000                1
   4.6433931669563036        3.5658425697516400        29.451634702833612        2.0000000000000000                1
   5.2923307013029213        9.7616346848382047        1.4967594710457899        2.0000000000000000                1
   6.7147389553117511        4.9584647414743506        37.395096923750110        2.0000000000000000                1
   9.1560425260872265        8.5760523895309415        39.254022939776682        2.0000000000000000                1
   6.4442090682617481        8.1422769629720833        8.9776240914954766        2.0000000000000000                1
   9.8394766885532903        7.1126155680427940        11.574368678297946        2.0000000000000000                1
   5.2042469274292991        9.0645775380843361        3.4633787283271698        2.0000000000000000                1
   4.1954165092223406        9.0589782503339844        3.0327405586537304        2.0000000000000000                1
   9.9600928547176864        6.2118849117707597        10.570318999059294        2.0000000000000000                1
   3.7082272138522256        4.4100796757110956        8.2741289095849861        2.0000000000000000                1
   6.0360234478065253        4.8217677356725765        17.813160394611465        2.0000000000000000                1
   6.6210465502272680        9.9709212902903097        20.518897300496469        2.0000000000000000                1
   9.5496190558538459        4.9678683937850634        4.1314034186423436        2.0000000000000000                1
   9.1807593589287180        4.3481936196861906        10.555591112466379        2.0000000000000000                1
   7.4015872136301208        9.8173377386782406        36.695776894341932        2.0000000000000000                1
   3.2836257624178207        7.8725841628838609        23.865734913936368        2.0000000000000000                1
   5.3358927671226652        7.7831404219944016        36.511883123304017        2.0000000000000000                1
   9.6114569438870383        8.0471101542526196        32.908940988887181        2.0000000000000000                1
   4.5618388171966080        3.6117354733595723        2.6101681643249171        2.0000000000000000                1
   8.2563530601659743        6.2540261257751482        34.216951330179810        2.0000000000000000                1
   3.1457485953861064        7.3852492056792078        3.9076366779513450        2.0000000000000000                1
   6.8986993091813247        4.9202128676846479        9.3070081474884088        2.0000000000000000                1
   3.2991760615521373        7.6562403233624883        13.370053101463508        2.0000000000000000                1
   3.7394808022597728        4.6869904670989166        31.815054073570906        2.0000000000000000                1
   5.8127136314778074        6.5445629224130979        38.769158251928964        2.0000000000000000                1
   7.8022835200880634        3.2903840807345981        29.544299243117432        2.0000000000000000                1
   8.1552735580471722        3.4645861339973960        16.535118827938437        2.0000000000000000                1
   7.2335634129443438        7.8781705360790566        11.003472252497096        2.0000000000000000                1
   5.8626910102649896        3.1684904359380801        14.758216856265419        2.0000000000000000                1
   5.2252008783661195        9.7347665421739595        39.162522369507023        2.0000000000000000                1
   7.6216051453847484        7.0855698087032390        7.1518983365660542        2.0000000000000000                1
   4.4724156825390855        3.6550910338419946        36.455946171802232        2.0000000000000000                1
   6.1651328430438763        7.0134413933151327        29.412406942231037        2.0000000000000000                1
   8.7097978228545507        5.3565359227768479        14.434362965298046        2.0000000000000000                1
   8.0775136842961057        3.4967399231317278        18.868606187645668        2.0000000000000000                1
   7.1203906074577645        6.5424677204465480        25.409673526374991        2.0000000000000000                1
   5.0120123036590742        9.4712436337048906        11.870966511026456        2.0000000000000000                1
   7.5364603294923116        5.2038087341083950        1.6060470727124447        2.0000000000000000                1
   5.5017340738758653        9.7959299156768083        29.987010749872624        2.0000000000000000                1
   7.7210011486928636        7.0865014359184206        38.120405380384526        2.0000000000000000                1
   3.3283310667186323        5.2347501756411550        10.597809230748416        2.0000000000000000                1
   7.0077799276348589        7.9501420945875338        33.853813671410826        2.0000000000000000                1
   8.1846850206707291        6.8149367041441069        2.8722292873733202        2.0000000000000000                1
   9.7825115729342293        5.4051687700060809        28.858250502897306        2.0000000000000000                1
   3.8576539265471879        4.3145333451737988        10.439225009820268        2.0000000000000000                1
   6.2846630028814250        9.9367417381377248        38.898596071042640        2.0000000000000000                1
   3.4695002637458914        4.8690851020867356        17.435764918987338        2.0000000000000000                1
   5.8651553197441713        3.1645309725830804        4.7163544745797887        2.0000000000000000                1
   9.1157498345736521        8.7157057650945795        1.3384886954545310        2.0000000000000000                1
   4.2860135981003653        3.8359359477244173        31.595530025497908        2.0000000000000000                1
   5.7697747167675173        3.2084426809983069        19.063342399916625        2.0000000000000000                1
   7.8586306325085733        7.5713033210764191        14.647067066379687        2.0000000000000000                1
   3.4194836891351588        4.8622364644851634        20.599209090138629        2.0000000000000000                1
   3.2565708810915748        7.6707199932184835        8.7716313348092587        2.0000000000000000                1
   5.2073636705098645        9.6958761514171918        27.815049917866901        2.0000000000000000                1
   9.9469404891288562        6.1700371456473180        24.323140614583778        2.0000000000000000                1
   5.5198111064434725        7.3991674213897873        32.606114979539200        2.0000000000000000                1
   9.9127053769338733        7.2010704942982118        8.8209496295067904        2.0000000000000000                1
   7.6649926683634169        9.4856923737617009        18.390477124253721        2.0000000000000000                1
   8.6505160004062063        9.1408494390187727        20.390076484851480        2.0000000000000000                1
   9.8720970675063260        7.4162628401855466        15.638328519689919        2.0000000000000000                1
   8.7688008132424731        4.5820938388968528        12.529936994648917        2.0000000000000000                1
   5.0231773690575912        3.3466128369305088        27.366273035473018        2.0000000000000000                1
   9.0457181993387632        4.2315198348572816        31.239040482836636        2.0000000000000000                1
   7.2790220081065833        7.9507779851480658        23.880396797542542        2.0000000000000000                1
   5.3781884122817516        3.5406173156282148        31.648406517160815        2.0000000000000000                1
   5.9127763214045990        9.8284764677055225        12.288333819949759        2.0000000000000000                1
   4.0501333332015541        4.0103197615479633        16.612218224662065        2.0000000000000000                1
   8.1593176600809230        8.2035707530937838        11.545953413804165        2.0000000000000000                1
   9.1111902602858468        4.3578963601824530        16.548761585260173        2.0000000000000000                1
   8.3074300769371003        9.4240919329413977        29.781314427252493        2.0000000000000000                1
   8.0582016314070533        6.5700009170839282        4.9238975393436277        2.0000000000000000                1
   7.7654946041361557        3.3080083076760052        23.359114317789942        2.0000000000000000                1
   9.4245530909503561        8.2471743697389659        35.081259235843781        2.0000000000000000                1
   6.4076112577223467        4.9787955333602101        3.5359624091068431        2.0000000000000000                1
   3.1458499229904677        5.7848416170716375        12.679124774098954        2.0000000000000000                1
