     1000000
           1
  0.10000000149011612     
   6.8222168977107032        5.3029631211800696        20.211743455152238        3.5000000000000000                1
   6.2668124814344282        8.9869333106888316        31.524687916633507        3.5000000000000000                1
   5.2589753585336947        7.3983631467465258        10.927380091300599        3.5000000000000000                1
   8.3922402812415218        5.6086576528384526        10.600989065542567        3.5000000000000000                1
   5.9591254569882075        5.7301750606596968        15.283993496214460        3.5000000000000000                1
   5.4362829159855304        8.0808372199861562        6.7395905255649566        3.5000000000000000                1
   5.9548581919699792        8.7647083412343232        32.462584847619503        3.5000000000000000                1
   5.3841486816909701        7.9544775854689282        25.424364531126720        3.5000000000000000                1
   5.6341634194630972        6.0714128015226976        28.954581047325679        3.5000000000000000                1
   9.0436333666603783        8.1053761903975072        25.021101477931314        3.5000000000000000                1
   8.5451758329520136        5.7407511618559646        35.436427575607347        3.5000000000000000                1
   8.2450186591869006        8.9245344474485773        12.121925142793197        3.5000000000000000                1
   5.3736142016978556        6.5641825700090255        23.791094965205218        3.5000000000000000                1
   9.0788966612095212        6.5673220478533967        28.379977985214669        3.5000000000000000                1
   5.7369112868789394        5.9479745196810034        36.287904930592838        3.5000000000000000                1
   6.6393256919586703        5.3475535629433937        11.809700844516469        3.5000000000000000                1
   5.7700274895601620        8.5746107359668553        36.652639388071279        3.5000000000000000                1
   5.9092456449326702        8.7331094594740826        27.957927754354579        3.5000000000000000                1
   8.8710771042886503        8.3743899462341194        12.755842780998046        3.5000000000000000                1
   6.9185185129607172        5.2915918150679904        30.117714626865361        3.5000000000000000                1
   7.6522630606673081        9.2026550529898739        24.404331870596476        3.5000000000000000                1
   5.5352771438288864        6.2266294057723099        30.763156176876766        3.5000000000000000                1
   6.2249310869365786        8.9481744430078844        11.845127340745979        3.5000000000000000                1
   6.3122592963042790        8.9873284124126283        24.255487200896788        3.5000000000000000                1
   6.1055669883607422        5.6145354190406440        28.161501917990609        3.5000000000000000                1
   6.3938197473757761        9.0363888059890911        13.828279725871759        3.5000000000000000                1
   7.8363412478612826        9.1559075439666486        21.715362602151082        3.5000000000000000                1
   5.5521644057400810        8.2853179049291992        13.415311805794035        3.5000000000000000                1
   6.6966637121033141        9.1631465500388209        30.511674212106357        3.5000000000000000                1
   7.4712872924577001        9.2356495754447696        19.925845905393867        3.5000000000000000                1
   5.9927992096748994        8.7204422392563306        38.414708807628443        3.5000000000000000                1
   6.8039018259769470        9.1754510351982237        35.037978137702822        3.5000000000000000                1
   5.3632170870817593        6.7155449673308212        17.738673693772789        3.5000000000000000                1
   6.5368472736521568        9.0883919741711683        33.249177333274098        3.5000000000000000                1
   7.4461955824244122        9.2304034614166426        6.3058745452889404        3.5000000000000000                1
   7.2419810767647768        5.2530708412520211        23.898622583387290        3.5000000000000000                1
   6.6789547113894310        9.1325972914965465        30.509673461413293        3.5000000000000000                1
   5.4040736290907807        7.9929070506269948       0.37737625852337126        3.5000000000000000                1
   7.9792994086125253        5.3923850094245003        36.191161931388251        3.5000000000000000                1
   9.1565086376975717        7.7369911786694985        8.7153920658179977        3.5000000000000000                1
   7.8360357703462808        9.1299512085744041        34.870800264143838        3.5000000000000000                1
   5.2528490242346049        7.2340383669117427        21.791654910261087        3.5000000000000000                1
   6.4938318843477170        5.3991973193830987        29.144582467193839        3.5000000000000000                1
   8.9881604824778201        6.2894089762452099        30.116926617294492        3.5000000000000000                1
   6.9415211243086006        9.2175702922305565        32.342988621293891        3.5000000000000000                1
   6.7039447702671895        9.1653478556860133        18.400229020727785        3.5000000000000000                1
   8.2155618746200076        8.9809862174291801       0.39497186777894810        3.5000000000000000                1
   8.5039216419945074        5.7196935185283966        22.261516258653295        3.5000000000000000                1
   8.8418099045840979        6.0603718250256255        36.408118379223076        3.5000000000000000                1
   7.6954069835553236        5.3265172797656186        6.5822211148527483        3.5000000000000000                1
   9.0884557481368287        6.5217591280544394        11.012675404760868        3.5000000000000000                1
   5.2942019338998625        7.1773400623296357        27.382056368112444        3.5000000000000000                1
   7.6892403313629760        9.1907064376945122        24.417392806576228        3.5000000000000000                1
   6.6919311862705602        9.1507386848189878        5.6046787463009764        3.5000000000000000                1
   6.0949007349578403        8.8707077440926856        4.8200003754040432        3.5000000000000000                1
   8.2369113788335415        8.9733901448727007        4.4862970848645700        3.5000000000000000                1
   7.9594041351033828        9.0788834693916165        17.897489513258769        3.5000000000000000                1
   8.8836774460908767        6.1380334216242707        9.8992110661543808        3.5000000000000000                1
   8.9214707567893452        6.2502962067861088        34.643125476632626        3.5000000000000000                1
   8.6655639881381905        8.5381695440348757        18.581113779107959        3.5000000000000000                1
   8.8320801160609985        6.0813820724914489        38.462493925449635        3.5000000000000000                1
   5.8152563707734064        8.6376643518030978        20.742675627602363        3.5000000000000000                1
   9.2217233135146035        7.5751990229845463        18.634377564777935        3.5000000000000000                1
   5.6046827477858381        8.3367491300639411        34.937638206810121        3.5000000000000000                1
   9.1922205488084217        6.8642879034095747        4.4005199584371875        3.5000000000000000                1
   8.7102261692975862        8.5115509050448246        8.0483093303187392        3.5000000000000000                1
   6.4615342679256518        5.4333187086658263        19.215495423707939        3.5000000000000000                1
   8.8294585115269335        6.0262625978206588        20.365910161219965        3.5000000000000000                1
   8.4777017559246008        8.8060429578910604        9.1623774893948831        3.5000000000000000                1
   7.9848297862121864        5.4719008174397681        4.7321490799473871        3.5000000000000000                1
   5.2769550841930783        7.4642455270939774        32.380429293759185        3.5000000000000000                1
   8.8863073570707769        6.1151919136331614        31.925210274352509        3.5000000000000000                1
   8.0680262644823433        5.4333872008521338        25.742667192805087        3.5000000000000000                1
   6.6355804849982185        9.1322788887903297        10.872614207198476        3.5000000000000000                1
   9.0114700327602932        8.1326554148309853        17.342777755193012        3.5000000000000000                1
   8.2415345700068698        8.9767898335482901        33.861685205157343        3.5000000000000000                1
   6.0521878829573543        8.8512791839270797        29.759607252846017        3.5000000000000000                1
   8.9116387441625466        6.1556116417823254        17.515381054063894        3.5000000000000000                1
   5.8346042141407191        5.8464955195891299        6.7890776019277270        3.5000000000000000                1
   8.2991722220681119        8.8751547947407978        9.0136389088171054        3.5000000000000000                1
   9.1086594621866706        6.5158553811344371        39.705134458701693        3.5000000000000000                1
   6.4821341669975965        5.4403850269635754        16.464264267893405        3.5000000000000000                1
   8.9963757921748151        8.2191382432474143        9.8286091045502655        3.5000000000000000                1
   5.7439736802331920        8.5128339924486216        26.200350829281117        3.5000000000000000                1
   6.0320038572374255        8.7838912598631289        25.201468818543223        3.5000000000000000                1
   7.9504905872600142        9.0889828118125333        26.121156633592395        3.5000000000000000                1
   6.6922778583795060        5.3534299456158054        27.381246739864089        3.5000000000000000                1
   5.4054217591989451        6.6063062098273919        36.985884494993073        3.5000000000000000                1
   5.2790757004150102        7.0828374449110241        4.0477960591112385        3.5000000000000000                1
   8.7043064093775442        5.9656375492393918        4.1831334848773061        3.5000000000000000                1
   9.0130815700827007        6.4127883373543249        15.738784304516654        3.5000000000000000                1
   9.2046701531939750        7.6477559904829313        21.273575380810886        3.5000000000000000                1
   9.1876693867863910        6.8663699963707359        14.021798687537229        3.5000000000000000                1
   6.7644322530230125        5.3177050573832281        17.571649361834787        3.5000000000000000                1
   5.5374137856717587        6.2297466071427152        30.748433127685836        3.5000000000000000                1
   5.2771798519037247        6.9739641294896719        36.011040981813828        3.5000000000000000                1
   9.0051274465882276        6.2982820888766096        22.919739955009241        3.5000000000000000                1
   9.2131048955974570        7.5793687669447447        3.5893527530506613        3.5000000000000000                1
   8.8105330896201703        8.4873213028378505        5.2888510901018044        3.5000000000000000                1
   8.7713968031254428        6.0139040907060117        14.565266438653655        3.5000000000000000                1
   9.2281600163818478        7.0580380139887335        12.177739580619878        3.5000000000000000                1
   8.7020343200706787        5.9519399986815484        4.1936080652283856        3.5000000000000000                1
   5.5866957142226132        6.2051341372754489        11.298668008051818        3.5000000000000000                1
   5.6504898106075299        8.4363084861305531        28.938030159944834        3.5000000000000000                1
   5.5966993228012143        6.1290448642449169        33.449788300271067        3.5000000000000000                1
   8.4354982439052293        8.8105389012300961        22.472535785806812        3.5000000000000000                1
   7.2275576732993621        5.2797694555693591        8.2608194812723692        3.5000000000000000                1
   6.8267568380752897        9.1960414110377187        7.0922270216694470        3.5000000000000000                1
   8.5616601124909124        8.7492450818408258        26.944665628562916        3.5000000000000000                1
   9.2166963718584061        7.0269700997335525        22.110531365394529        3.5000000000000000                1
   8.3286683066802851        5.5824928190993104        37.140129905770500        3.5000000000000000                1
   5.4625293663098420        8.1003534163890638        33.142531942460337        3.5000000000000000                1
   9.2223089877355360        6.9318630354383650        16.849823965043988        3.5000000000000000                1
   7.2372561351687867        5.2513700827129073        21.130789470955012        3.5000000000000000                1
   5.2893073931155357        7.0620961370223716        4.0806019754780571        3.5000000000000000                1
   7.2189866294614973        5.2543342355157314        18.544292234892364        3.5000000000000000                1
   5.2568764102224526        7.3077033810961680        16.434907622241930        3.5000000000000000                1
   5.3098121554469211        7.7239758378836507        29.590030312984595        3.5000000000000000                1
   9.0917219555131155        6.5349774598059547        28.361250023372826        3.5000000000000000                1
   8.4696123172132012        8.8175742664812038        35.620360483516798        3.5000000000000000                1
   5.4550885702315020        6.3704275071014012        35.200278328537316        3.5000000000000000                1
   5.4524815458355809        6.3778509130427068        27.982428907211169        3.5000000000000000                1
   7.2564141141141008        5.2519595115746194        34.331330220457097        3.5000000000000000                1
   9.2067498178431215        6.8612763400517682        26.646864908801710        3.5000000000000000                1
   5.2974730564547734        6.8215481870236525        9.1648919242326023        3.5000000000000000                1
   8.7178156683740564        5.9131596685052212        33.635599033097549        3.5000000000000000                1
   9.1183056798253634        6.5953013106898819        35.569336368327498        3.5000000000000000                1
   5.2614829473145974        7.1916692272859519        27.380863172556307        3.5000000000000000                1
   5.3342640534775656        6.7469761263698329        34.252478414373726        3.5000000000000000                1
   8.5702994140447100        5.7877646953787680        16.409251824755575        3.5000000000000000                1
   6.6551530416476732        9.1322696705827724        8.1259900045780729        3.5000000000000000                1
   8.7973023859371811        8.4854369227615845        15.663038323938379        3.5000000000000000                1
   5.7357854699638864        8.5235892540983507        1.9914250002704905        3.5000000000000000                1
   7.6256698132194911        5.2963231625638043        11.298511414865420        3.5000000000000000                1
   6.9976268524643812        5.2665539423674259        25.619454957597462        3.5000000000000000                1
   6.3916481822926920        9.0284329479734211        13.834142975977043        3.5000000000000000                1
   9.0721072603198785        6.4315916316139630        15.806901194619291        3.5000000000000000                1
   6.8342775083502181        9.2029735865264808        15.483548650439108        3.5000000000000000                1
   5.2757860488580697        7.2432984986701650        8.2346024545336647        3.5000000000000000                1
   6.2645536298889075        5.5145576023528600        23.726399940755570        3.5000000000000000                1
   8.7231505835639869        5.9069577209643356        33.621971072582639        3.5000000000000000                1
   7.6298929450244328        5.2874331610422018        24.826631692346091        3.5000000000000000                1
   7.2950481384794852        9.2461321506862575        25.375458973421104        3.5000000000000000                1
   8.8175208740236872        8.4331341280880920        25.982645891273044        3.5000000000000000                1
   5.5508570656314529        8.2220561239611030        37.630634193158897        3.5000000000000000                1
   8.0848660809196407        5.4417108202229869        31.723314689836855        3.5000000000000000                1
   6.6071077141505583        9.1312781684292297        39.258218989563865        3.5000000000000000                1
   8.8437346836884014        6.0649339525313657        38.456044336342060        3.5000000000000000                1
   5.3466307319913300        7.8338389520151779        28.166654960533773        3.5000000000000000                1
   9.1877974646106413        7.6091341525709302        28.510021819135233        3.5000000000000000                1
   8.4509303973153678        8.8474763155720417        35.639420026142588        3.5000000000000000                1
   5.6553077767847020        8.3385029769476642        39.397646904785169        3.5000000000000000                1
   8.6496249793247255        5.8891511202014950        11.687356636162447        3.5000000000000000                1
   6.2601596914278286        8.9809432431395653        31.519103250802118        3.5000000000000000                1
   8.4815429320468994        5.6935644841657460        3.1738288257561251        3.5000000000000000                1
   6.2445368907393908        8.9747144464068942       0.18125552689929034        3.5000000000000000                1
   9.0759680142858450        6.5772653160835333        3.3376146500453543        3.5000000000000000                1
   8.7077182482012052        5.8878753202415490        26.460761074654418        3.5000000000000000                1
   7.1540175382919289        9.2395814741631437        34.043320579549075        3.5000000000000000                1
   9.2213132675448684        7.2073869684162863        27.594837856128851        3.5000000000000000                1
   7.1890951465638189        5.2566858859589640        5.3708041812357497        3.5000000000000000                1
   5.3805465557777072        6.5964951955927358        20.939125133447433        3.5000000000000000                1
   7.8711737002287556        5.3545786201090690        33.497657155039342        3.5000000000000000                1
   7.2474041931937645        9.2266002925851591        31.363518093174214        3.5000000000000000                1
   6.0534213651285613        5.6539732744454128        32.695336187973481        3.5000000000000000                1
   6.2444685748349773        8.9777377777332852        37.448171207532816        3.5000000000000000                1
   7.7414321110872253        5.3271515235241251        37.925942008441538        3.5000000000000000                1
   8.2849048936236489        5.5824601427105449        18.165721811379807        3.5000000000000000                1
   5.4426280654176793        8.0877321211347528        17.157626899727607        3.5000000000000000                1
   7.9937223689141303        5.3948032184863957        12.299971968829144        3.5000000000000000                1
   6.4680851981629228        5.4241057455784158        8.9045812535060858        3.5000000000000000                1
   9.1594064866546709        7.7338509053469418        24.023114475780918        3.5000000000000000                1
   6.6126568122870948        5.3587211460249486        24.688239275017967        3.5000000000000000                1
   6.2687436784619939        5.5284033119195168        10.817731753966013        3.5000000000000000                1
   9.1710913388318893        6.6969246213831113        31.102758106052907        3.5000000000000000                1
   8.5607583218437817        8.7143185893206905        13.870070193883056        3.5000000000000000                1
   9.0854938128108138        6.5969199255602486        11.086526214333478        3.5000000000000000                1
   8.7688317251395471        8.5415728752862101        39.216236802913876        3.5000000000000000                1
   6.8720359810765830        5.2990497634465470        14.755081111807581        3.5000000000000000                1
   5.5904243642818674        8.2332615927710897        37.621610077237698        3.5000000000000000                1
   5.5133271265037331        8.2054963703158137        27.202915942785204        3.5000000000000000                1
   5.5065305578638863        6.3027104394553550        5.9286034268018328        3.5000000000000000                1
   5.3829165865550141        6.6950294462458144        17.750096547206777        3.5000000000000000                1
   5.7915007195361996        5.9016535654090712        9.5349308805793669        3.5000000000000000                1
   9.1297373977104694        6.6163772972403496        11.076688769666839        3.5000000000000000                1
   5.2723693355767729        7.0123222585085037        28.793674256556606        3.5000000000000000                1
   5.9318969201361815        5.7625748077944259        22.740222365599948        3.5000000000000000                1
   5.4128964503841370        8.0092790211472646        9.5112564096147878        3.5000000000000000                1
   9.2004256192344780        7.6168110446151056        3.5542528800417847        3.5000000000000000                1
   6.8106286113514862        5.3001415982574711        20.203186851074104        3.5000000000000000                1
   9.1673899565611254        6.7099658148556500        6.1395950037619418        3.5000000000000000                1
   6.1572324427393514        8.9204521993449220        19.699714995261797        3.5000000000000000                1
   5.4286256101135208        6.4263002048057700        7.5398149078125876        3.5000000000000000                1
   8.7742069750996396        5.9560844412977785        29.194023258499591        3.5000000000000000                1
   9.2490059706698009        7.2488121234577685        30.258932600652404        3.5000000000000000                1
   5.4772424105084800        6.3361427935853003        2.4232753327059950        3.5000000000000000                1
   5.8907432226031347        5.7910538424712517        34.438535772337566        3.5000000000000000                1
   7.6714895115434203        9.2045606058238487        24.436614948270904        3.5000000000000000                1
   8.9392988577660777        6.1986331777558563        34.625346629962017        3.5000000000000000                1
   6.1027729732625025        5.6264806988179741        39.151827928452484        3.5000000000000000                1
   8.6271903176912161        8.6886532147176840        37.459693189937880        3.5000000000000000                1
   6.1118198499710150        8.8913155235462682        12.843470030113949        3.5000000000000000                1
   8.8058944883576373        8.5037150882368167        2.5775276049107907        3.5000000000000000                1
   5.6075840187380308        6.1636148464529272        26.235574627234023        3.5000000000000000                1
   9.0821099616709606        8.0361742104318239        22.215886919978587        3.5000000000000000                1
   7.8858011112263187        9.1431095687029931        10.440056807797772        3.5000000000000000                1
   8.2246498155938887        5.5129721681773303        34.448746788505730        3.5000000000000000                1
   5.3326714128483683        7.8156845807879662        12.537925720906056        3.5000000000000000                1
   8.0177470381206497        9.0663983762264397        1.8931338691368864        3.5000000000000000                1
   6.1824834354709477        8.9138916108956021        9.1312150523226325        3.5000000000000000                1
   5.3436370793917414        6.6876919308248368        1.4390887946984996        3.5000000000000000                1
   7.1158272224148629        9.2391014523095762        17.330181183604953        3.5000000000000000                1
   9.2360718205802037        7.1870268731151628        15.067371696650083        3.5000000000000000                1
   9.1943767551128754        6.8494856232389063        4.3381189235460509        3.5000000000000000                1
   8.6643454372357382        5.8496504400173919        24.939655798495910        3.5000000000000000                1
   8.6440050726967499        8.6597632510488491        11.017245206381537        3.5000000000000000                1
   7.9179546071210591        5.4104763026428682        29.002123533869273        3.5000000000000000                1
   7.2197449500551505        5.3078151627135943        15.783991481671489        3.5000000000000000                1
   6.0276740345305067        8.7901669245908103        14.867405191644471        3.5000000000000000                1
   5.6033304779875470        6.1170107502505573        11.296139596310772        3.5000000000000000                1
   8.9785434278839293        8.2308469668064639        27.752756070190141        3.5000000000000000                1
   6.1276284122824833        5.6110052690941430        21.004488582136169        3.5000000000000000                1
   9.2468859462930553        7.1899489573281787        32.021852049341597        3.5000000000000000                1
   9.1888566122313922        7.7208968697554923        37.219571160251469        3.5000000000000000                1
   5.4652069788150897        8.0922082688436010        14.401530340154769        3.5000000000000000                1
   6.9502297751006674        5.2814709819476766        10.080173548867279        3.5000000000000000                1
   5.3130489668343710        6.8469894405267659        31.591218489070290        3.5000000000000000                1
   5.5677876026833486        8.2428178020380454        31.701918520494299        3.5000000000000000                1
   9.2193921286129594        7.0538038304537958        12.194194538335855        3.5000000000000000                1
   5.2818121518145951        7.0405578130489568        6.6406796944270150        3.5000000000000000                1
   6.4146113508027298        5.4554154990700185       0.14751776633864766        3.5000000000000000                1
   6.0544221226695880        5.6627009586317723        2.9895978761251656        3.5000000000000000                1
   5.7385153673543092        8.5275642949186157        15.959698246744452        3.5000000000000000                1
   8.2711710424003542        8.9694272504017487        38.368503643729184        3.5000000000000000                1
   8.5004847091215741        5.7108002396102817        28.210389691514855        3.5000000000000000                1
   5.9215527496766116        8.7263229460983887        17.847732666510218        3.5000000000000000                1
   8.4173080479567393        8.8685320466684114        22.506495920457652        3.5000000000000000                1
   8.7105917953130891        8.5666164148007979        8.0656760810476911        3.5000000000000000                1
   5.2539239790831171        7.3474563074189927        13.671536643846517        3.5000000000000000                1
   8.6419341496735740        5.8592118337779482        11.657043179140633        3.5000000000000000                1
   6.9882923139528597        9.2129331831914367        1.8508354177159552        3.5000000000000000                1
   5.3170052691695675        6.7561302132732157        34.234120606120321        3.5000000000000000                1
   7.8365202229943076        9.1601626187654777        34.898361579971180        3.5000000000000000                1
   7.1062064573319663        9.2414364226754007       0.84118019553731926        3.5000000000000000                1
   8.4314126193376531        8.8478477409868486        19.748831625400069        3.5000000000000000                1
   6.0374097234240542        5.6783681834554249        25.460884918255104        3.5000000000000000                1
   6.0658571974134290        5.6512569493102189        18.218564082891671        3.5000000000000000                1
   9.1955327299573852        6.7912799330946685        33.805009541250882        3.5000000000000000                1
   5.8308828283991092        5.8676011902883571        17.092660828260229        3.5000000000000000                1
   8.2231533355650175        5.5078272580163405        34.452082542427327        3.5000000000000000                1
   5.9226131087136356        5.7685006284264073        5.0381107615738312        3.5000000000000000                1
   6.4383814917574629        9.0770447615272420        28.856141088011334        3.5000000000000000                1
   7.2583947028334164        5.2532187822293519        38.810120633208051        3.5000000000000000                1
   7.8966511224491720        9.1407194228549056        5.4159844039049760        3.5000000000000000                1
   5.7015095899721597        6.0465775721217039        14.308589217297307        3.5000000000000000                1
   5.3284154503910948        7.7314648491526636        15.459737083587717        3.5000000000000000                1
   6.5534999506312515        9.1083432132979230        26.058329597131312        3.5000000000000000                1
   8.1007049931735100        9.0592848910483088        36.579119572858652        3.5000000000000000                1
   7.2475759306337517        5.2503929778310638        21.137530103597690        3.5000000000000000                1
   5.5737176343160071        8.2722565681933009        11.348693528785315        3.5000000000000000                1
   8.1022859280622068        5.4665715955883387        15.132361334072119        3.5000000000000000                1
   7.5624474027872139        5.2833955655377736        39.809377554235702        3.5000000000000000                1
   9.1672673997519354        6.6964011603286169        23.871653195511399        3.5000000000000000                1
   5.4350317824762824        8.0398862700294913        3.6920632051842492        3.5000000000000000                1
   7.4587362070156615        9.2338011075557471        6.3105150043300071        3.5000000000000000                1
   6.3830060591084061        9.0158336154793020        16.600520032897975        3.5000000000000000                1
   8.8682067313027133        6.0849873242760717        6.9310972954906900        3.5000000000000000                1
   5.2957118136277330        7.5664064615397075        26.418204733079776        3.5000000000000000                1
   6.8195676585941101        9.1989527693876507        27.849107892073803        3.5000000000000000                1
   8.3727697900516045        8.9018016773021209        31.136657203475892        3.5000000000000000                1
   9.1567699363780211        6.6715705941757388        31.073960783533593        3.5000000000000000                1
   7.3650040388091726        5.2932264155082187        26.550116260007108        3.5000000000000000                1
   6.4823269686255900        5.4163646520756235        21.972504448070275        3.5000000000000000                1
   7.5410941784824184        5.2779909852810079        35.291741193004363        3.5000000000000000                1
   7.6910788134258121        5.3420407185863752        30.756106608627480        3.5000000000000000                1
   8.9014592069187053        8.3740260806113263        36.452237216787800        3.5000000000000000                1
   8.1357584401150529        9.0227124429691798        15.047840053148892        3.5000000000000000                1
   8.4476711548545502        8.8395169972163057        16.853975811565874        3.5000000000000000                1
   5.2916174612216507        7.5606642338507779        2.0964241095674216        3.5000000000000000                1
   5.7383881506919119        8.5443275033987476        23.418896690946436        3.5000000000000000                1
   6.8781269665891118        5.2923515201951883        30.072614022073203        3.5000000000000000                1
   7.8687995345003499        5.3718587363871517       0.83181302618372699        3.5000000000000000                1
   5.9458763881945558        5.7515853885434485        29.941327296508767        3.5000000000000000                1
   6.4754445586163412        5.4523686289193121        6.1148965409630414        3.5000000000000000                1
   8.7211095382727386        5.9087127038360734        19.267836780607382        3.5000000000000000                1
   5.4696158401117900        6.3449740120660394        2.4139782079451622        3.5000000000000000                1
   5.5878661165832817        6.1402238504560227        21.811635687494590        3.5000000000000000                1
   9.0053439366059731        6.3125490795692407        1.2200117189891153        3.5000000000000000                1
   6.4368157294788588        5.4902742755539053        6.0681979645369557        3.5000000000000000                1
   7.6224197128148559        9.1996460699914291        33.095428049009882        3.5000000000000000                1
   8.8703590857728365        6.1466772326911681        31.895238156896887        3.5000000000000000                1
   5.2587024196252354        7.4029171117792414        35.093390168825714        3.5000000000000000                1
   5.4183234065252739        6.4863301810143499        7.5507517855949731        3.5000000000000000                1
   5.3080350490807024        7.6947544940255321        23.734497207852584        3.5000000000000000                1
   5.3246217705618495        7.6227791401605618        36.832908136261736        3.5000000000000000                1
   5.2858885835747325        7.1597024063988384        3.0173617352246627        3.5000000000000000                1
   5.7552716358963432        5.9285593434555146        31.723005464338776        3.5000000000000000                1
   9.2350680841062829        7.4213362080861396        23.059598863525895        3.5000000000000000                1
   8.0969080276053269        9.0427705580052251        20.697009156701558        3.5000000000000000                1
   5.3529733353865847        6.7015242884603037        19.928117193632424        3.5000000000000000                1
   5.6615578859945792        8.3682845141655449        39.384930141004666        3.5000000000000000                1
   6.1416475975282756        5.6058645132725706        21.025168020427412        3.5000000000000000                1
   5.6381561282778163        8.4221210633767036        8.3767116630914611        3.5000000000000000                1
   8.7110280165959519        8.5535584751620775        18.749395729085670        3.5000000000000000                1
   8.9244541869273117        8.2638804814956277        33.686052586907657        3.5000000000000000                1
   9.1943301574223959        7.0649239896970828        12.190394969279978        3.5000000000000000                1
   9.2316365691550306        7.2617606218992075        7.5104054267750939        3.5000000000000000                1
   5.6055731701146208        6.1306984000890692        3.8324531719101276        3.5000000000000000                1
   9.1055877508247534        6.5769957018717280        10.950908868755743        3.5000000000000000                1
   9.0468322636770360        6.5560353233575723        3.3453232474811334        3.5000000000000000                1
   5.8790118835063110        8.6920034024954624        10.235947217308535        3.5000000000000000                1
   6.4755455827912911        5.4128520262572115        4.1886312467132401        3.5000000000000000                1
   8.2673246772356137        5.5504927952067522        1.9340672767467622        3.5000000000000000                1
   8.4252189956226609        8.7938769915831863        6.2686371926519326        3.5000000000000000                1
   7.9765127242445848        9.0775068780008308        32.083315720447523        3.5000000000000000                1
   8.9886789477282534        6.2988978457600897        12.907489332123527        3.5000000000000000                1
   5.3102777434307846        6.9497350583946282        14.724649532829673        3.5000000000000000                1
   8.0632825833191326        9.0738056516633154        23.432223994846286        3.5000000000000000                1
   5.4186219540188798        6.4773181745506969        13.003102411445857        3.5000000000000000                1
   5.4327080583001841        8.0246277033779023        35.879671148538250        3.5000000000000000                1
   9.1913635583982902        7.7152845713887412        16.188846448985100        3.5000000000000000                1
   8.6605348642771212        8.6465395928943920        24.253638569769837        3.5000000000000000                1
   5.4830889084041576        6.3679972729598830        15.936914520042500        3.5000000000000000                1
   6.2044453177377550        8.9546001379064037        1.1995253680814291        3.5000000000000000                1
   7.0337840601763624        9.2159104145120061        12.567753541635261        3.5000000000000000                1
   8.9630182182819738        6.2213141925677986        5.2630417951175792        3.5000000000000000                1
   6.6874650904923829        9.1559529554418901        5.6324125227570985        3.5000000000000000                1
   5.8756304814549871        8.6901367512633296        3.0476950141040002        3.5000000000000000                1
   9.0825758303829751        8.0473618349929676        22.220979711678201        3.5000000000000000                1
   8.4266457911218549        5.6504889492623818        32.687345176403390        3.5000000000000000                1
   6.6773790614123838        9.1186812608179473        18.400050882111280        3.5000000000000000                1
   5.4858678898213391        6.3562137833566332        18.724594795602837        3.5000000000000000                1
   8.5855495317515444        5.8084762451142904       0.20850880699506213        3.5000000000000000                1
   5.7445975355784391        5.9340722228034712        24.516969076652526        3.5000000000000000                1
   8.9091047707430775        8.2838078566589335        20.544954890008650        3.5000000000000000                1
   6.2611196353902336        5.5124011533150012        30.919608425379963        3.5000000000000000                1
   9.0794266451497467        8.0412608038737510        19.571382947057849        3.5000000000000000                1
   8.9487184749654567        6.2192609775627403        34.640260822700853        3.5000000000000000                1
   5.2697872716031808        7.0423887607165963        22.832560352194747        3.5000000000000000                1
   5.3165539908258106        6.7525033500055116        5.0361510317461802        3.5000000000000000                1
   5.3061359015156286        6.9527482553341304        36.001597405553731        3.5000000000000000                1
   7.3201469165438997        5.2518148050984035        36.973245575797186        3.5000000000000000                1
   9.0755822603421219        6.4690485738930708        32.844788611636297        3.5000000000000000                1
   8.7609572748998215        6.0170287847314592        29.175327213036574        3.5000000000000000                1
   6.4655036690354946        5.4283728066172596        19.271218008491996        3.5000000000000000                1
   7.1614247725208839        9.2268388988939574        4.6268383759390499        3.5000000000000000                1
   5.2605118494585037        7.0887213758080394        4.0651498280823795        3.5000000000000000                1
   8.9875454312552758        6.2685690446042353        2.3816306574089126        3.5000000000000000                1
   5.2734571227932694        7.0352251885311681        22.859807503503653        3.5000000000000000                1
   5.4267263043897431        6.4841834343602169        7.5324565107664556        3.5000000000000000                1
   5.5678385342129877        8.3145321054012662        21.713439266205715        3.5000000000000000                1
   5.4102680576482118        6.4751631705643931        32.522154264372610        3.5000000000000000                1
   9.0878163164743544        8.0090016584819050        14.493049989589460        3.5000000000000000                1
   5.7462545157253571        6.0021206745381406       0.72874305007743723        3.5000000000000000                1
   9.1608418959930109        7.7959787687034661        11.472713113297042        3.5000000000000000                1
   9.2097687357198605        7.2236363468901130        2.5829076390827614        3.5000000000000000                1
   8.0124070787088328        5.4388869265621356        15.134395007180125        3.5000000000000000                1
   6.4790623003217203        9.0384616394347397        3.8490641573753148        3.5000000000000000                1
   5.6081012284437497        6.1118124044800188        8.5179121876884611        3.5000000000000000                1
   6.4667717392450061        5.4124118142450888        1.2081462854190457        3.5000000000000000                1
   8.6746137782320059        8.6270547036266372        21.501914151585485        3.5000000000000000                1
   8.1724987076519895        5.4866537179508104        15.183812087852436        3.5000000000000000                1
   8.2065969585196221        8.9764136295294001       0.45008676412638249        3.5000000000000000                1
   8.3288813629770733        8.9056085071932394        25.192498802332210        3.5000000000000000                1
   9.2336932586582456        7.4995501579335073        25.812245616548505        3.5000000000000000                1
   5.8890542711156213        5.8068832194576316        12.353694780521215        3.5000000000000000                1
   5.7704206904311661        8.5890993372702162        30.704135529724955        3.5000000000000000                1
   7.4421236977900618        9.2239915935806298        35.841573240974775        3.5000000000000000                1
   8.9801177914074835        6.2551312265339538        5.2594178560039628        3.5000000000000000                1
   8.7388081975370131        8.5550903874814779        34.649269092055128        3.5000000000000000                1
   5.8792380498691532        8.6917321854290837        7.4144108480297941        3.5000000000000000                1
   7.4170973949318961        9.2151229045152672        11.603529245045015        3.5000000000000000                1
   9.1892716784728883        6.9221632052252104        29.315434476423015        3.5000000000000000                1
   6.6488324827519723        9.1564955922858022        23.327241416045403        3.5000000000000000                1
   5.2735401148563774        7.1297580281584825        3.0047235038903222        3.5000000000000000                1
   8.3017766552903876        5.5544656757857425        29.980464615048721        3.5000000000000000                1
   9.0700617417123777        8.0655093395620892        38.178881869439948        3.5000000000000000                1
   8.7644393668855116        5.9999388861962180        29.169763852656324        3.5000000000000000                1
   6.4598386331192268        5.4178824835881487        19.270964931737087        3.5000000000000000                1
   7.1366697266302257        9.2165284915701609        29.588446023401200        3.5000000000000000                1
   5.6251791633719694        6.1373351542159043        21.837685477866351        3.5000000000000000                1
   5.3788623874575672        7.8532189314387928        38.567770475794021        3.5000000000000000                1
   6.2013870389933414        8.9227574683270188        11.843789480608192        3.5000000000000000                1
   7.1019347990139252        9.2146332421569088        17.343550451674815        3.5000000000000000                1
   8.1990543299963594        5.5251488208119710        39.024926845815081        3.5000000000000000                1
   6.2392867092740651        8.9732519664561909        27.008296667504116        3.5000000000000000                1
   5.7717329864327507        8.5624828852590191        30.741522867061356        3.5000000000000000                1
   7.8479520597249026        9.1467988974718750        13.235105205266306        3.5000000000000000                1
   9.2239095296831071        7.4848356543110164        38.993070209681981        3.5000000000000000                1
   6.3612173588824108        5.4962239730287195        26.396385066754224        3.5000000000000000                1
   6.1343092786784856        5.6280542845893953        7.7914721758070140        3.5000000000000000                1
   7.2402213785012490        9.1946612896103996        14.353155396749935        3.5000000000000000                1
   5.8492359799330105        5.8298638863666268        19.971029263090145        3.5000000000000000                1
   7.2999542254143766        5.2858857575536931        1.7491786795901370        3.5000000000000000                1
   6.8241993935778948        5.2967569954997176        14.802509626138280        3.5000000000000000                1
   5.3507857536184229        6.6432821630381493        38.697915304441537        3.5000000000000000                1
   7.9667029131647151        9.0975626652981259        17.967575995006019        3.5000000000000000                1
   6.2769003317667824        5.5596150053789106        35.463036069823467        3.5000000000000000                1
   9.2333196893162572        7.2350966135329315        15.110213595734834        3.5000000000000000                1
   5.3948396764581181        6.5820713151107801        10.234203515043911        3.5000000000000000                1
   5.3458609231329657        7.8361605248797339        28.153596444600719        3.5000000000000000                1
   5.4007976982921768        6.5934945431634171        10.210176128652222        3.5000000000000000                1
   7.4020074496995019        9.2374193901761714        39.863295738634250        3.5000000000000000                1
   9.2282725170601552        7.4569225557011523        10.469272133711367        3.5000000000000000                1
   7.6361039954374093        5.3059254648784124        14.063568671011224        3.5000000000000000                1
   8.9770665064583337        8.2432688978862885        7.0433209724681989        3.5000000000000000                1
   8.1162815360928686        9.0437567842745583        7.1965212397696590        3.5000000000000000                1
   5.3034595988705338        6.8043201853446273        31.546478313450468        3.5000000000000000                1
   9.1057998301882872        6.5267316940968394        8.2047800817484688        3.5000000000000000                1
   8.2310683092074992        5.5122816213968129        39.043656165117888        3.5000000000000000                1
   7.5980947705330708        5.2826901160877471        39.799976290424866        3.5000000000000000                1
   8.8512375405873858        8.4438706364312655        25.958494063204750        3.5000000000000000                1
   5.2818344979738479        7.1938853898971917        37.803270065770420        3.5000000000000000                1
   5.6402160613174219        6.0800811131986077        14.282764255311063        3.5000000000000000                1
   6.4536306371504626        5.4207740451545749        29.110648967282323        3.5000000000000000                1
   9.1557861682084507        6.7184775102113141        37.698995212477207        3.5000000000000000                1
   7.1985340972630665        5.2690992164151735        18.545783157571261        3.5000000000000000                1
   8.3397636560611765        5.5788906486828491        23.990344460303536        3.5000000000000000                1
   7.0508894462059155        9.2271275990099504        9.8275977166940773        3.5000000000000000                1
   8.4216653156932306        5.6402371420688242        5.8996741405815891        3.5000000000000000                1
   9.1875039067825846        7.7267166875471185        37.233272392440512        3.5000000000000000                1
   8.9494125838650174        6.2138862666391006        27.397093796828024        3.5000000000000000                1
   7.8491785315097600        9.1542772228439269        5.3911432939605870        3.5000000000000000                1
   6.3904431933643995        5.4475046847142714        13.623096873604243        3.5000000000000000                1
   9.1020550892165915        7.9909056983848021        3.9866398785230746E-002   3.5000000000000000                1
   8.5989723548890087        5.7867785205176325        30.934591220604634        3.5000000000000000                1
   9.2164133807878432        6.9116645238794341        9.3321728143209892        3.5000000000000000                1
   6.0774287696548379        8.8600614862985658        4.8589147332006659        3.5000000000000000                1
   5.2833746346939172        6.9052120076164663        12.006035432667817        3.5000000000000000                1
   9.1878531069239369        6.8533177181690865        26.632592596508299        3.5000000000000000                1
   7.5658874513638725        9.2233470953519898        18.926592832336848        3.5000000000000000                1
   8.0316115893673938        5.4471532343364792        25.785059271103318        3.5000000000000000                1
   5.6279332909967872        8.4018669623055899        18.908103731726822        3.5000000000000000                1
   8.8392373916585267        8.4540819067873869        1.0370806955637877        3.5000000000000000                1
   6.7014302914192125        5.3349708214387350        37.859270703149178        3.5000000000000000                1
   6.2813592899894619        8.9972252814375171        31.505845881368405        3.5000000000000000                1
   9.1651413937302184        6.6829103947149378        37.648771444123618        3.5000000000000000                1
   7.6754762388776232        9.2041687341407705        8.0984713406710060        3.5000000000000000                1
   9.1491899378635857        7.8496217055988113        26.799624936216897        3.5000000000000000                1
   8.3078027444244000        5.5563025650441720        7.6581624335821568        3.5000000000000000                1
   6.8427722212968423        5.2921547496876347        7.1457210686672497        3.5000000000000000                1
   5.2738626586157222        7.1504629837033340        3.0399764476206221        3.5000000000000000                1
   7.7385318087365205        9.1421452347450565        30.385672889382850        3.5000000000000000                1
   9.2223147608300415        7.0437943263568172        12.189555668578461        3.5000000000000000                1
   8.2249268392114434        5.5350047959449542        18.028779775597567        3.5000000000000000                1
   5.3302978493186561        7.7275464659654922        15.467767425588866        3.5000000000000000                1
   7.4721413874959071        5.2806297278593499        32.554293050250777        3.5000000000000000                1
   9.0963214256516522        8.0061037870534015        35.515783035683086        3.5000000000000000                1
   9.0552757258531091        6.3991673593233731        15.755417906565794        3.5000000000000000                1
   9.1959558701819741        6.8757775265312331        16.857588434456535        3.5000000000000000                1
   8.9143327465902793        8.3558487065899953        23.227669521315196        3.5000000000000000                1
   5.5700883021844323        8.3067381729364627        21.718550479862444        3.5000000000000000                1
