     1000000
           1
  0.10000000149011612     
   3.8788808701547759        5.0970069514106271        20.740211059078064        2.5000000000000000                1
   5.3888162460224409        4.2189019579255813        8.4831117102275435        2.5000000000000000                1
   4.7925925440358261        5.6587863418352482        33.808383546307233        2.5000000000000000                1
   5.5719496481894701        4.5330540969966213        37.932806709737854        2.5000000000000000                1
   5.2773486674576322        4.0134079222951016        4.7064517165799264        2.5000000000000000                1
   4.0176905506975888        5.3320622197904752        2.9233699354233527        2.5000000000000000                1
   3.9160427576722947        4.5006030181073973        16.983022682986949        2.5000000000000000                1
   4.0403498965942068        5.2373195105347170        22.388116760103834        2.5000000000000000                1
   4.7861975285142320        5.6929838009378892        29.580286658515018        2.5000000000000000                1
   4.8862362288990120        3.8644577891937981        25.006334973017157        2.5000000000000000                1
   3.7721480532635843        4.5681668387807921        31.709609787972134        2.5000000000000000                1
   5.1127903628552849        5.6550587664391960        14.690379550612487        2.5000000000000000                1
   5.3761570674065915        4.5858296948460486        24.469761457058105        2.5000000000000000                1
   5.3989395880856366        5.4940612440307097        10.740308148316171        2.5000000000000000                1
   5.6761689393387389        4.9677521223254075        30.073088452960885        2.5000000000000000                1
   4.8143180335849936        3.8149781798346458        38.187972482097706        2.5000000000000000                1
   4.5892433623491007        4.9792855931385605       0.41770914518869984        2.5000000000000000                1
   4.6923927593301489        3.9440527628598891        16.529178154237165        2.5000000000000000                1
   5.5923313488276234        4.9753094584349977        33.788287793280659        2.5000000000000000                1
   4.3602107911254944        5.5454622168456780        6.4673658166554073        2.5000000000000000                1
   4.2068279258057313        4.1767303793812864        12.700146319189420        2.5000000000000000                1
   3.8033198058013724        4.9030288378140989        36.009868489172135        2.5000000000000000                1
   3.8269515158317979        4.9479507611623319        27.327882307585476        2.5000000000000000                1
   4.6426355601275313        5.6126070926483482        26.843819168802209        2.5000000000000000                1
   5.6577538448276377        5.1638151824490155        18.712705708512424        2.5000000000000000                1
