     1000000
           1
  0.10000000149011612     
   6.7873565721081901        8.0480204403243629        37.232827618617343        2.0000000000000000                1
   7.8826146149293059        5.7566845480214335        38.198300793561330        2.0000000000000000                1
   6.7052931121357373        4.8877671302434988        26.706400327896212        2.0000000000000000                1
   6.5317710923919838        3.1470408771319174        21.097056404954216        2.0000000000000000                1
   6.8407462475160141        4.9377294050361957        22.082269951297047        2.0000000000000000                1
   4.6167332345966834        3.6421250165040124        25.185818428441831        2.0000000000000000                1
   4.3396825442026321        3.8037970192530621        20.727091056291236        2.0000000000000000                1
   5.4475495875503777        5.2673339186196024        37.008708030858287        2.0000000000000000                1
   6.3941913360929847        5.9663498907187158        24.093704309818936        2.0000000000000000                1
   7.8138912843669619        9.7130317769870906        6.1530242339135359        2.0000000000000000                1
   7.6684062551169880        5.4292859009929968        26.864631246364191        2.0000000000000000                1
   4.6740020545052321        4.9838467618163600        12.410303256488826        2.0000000000000000                1
   5.4265799156326766        9.8181589198846719        25.514965716273650        2.0000000000000000                1
   8.0334510044178682        6.7964424950545226        14.118339163713994        2.0000000000000000                1
   3.9326028681954495        4.2440419636251550        29.264463397037087        2.0000000000000000                1
   3.7034277064238514        4.8424389814563433        33.567689203882018        2.0000000000000000                1
   7.9258590702017209        7.2379805945660856        25.630764408921081        2.0000000000000000                1
   7.0969823341671541        3.0842300808318419        36.228105551939649        2.0000000000000000                1
   8.2656806553563982        3.7900663331356075        16.881907723334244        2.0000000000000000                1
   9.7935437428477794        5.6439435625830106        13.083686313633049        2.0000000000000000                1
   5.8972690141658379        8.0357742791071463        37.693983156108203        2.0000000000000000                1
   9.6769742930779579        7.5697729493759747        11.052405168978426        2.0000000000000000                1
   6.5148886392406924        3.0370353961171963        27.570452969313322        2.0000000000000000                1
   3.6311151694694273        4.7338132123909977        35.711631845361481        2.0000000000000000                1
   5.5280824811664058        5.3977962677449129        8.6098959581777894        2.0000000000000000                1
   9.8822945893172989        7.3077570644443490        6.6633004648326439        2.0000000000000000                1
   3.3121895028528789        6.5242570790071017        20.358742828243969        2.0000000000000000                1
   3.8324165007361768        4.2495576879533692        12.512253892532780        2.0000000000000000                1
   4.9773124477122943        7.1768365746565292        12.012567145314518        2.0000000000000000                1
   3.3571733067752625        5.5524163343703288       0.29605801403755061        2.0000000000000000                1
   5.8736070268599265        3.0747655358743544        12.419286505795352        2.0000000000000000                1
   7.9871011973072656        7.2645612811631635        3.3240938827352791        2.0000000000000000                1
   9.7039052988288805        5.4620204352886299        39.566813859581877        2.0000000000000000                1
   4.8630266543631899        9.5532823233005058        5.3290475655524183        2.0000000000000000                1
   3.5965933733848297        4.7497910310041425        8.4185149316604289        2.0000000000000000                1
   3.4667108321654996        8.1954994853034240        36.728778889866824        2.0000000000000000                1
   7.7124025434389694        3.2305484657949894        25.470481315716267        2.0000000000000000                1
   4.5874790915992731        5.0065268556836866        10.345775262678689        2.0000000000000000                1
   8.6088636313335112        9.2719274778862477        27.247523658099297        2.0000000000000000                1
   5.3410839556777177        3.2503129849880672        16.554026385510738        2.0000000000000000                1
   8.0721920597868131        9.4972060687187003        12.585608543457445        2.0000000000000000                1
   6.1873493450619099        9.9722549814746504        19.119138289897727        2.0000000000000000                1
   8.6851135066034768        9.0987765625223638        4.4070695842127279        2.0000000000000000                1
   8.2665296406338626        3.4995527428046249        14.854825985378257        2.0000000000000000                1
   3.0529718086962081        6.5434114995753356        26.665666698236542        2.0000000000000000                1
   5.0943244672246815        5.8287991809901731        19.460945237461743        2.0000000000000000                1
   9.6970112484889910        7.5340075106350168        39.815602157931806        2.0000000000000000                1
   4.5330606382843612        9.2030807093696207        25.880017172720812        2.0000000000000000                1
   6.6498772027349329        5.4145716188357831        28.668200821908368        2.0000000000000000                1
   4.9764597723005446        3.4418104467849737        14.185680163004330        2.0000000000000000                1
   3.6043332433095792        8.1793276940913096        13.122185692957315        2.0000000000000000                1
   5.7142026260560090        7.8869748849366346        35.487010254655793        2.0000000000000000                1
   7.7728807038381698        7.6829153512218680        19.155384782595753        2.0000000000000000                1
   9.9728180710550127        6.6474193738027676       0.46879111652593164        2.0000000000000000                1
   7.6638194171866383        7.1174257052663235        29.777167341756179        2.0000000000000000                1
   4.5724396843364410        9.3267176150764683        17.444686741997035        2.0000000000000000                1
   9.4371204334890280        4.6758567667180539        32.798856848693475        2.0000000000000000                1
   7.8945194043664513        6.0808791223591507        7.6491168590979317        2.0000000000000000                1
   3.5838389999387781        5.2755208596547218        28.988717234812736        2.0000000000000000                1
   3.1008101852317620        6.5981089542906028        4.5596961191304173        2.0000000000000000                1
   8.9724031350067914        8.9042615819184121        17.812081353199599        2.0000000000000000                1
   8.4323417697920586        3.7002103230021404        28.040434108200571        2.0000000000000000                1
   5.4094083442013181        9.7613828216903116        17.088488488507569        2.0000000000000000                1
   4.8175527450508469        9.4177700295485796        21.420144116761161        2.0000000000000000                1
   4.8885641939636715        7.0668581640541692        23.166903163968531        2.0000000000000000                1
   9.1513293867023791        8.7274868555564442        33.445771749556506        2.0000000000000000                1
   7.9902594466630825        5.8561752717722602        12.184723661741389        2.0000000000000000                1
   5.4532825189216387        5.2130855562973260        26.162272752121570        2.0000000000000000                1
   5.8675387983063834        3.3240795261483882        37.883900433668103        2.0000000000000000                1
   5.5574525665155621        5.1165572663952572        28.443905021891606        2.0000000000000000                1
   9.7767703489784754        7.6671951434679491        37.707271032661538        2.0000000000000000                1
   3.9512408754546513        8.7305097240813510        21.666196860136370        2.0000000000000000                1
   3.5689211245223533        8.3943282351495618        19.544441485076010        2.0000000000000000                1
   4.9872445312733777        5.5424840587798574        21.586489820672433        2.0000000000000000                1
   3.4554449835177636        8.1369827502852861        6.0506689030654472        2.0000000000000000                1
   9.9006567639578371        6.6842734178890568        13.028237506624105        2.0000000000000000                1
   6.0266522864844392        5.1587765122600402        1.8761614442801064        2.0000000000000000                1
   8.9360181241779060        4.1825362328819509        8.5089388132079389        2.0000000000000000                1
   7.7691008090220652        3.3217704434267934        10.315841074260623        2.0000000000000000                1
   4.5348859073494516        3.6635796392505684        27.214876432855707        2.0000000000000000                1
   5.4462267066281580        3.2267983188220266        4.5698973090222569E-002   2.0000000000000000                1
   7.5915299710759196        9.7925005336880329        23.102136712312088        2.0000000000000000                1
   3.4962827272697701        7.7845079870546741        8.8343511146342024        2.0000000000000000                1
   6.0461427215896295        3.0387023464740426        5.5116769169537267        2.0000000000000000                1
   9.9032504240405537        5.7104253291071201        37.241261084394310        2.0000000000000000                1
   4.2340382073991245        3.9519979683945698        33.749912875405165        2.0000000000000000                1
   6.5005550978182987        8.3182909961922391        13.576760620768914        2.0000000000000000                1
   9.2641644991604668        4.6123515155628390        10.809152094117774        2.0000000000000000                1
   5.7126486430793095        7.2781169208647141        22.509756309573810        2.0000000000000000                1
   3.6263199002736446        4.5254950776924092        20.410887802071237        2.0000000000000000                1
   5.1048928120652493        5.9082997224963236        32.428838524045922        2.0000000000000000                1
   8.3156835107349210        3.5908793879484242        36.174876324862410        2.0000000000000000                1
   4.8628093490174740        9.5549269952478681        30.088315452492370        2.0000000000000000                1
   3.1554255549626964        6.7066599351164049        32.753540440949273        2.0000000000000000                1
   4.9700349835956530        6.7621764363372101        29.450434679451469        2.0000000000000000                1
   7.5598623451993845        3.2975074195772640        27.700605157838890        2.0000000000000000                1
   7.8138735853410894        9.7227045391280456       0.30835940030554460        2.0000000000000000                1
   4.8495299273651540        6.9021591710215562        16.270163758915849        2.0000000000000000                1
   9.2312138027293642        8.6711375623901112        25.055632052755389        2.0000000000000000                1
   6.6775398462380080        4.8596851783693680        33.092525471787525        2.0000000000000000                1
   4.4693438802549865        9.0521412312803005        27.986312668864194        2.0000000000000000                1
   9.6952878728065830        5.3923297923541789        21.917452957067418        2.0000000000000000                1
   4.7690078940395333        7.4547338038326121       0.41797822124079348        2.0000000000000000                1
   9.9074089738693356        6.6955243014686205        37.437405477596720        2.0000000000000000                1
   5.6613652190404675        7.4956685547525348        29.228546686710320        2.0000000000000000                1
   5.8020145813855164        9.8605711022086275        29.739121761891727        2.0000000000000000                1
   3.0442578387071841        7.0035593137737964        30.715796031865352        2.0000000000000000                1
   3.1545477183147552        6.6989489983339263        35.419542592693858        2.0000000000000000                1
   4.9351002027867015        6.6684338244534125        31.692408287237178        2.0000000000000000                1
   3.2023023705509530        7.5165661619569359        4.0182995380243671        2.0000000000000000                1
   5.9571340434750200        3.2877583566796651        31.734447080654924        2.0000000000000000                1
   8.8752729932380579        9.0695161524166483        20.304095517387452        2.0000000000000000                1
   7.0513014401836642        9.9419079301386066        12.422366871509201        2.0000000000000000                1
   8.3956279865395125        9.4316589234223631        25.119059103319408        2.0000000000000000                1
   9.5214637119086767        5.0556647508637482        8.8370942484907857        2.0000000000000000                1
   8.0481053797376259        5.8355842437871379        16.384385227103174        2.0000000000000000                1
   8.2206302296301210        6.8851777827939564        9.8492713825832006        2.0000000000000000                1
   4.6643585799426397        9.1494973242847131        23.642678473653724        2.0000000000000000                1
   3.1837319394906478        7.4502099085903550        24.288263356590171        2.0000000000000000                1
   6.5164069281302472        9.6580741867141224        16.780907541693466        2.0000000000000000                1
   3.2047117115801376        7.3985760189598304        19.871792327485256        2.0000000000000000                1
   8.1797215594358619        6.2077405249445228        20.811510673393421        2.0000000000000000                1
   7.1737206394165502        9.9182074608830799        8.0578370356852815        2.0000000000000000                1
   7.5229052352183423        3.2055896098561831        21.277915047010339        2.0000000000000000                1
   7.4655435702280597        9.7463753726692737        16.228326795165042        2.0000000000000000                1
   9.8460473951940113        7.2875094144686559        28.761749317217287        2.0000000000000000                1
   7.0796372879058982        9.9283716364221508        39.413115759460908        2.0000000000000000                1
   9.2462811429334799        8.1725591989393358        29.055011079563030        2.0000000000000000                1
   7.9799540623582823        6.1980393135889003        31.767768319824995        2.0000000000000000                1
   9.9443911235758602        6.3065837041502038        28.476329995147552        2.0000000000000000                1
   4.2873596767941669        9.1942102500489344        3.4426541252840299        2.0000000000000000                1
   6.5294654398015934        7.9864540750038771        22.265084340211772        2.0000000000000000                1
   6.4594422993961604        9.9404207511813141        38.165556734266715        2.0000000000000000                1
   8.5199804466958273        3.7665059546473247        25.816793376461060        2.0000000000000000                1
   6.5512051429787439        9.9709519151070456        27.617851923573056        2.0000000000000000                1
   5.0337494578939488        7.1086128858416640        9.9897176061716486        2.0000000000000000                1
   4.3288737526077501        9.0684156598720360        36.532456290014828        2.0000000000000000                1
   7.2344964740192674        9.8771552782341896        3.1870641180513841        2.0000000000000000                1
   5.6894201825717650        7.9745735821383601        4.3637437153017160        2.0000000000000000                1
   6.1314626620834725        7.1657715812860650        26.761031505450614        2.0000000000000000                1
   4.4218811375840650        9.3059881303465115        38.617230115371477        2.0000000000000000                1
   7.8032866675702417        5.0079898951473805       0.17532418348974838        2.0000000000000000                1
   5.9976431670035408        6.5202801279873235        12.353028153470252        2.0000000000000000                1
   7.9545032165607132        7.1117137381037852        32.301588016673584        2.0000000000000000                1
   7.0385887496876816        4.8061597723759286        4.4778011518790253        2.0000000000000000                1
   8.1170972751667279        6.7211605426156673        38.886453286768862        2.0000000000000000                1
   3.0569785852903779        6.2962450403549761        10.986674588624874        2.0000000000000000                1
   9.7879353948170511        7.4618429885643289        26.725776155026878        2.0000000000000000                1
   5.8147921468920005        3.5165195008807206        9.5694227374148024        2.0000000000000000                1
   7.9006359095382148        6.7842158060935427        18.703822457941534        2.0000000000000000                1
   5.7201630496343698        9.8863763172211563        21.354893374428855        2.0000000000000000                1
   7.3682121146016248        7.6867671466574627        15.822876074513010        2.0000000000000000                1
   9.2721952648591781        8.4664450886102642        10.636006215096973        2.0000000000000000                1
   6.2241209029753826        5.7554040375099822        15.331545368840935        2.0000000000000000                1
   4.4205536942521917        9.2904784383207897        34.476851718541212        2.0000000000000000                1
   8.2533620657132065        9.5193006567540390        35.905266761229271        2.0000000000000000                1
   3.0546380163455629        6.3751204832920312        2.3493506083870064        2.0000000000000000                1
   7.8498825059883872        5.9134050359932235        9.8956622702747730        2.0000000000000000                1
   5.6094317051115379        3.1550643937291207        29.625340259111205        2.0000000000000000                1
   7.3370681755932097        5.1138503169856397        9.4617201803695234        2.0000000000000000                1
   3.4786498310563152        8.2350108343522983        15.173809603230985        2.0000000000000000                1
   9.2161236766327477        8.5974599628997321        31.283944222127790        2.0000000000000000                1
   3.2447182726262440        5.4778988717248609        18.448992092543211        2.0000000000000000                1
   9.1060440155949713        4.8046086407328108        3.6811561631059999        2.0000000000000000                1
   9.7681006526184024        6.0869778590416370        8.5970686946118224        2.0000000000000000                1
   3.6412123816909125        8.3822856884761183        3.5616033141551640        2.0000000000000000                1
   5.2612034964032857        7.5743157966663315        18.398852513940660        2.0000000000000000                1
   9.9584550629374533        6.4154366429130976        22.081403743933592        2.0000000000000000                1
   4.6987243291323244        3.5821299555301551        29.490888753696936        2.0000000000000000                1
