     1000000
           1
  0.10000000149011612     
   4.7135046957393820        9.4652389269806481        16.023451763179501        2.0000000000000000                1
   8.0385115644414729        3.3620751031497003        9.3461156574520352        2.0000000000000000                1
   6.7012615070361239        8.1282788424723567        38.813259905354776        2.0000000000000000                1
   5.0893969745499188        5.5131486105812382        20.119074823171566        2.0000000000000000                1
   4.8200835292219057        9.4208817240501670        29.462107843880837        2.0000000000000000                1
   8.2384331757390186        3.5458021175804011        5.3416848523350300        2.0000000000000000                1
   4.0304249778436114        8.8965144477304268        35.829856552232499        2.0000000000000000                1
   6.9717454963313488        4.8205289427938789        10.456509116832228        2.0000000000000000                1
   9.6949650419118445        5.0765194889246166        39.216445353233766        2.0000000000000000                1
   3.9014520527585748        8.6900036188376131        16.187031608214209        2.0000000000000000                1
   7.3691749317659916        3.1184635760162687        13.935591686159549        2.0000000000000000                1
   9.7566473949898871        6.5717345634348749        7.7003288240374008        2.0000000000000000                1
   5.9182367192233043        3.0754580875859823        31.190940111292200        2.0000000000000000                1
   9.9944874309964860        6.3946288634133674        35.040211887839234        2.0000000000000000                1
   4.7922522738964677        6.9304480442680649        24.195365096524196        2.0000000000000000                1
   4.3852290491582346        4.0308384041995016        39.880029356765291        2.0000000000000000                1
   4.3748533276994550        7.7374192805271500        13.592787129714450        2.0000000000000000                1
   3.1591155423309005        6.0218756837574610        10.323254617232344        2.0000000000000000                1
   6.9016268654941522        3.0726633343918772        29.033520751490364        2.0000000000000000                1
   9.4130451109274240        7.3959061415367175        33.192090444049008        2.0000000000000000                1
   7.1170899754260093        4.7180590573821766        30.160183381334502        2.0000000000000000                1
   6.4475080609639557        5.4946335000625650        36.866299121364577        2.0000000000000000                1
   4.1112035487955962        8.9226215602490484        31.407024514812324        2.0000000000000000                1
   5.0771822488502751        9.5556141900968878        11.752309013318619        2.0000000000000000                1
   3.3355895275672376        7.2211101542566887        34.861122780213968        2.0000000000000000                1
   5.8868152653463790        9.7402363807911989        27.012277183730120        2.0000000000000000                1
   7.2557829294018523        9.8446779883863105        37.905344407053960        2.0000000000000000                1
   3.9850620862012898        4.2431436647600291        26.520418767610842        2.0000000000000000                1
   9.0658370272971194        4.1468708492040260        5.1427793049083945        2.0000000000000000                1
   4.8554419481681315        9.4562389505883839        23.020925124099321        2.0000000000000000                1
   5.3413733898362858        5.4051563717477018        9.3121276080160094        2.0000000000000000                1
   6.3529248713948663        3.1084807013595142        14.175210896235695        2.0000000000000000                1
   5.7645858247117792        7.9204860314966714        36.811887489861292        2.0000000000000000                1
   3.1883545608299735        6.8803190888434438        29.932308812680333        2.0000000000000000                1
   3.0391177431568610        6.9656190878585891        27.853859465414860        2.0000000000000000                1
   8.0485374226206101        7.1071583528557776        26.974428860920739        2.0000000000000000                1
   4.7357227672188413        9.4320144565670372        33.826389198418958        2.0000000000000000                1
   9.9707229851365202        6.8491124601272215        9.9326527830855937        2.0000000000000000                1
   9.2195078653291826        8.5955639876992702        13.193648776902601        2.0000000000000000                1
   7.0669488837200785        5.0885243138641414        4.1487386778454169        2.0000000000000000                1
   5.0340502974917634        9.6594585419132084        31.495919210351161        2.0000000000000000                1
   3.4273706361258141        5.3502225732736832        1.9568683644110882        2.0000000000000000                1
   4.2861476384625528        8.7810989213282618        24.864471058744975        2.0000000000000000                1
   9.0149494055218238        8.4311093424726131        11.049278372687141        2.0000000000000000                1
   6.9122943632511484        6.6566884526773231        20.362808104817784        2.0000000000000000                1
   6.7522394836991353        4.7751394705530474        39.322606771236636        2.0000000000000000                1
   5.6852205166253018        3.1049932828533748        20.418820932788101        2.0000000000000000                1
   6.4462993087700555        7.7197515546980187        32.544563346215355        2.0000000000000000                1
   8.0054552016551082        3.3474688905958172        28.851105841070289        2.0000000000000000                1
   5.3173597351679192        3.3191998086693126        14.219564246641147        2.0000000000000000                1
   8.1368079117907772        9.5090217497402811        31.276118159924554        2.0000000000000000                1
   7.2556480755482591        6.3745761384213520        28.996657228713676        2.0000000000000000                1
   3.0261674057783519        6.5989089775919849        3.7016237634469662        2.0000000000000000                1
   4.8627540622312235        6.0713139702315138        18.133717914444883        2.0000000000000000                1
   7.4191538374577277        5.1692929752475942        25.878978179818397        2.0000000000000000                1
   7.8687136903135055        3.3597785337051502        26.734995505583939        2.0000000000000000                1
   5.5945269428306652        6.3287276535577606        7.3220219776295803        2.0000000000000000                1
   3.3500088896625169        5.1259602891633405        23.788829736476078        2.0000000000000000                1
   4.1798765738507253        8.6219641433413745        5.5425565285052318        2.0000000000000000                1
   8.9318321100174813        8.7969875589219342        24.699591565595082        2.0000000000000000                1
   5.8784681263023266        7.9175448572556935        3.7559611794994918        2.0000000000000000                1
   9.1252492997740813        8.7707036065484179        6.4310861705930558        2.0000000000000000                1
   3.4969479856685046        7.9004543551289022        18.453036353319231        2.0000000000000000                1
   4.8987461325805572        6.4623230849876210        21.922718488451110        2.0000000000000000                1
   9.9342050516196370        6.0434084517166999        14.171226888230533        2.0000000000000000                1
   4.4529866497877624        9.1914652486410215        7.7357028603829905        2.0000000000000000                1
   4.8970027603944351        7.1426453887916663        26.255103062005873        2.0000000000000000                1
   6.5358156140797554        4.7036115194163264        21.520496180105244        2.0000000000000000                1
   5.4254806338049262        3.1738409622394679        22.495930409684320        2.0000000000000000                1
   7.9278239330976668        8.2943196881874588        19.357851937372814        2.0000000000000000                1
   9.5381238981852228        4.7677106478597890        31.757960030412217        2.0000000000000000                1
   7.4112653599161682        3.1634434974648249        35.708628190829323        2.0000000000000000                1
   6.7956428064695116        7.7351992883065792        39.729068899521536        2.0000000000000000                1
   3.1385710986682058        5.9328210692099059        23.117900080396069        2.0000000000000000                1
   9.1088821116515710        7.7569443569107088        29.103674214075777        2.0000000000000000                1
   8.6589789511803019        8.8207291342738063        4.4179252002692158        2.0000000000000000                1
   5.6749922709907583        3.1505904422131668        24.554827628461290        2.0000000000000000                1
   8.0234205747374929        6.6203727815199001        38.421754605827395        2.0000000000000000                1
   6.6532503557068035        3.1027251621516077        24.775965512472091        2.0000000000000000                1
   7.1457336023150404        7.8381869713416226        12.210345995714816        2.0000000000000000                1
   7.8309217252689383        6.0307343586473170        33.154505523404630        2.0000000000000000                1
   6.5851328148948527        3.0573699553395977        22.666441129375627        2.0000000000000000                1
   3.9528030923007673        8.6298848594530764        29.187974876307745        2.0000000000000000                1
   7.2605087495267995        3.1134983857371323        5.3305522783999333        2.0000000000000000                1
   7.0049610048965762        3.0743500712605236        18.343098925811045        2.0000000000000000                1
   6.1883798649699191        7.2136536202982198        19.651746870802580        2.0000000000000000                1
   5.5942737387369768        9.8668241378538202        33.506500131164820        2.0000000000000000                1
   7.8603607045438366        5.5962225284011247        6.2177084753957299        2.0000000000000000                1
   4.3994836438603429        3.8871715154096731        4.1482521094152647        2.0000000000000000                1
   3.4413665451747728        8.1731597235635434        31.589766323345390        2.0000000000000000                1
   6.8724702617122970        4.8393256272430829        12.604471962080428        2.0000000000000000                1
   4.4471624209495406        9.2038562938326862        38.370543110084647        2.0000000000000000                1
   9.4822545265155505        8.0566471165255749        15.215882100318158        2.0000000000000000                1
   6.7203742348544315        9.8074465175012939        4.5869742766626729        2.0000000000000000                1
   5.6726926490998979        6.4576108245869008        11.498677180292344        2.0000000000000000                1
   3.4204322743836015        8.0443061023347688        23.208779635085264        2.0000000000000000                1
   3.4464258938376902        4.9451981963851832        26.041140479261188        2.0000000000000000                1
   8.1244465633416016        3.4526146713257511       0.78408551284102368        2.0000000000000000                1
   6.5271799840406404        9.9039014299754502        14.203483951472519        2.0000000000000000                1
   7.9061020300669869        6.2478893363631540        22.655184272408643        2.0000000000000000                1
   7.0019488258380687        4.8238273668482980        19.375607983861659        2.0000000000000000                1
   7.9408873545181136        7.1862251727810742        14.141279095422465        2.0000000000000000                1
   7.3007906225181047        9.8409782345736101        13.357493012654968        2.0000000000000000                1
   7.1865591169237026        4.8953013367262281        37.373461404331636        2.0000000000000000                1
   3.9802569601483366        4.0981798762918062        28.596719307989982        2.0000000000000000                1
   9.9805697062867988        6.4178749466474718        21.733980071208411        2.0000000000000000                1
   5.0503034766619459        6.0607782827375303        33.886028979539233        2.0000000000000000                1
   9.4649154815054022        4.7591528923892970        11.604667159727498        2.0000000000000000                1
   8.1953898434741088        9.5524554766209988        29.046066567930680        2.0000000000000000                1
   9.7199247466605669        7.3344434742405973        21.415526010924314        2.0000000000000000                1
   3.1095760021988825        7.0356923530644488        18.772890405878929        2.0000000000000000                1
   8.2681681266909948        6.6801271648591589        36.382557939776632        2.0000000000000000                1
   5.7920139226552330        7.3239082404531484        24.006373610448289        2.0000000000000000                1
   7.6888681258542322        5.5176977053526013        12.890955842943749        2.0000000000000000                1
   8.4432251767849795        9.3416351555281771        9.2966994973647008        2.0000000000000000                1
   3.0658757006336699        6.0304142695006249        19.097384104350972        2.0000000000000000                1
   3.1603424099429773        6.9809663105655595        9.9576535542891822        2.0000000000000000                1
   7.9445520460281882        6.4098339444987786        31.124483249531959        2.0000000000000000                1
   7.4913101242258904        7.9440405471060815        32.371151758699902        2.0000000000000000                1
   6.1305788538183306        3.0365819919713055       0.42801978984002698        2.0000000000000000                1
   5.8230095103247512        9.8601802702865484        22.787206791389156        2.0000000000000000                1
   3.4693038346071834        4.8875002904403138        12.331266591594485        2.0000000000000000                1
   3.0558652864028022        6.4840154910536043        32.593933933970334        2.0000000000000000                1
   5.2979133082613767        5.3924218503031653        5.1755983974797033        2.0000000000000000                1
   5.9231753432585910        7.8707789693404919        30.449390322995086        2.0000000000000000                1
   9.9791878067284614        6.5619525993430106        16.904479584882367        2.0000000000000000                1
   3.0307842183113856        6.4414521162288585        37.181412500189261        2.0000000000000000                1
   9.2981534421224090        8.0725203551037961        20.833674687891811        2.0000000000000000                1
   4.4211016907360596        9.2545826970026006        3.0322572376317418        2.0000000000000000                1
   4.9517198142064309        6.8618388497460376       0.25068391948160906        2.0000000000000000                1
   8.5366798369686396        9.3351569753621462        35.395243459056019        2.0000000000000000                1
   9.8782597847001821        5.9695887188829344        1.1770224313354187        2.0000000000000000                1
   6.9425049922429558        8.0179156743412090        5.5158178453287201        2.0000000000000000                1
   9.9038806844862322        5.7841884354877173        9.7411736416731678        2.0000000000000000                1
   6.8100471110127181        5.0543953180028502        34.704277534103987        2.0000000000000000                1
   5.0354709291161930        7.4755718173512102        8.8981530982850430        2.0000000000000000                1
   8.0898678761153988        9.5559145549057281        4.7907416584555609        2.0000000000000000                1
   8.7721169214430450        9.1591028415940485        22.616360888530224        2.0000000000000000                1
   7.3772602871552193        9.8221730550493103        2.6622933020088135        2.0000000000000000                1
   6.4546794259412241        4.9480774030830830        17.194615939738721        2.0000000000000000                1
   6.0476867086029733        5.9305676356402337        31.613893568453598        2.0000000000000000                1
   7.7661005353872321        3.2899001711952924        24.658701509299682        2.0000000000000000                1
   9.9487992525625089        6.5974148510325534        19.554136882486947        2.0000000000000000                1
   6.9640136515772149        3.1329410583529622        31.411148377387729        2.0000000000000000                1
   5.3565495721184853        9.7717524382245973        2.9094807008313066        2.0000000000000000                1
   9.6287264166092612        7.9995518551713918        37.141470312025099        2.0000000000000000                1
   9.5980853600470812        5.0702826758685902        36.744470458411072        2.0000000000000000                1
   5.0520261453888846        7.3356456993279018        30.540020237947086        2.0000000000000000                1
   6.7281568172721169        9.9210763823190433        33.019326386845236        2.0000000000000000                1
   4.5656714847514079        3.6124430727373582        32.821010673764924        2.0000000000000000                1
   7.0695282828534776        4.9649867271916532        6.1958734326090124        2.0000000000000000                1
   3.1943459539061809        7.0402374962018168        12.087927653109189        2.0000000000000000                1
   6.9521416432583747        8.0428217884038595        30.283219604695692        2.0000000000000000                1
   8.0056541216325847        6.5680645649893554        20.392247114184578        2.0000000000000000                1
   8.0823462475002188        8.1343364149177066        1.8316710756501544        2.0000000000000000                1
   4.0707469018612299        8.7832219583135096        22.600699605845449        2.0000000000000000                1
   6.3032676977376534        3.0193167319944920        35.932534808309825        2.0000000000000000                1
   3.2322505644081230        6.0375348139297698        25.621883485787446        2.0000000000000000                1
   4.7515430563639240        6.2080677662131798        15.853241644293558        2.0000000000000000                1
   7.2228629598275340        7.9520736556325353        10.128536400554191        2.0000000000000000                1
   8.8557375820437851        8.8635617956247081        39.558062196443629        2.0000000000000000                1
   3.1156659625093535        6.3928773036711091        14.664482049395147        2.0000000000000000                1
   5.5971416972089925        3.3592938668228518        9.0729300156123358        2.0000000000000000                1
   4.6386867147885731        3.9044086641876876        37.669667020817116        2.0000000000000000                1
   5.8978563124541434        5.3569671606711156        34.136477532461079        2.0000000000000000                1
   7.4319184417162019        7.9044057142619506        34.429298378679995        2.0000000000000000                1
   8.7393019319678391        3.8335550428379488        29.348548848108621        2.0000000000000000                1
   6.3720842110275644        7.0913812673371179        1.7438157221391097        2.0000000000000000                1
   7.7927774306858479        7.5894331406433411        36.461383724462117        2.0000000000000000                1
   8.7056428295688626        9.1495690107850276        19.160992886134238        2.0000000000000000                1
   9.9008810206788773        7.1481468315958878        1.2041734297495565        2.0000000000000000                1
   5.2110781158168926        7.5492546509951968        19.484031072241422        2.0000000000000000                1
   7.4702067601225020        9.8369940204364905        7.2596365903073048        2.0000000000000000                1
   3.7667017538831269        8.5995692235455916        3.4606530293379958        2.0000000000000000                1
   6.0610035040232466        6.4076827211630727        13.712129430977139        2.0000000000000000                1
   7.1417237811045133        3.0837346974354300       0.55325918607534996        2.0000000000000000                1
   8.9435062874140918        4.1385349231197628        1.1209264975694664        2.0000000000000000                1
   5.8817702130372478        3.1262163747957374        12.225270173916538        2.0000000000000000                1
   8.5209679053593792        8.0304843959256864        27.147225597668147        2.0000000000000000                1
   6.3303998800537160        7.9994358162345547        17.628918956251656        2.0000000000000000                1
   3.3620951014659965        5.3284292300221372        8.1514178372207233        2.0000000000000000                1
   9.4967678824360764        8.2555469767251104        3.7094752161958584        2.0000000000000000                1
   3.0682787483837735        7.0947244618608138        6.2216685616067506        2.0000000000000000                1
   5.8271106242074113        9.7997423422574705        5.3073125619831067        2.0000000000000000                1
   8.4955356491474880        4.0087589067187546        24.652409865160294        2.0000000000000000                1
   5.7308331903066767        3.1431647807835792        6.7624659771585414        2.0000000000000000                1
   4.7342496414070805        3.4828262205790388        20.404058813679484        2.0000000000000000                1
   7.6656845088695027        3.2823152875095505        7.3595612529680725        2.0000000000000000                1
   8.0707705417079225        9.5992641818702804        15.640207137709369        2.0000000000000000                1
   4.8950581579345558        3.4335645284593794        6.1389302258807845        2.0000000000000000                1
   3.5660151714580315        4.8374316793520578        16.726736095413376        2.0000000000000000                1
   9.9853276476954047        6.5178426922940185        27.684934111202498        2.0000000000000000                1
   3.2752864248506173        7.8340610941948077        39.297728136282025        2.0000000000000000                1
   3.8291897904098908        8.7437983040404674        20.333481243565611        2.0000000000000000                1
   9.5361117682474372        4.8824852818578330        18.002968271663455        2.0000000000000000                1
   9.5347248598412833        8.0597115396133390        31.290347201732711        2.0000000000000000                1
   8.9051199420650011        8.8495421285732281        1.5858022826971867        2.0000000000000000                1
   5.1922343782597835        7.4807684367252856        21.541604501762741        2.0000000000000000                1
   7.0005599009259969        9.8867209305958941        1.7215232412356722        2.0000000000000000                1
   5.1321630261571825        5.6517380420188355        38.518512801577671        2.0000000000000000                1
   9.7936925313881034        7.0551909463653475        5.6052298680326880        2.0000000000000000                1
   9.8961264884179236        5.9464475624408024        37.381951560246442        2.0000000000000000                1
   9.8603457166170099        5.5313102106299565        19.881203217674095        2.0000000000000000                1
   3.1117785576029422        6.0687166925879623        12.328794795858052        2.0000000000000000                1
   3.9209871901099635        4.1795586753524683        8.2061507912588461        2.0000000000000000                1
   8.3348752493251563        6.3375612435926341        11.010395355734710        2.0000000000000000                1
   4.8915459430116082        6.3876669601359914        5.0385278682849446        2.0000000000000000                1
   3.0191084561621659        6.4418180841031436        1.3859259090437912        2.0000000000000000                1
   8.1678305765804406        6.3219753656149109        13.250560988038387        2.0000000000000000                1
   8.8541842853637078        4.0199928260460709        18.439507498485472        2.0000000000000000                1
   3.5197738843610602        4.8162118057476659        30.758141694289986        2.0000000000000000                1
   5.9450290761855378        8.2273177660372081        21.614469013674452        2.0000000000000000                1
   8.0223506682226482        9.4638308126025343        39.820898478456428        2.0000000000000000                1
   3.4510895624554365        4.9445759931682396        21.167856368489982        2.0000000000000000                1
   5.2545542061290273        5.4378017025007876        29.744490852785429        2.0000000000000000                1
   4.1635729387350038        8.9328872077690207        11.986944147078789        2.0000000000000000                1
   3.8027548277647312        4.3734365362000043        21.965382434062988        2.0000000000000000                1
   9.6173393876502082        4.9410919854372253        1.3375155175556102        2.0000000000000000                1
   6.4801248977382517        7.3219307053956753        34.527454381765686        2.0000000000000000                1
   3.4230120365387813        8.1661840934800605        25.247611252632414        2.0000000000000000                1
   5.7676798816806896        9.7515799748589949        29.063236310799258        2.0000000000000000                1
   5.1592764413022909        9.7303462756165811        37.860457785934528        2.0000000000000000                1
   6.6817289931654056        3.0271333344011722        20.366526876377108        2.0000000000000000                1
   8.1261839307033927        3.4444779572444109        16.541414322988345        2.0000000000000000                1
   9.2451003864899235        4.4450515091660092        25.369299074451092        2.0000000000000000                1
   8.1341924152925529        9.3867061130326466        37.687707295834237        2.0000000000000000                1
   5.9943155316464418        3.3270723008424770        18.357472246698581        2.0000000000000000                1
   6.4179747795636519        9.9423981391247960        7.3855261277942512        2.0000000000000000                1
   4.1766438554112737        8.9248282628154953        18.194364796413613        2.0000000000000000                1
   9.8841633441585284        5.7161242680462729        12.122027717605373        2.0000000000000000                1
   8.5484657277262706        3.9222025260208557        7.3433964267981047        2.0000000000000000                1
   5.8489565984037304        5.8214381477579886        17.619208599035705        2.0000000000000000                1
   5.9068340317247499        4.9849538083466634        19.613893045569242        2.0000000000000000                1
   3.9991836491497055        4.4226527813768310        24.179075847490310        2.0000000000000000                1
   8.3775903125027629        5.2637000639350893        27.740514709794876        2.0000000000000000                1
   4.9784452981848206        3.4184806871574409        30.673660611763570        2.0000000000000000                1
   9.8268611829811743        7.4400135727711234        35.169969930230671        2.0000000000000000                1
   9.4565203631552475        4.6309069954248105        22.775963659678254        2.0000000000000000                1
   9.5716624023974859        8.1723400528886909        39.403010024846324        2.0000000000000000                1
   8.5266010083612578        3.7171700968895887        33.808640909247472        2.0000000000000000                1
   8.1862329968375107        6.5128688373953674        8.9379249772476772        2.0000000000000000                1
   7.6758842516432049        9.7492823256205110        16.698667795485232        2.0000000000000000                1
   3.6787415329652582        4.5792587272378444        3.8850486595138274        2.0000000000000000                1
   6.0070245469618682        9.8272169331206047        24.804009933225004        2.0000000000000000                1
   9.0634997355514084        4.1625382356503691        36.347341649624241        2.0000000000000000                1
   9.9291232721587352        6.8521948381301634        12.243910322997998        2.0000000000000000                1
   4.8621709383453409        3.4948414471245663        18.360233854810790        2.0000000000000000                1
   8.2016683821074583        3.4473101425117405        36.416532442649647        2.0000000000000000                1
   3.1115915512164847        5.7170835579672650        30.280420096912074        2.0000000000000000                1
   9.7443933961215805        5.3509679186476280        23.433523209489231        2.0000000000000000                1
   5.1523690788432059        5.7664632587122933        13.322692070412973        2.0000000000000000                1
   6.0022683039353284        9.8843486151367568        39.736525968087484        2.0000000000000000                1
   6.6709195966651844        3.1766793576372763        7.3217255445994631        2.0000000000000000                1
   6.5696297439490987        8.1831381684976332        25.821948456491278        2.0000000000000000                1
