     1000000
           1
  0.10000000149011612     
   6.5316763568717642        7.3152976567891121        33.923148543414150        4.0000000000000000                1
   11.553768038785353        10.558949927420024        36.872948912270246        4.0000000000000000                1
   6.0305259622166858        8.5751055822272910        6.1921480885748537        4.0000000000000000                1
   10.460754163328030        11.591093467121505        19.092412488358356        4.0000000000000000                1
   11.790638796457472        8.0296263211385739        21.537278985799453        4.0000000000000000                1
   6.0490679559339853        9.4226449238827374        15.183643950390785        4.0000000000000000                1
   11.776710299565998        7.9761622985169680        28.433654934136602        4.0000000000000000                1
   7.9297438338992645        11.782788803209581        9.9658194633953574        4.0000000000000000                1
   10.779067662233979        11.332932983066243        7.1502047468220340        4.0000000000000000                1
   6.8554145756869715        10.994825282592821        22.619800092332490        4.0000000000000000                1
   6.6405853586850094        7.2505574520197449        11.828300320231623        4.0000000000000000                1
   10.240808768003207        11.707562531029096        36.978215281560885        4.0000000000000000                1
   11.858975880130023        8.1178993418647636        22.598065239889980        4.0000000000000000                1
   6.8344186970434651        11.007195303955729        6.1379434188870095        4.0000000000000000                1
   11.308866343710941        7.2049627634934277        21.046434664312571        4.0000000000000000                1
   7.4026200786303624        11.529754724541387        31.587913592037975        4.0000000000000000                1
   10.456271477333612        6.4133559935834548        26.015234750804051        4.0000000000000000                1
   6.3678428145656403        7.5789586767695143        23.450210933181172        4.0000000000000000                1
   11.923031400190649        9.5817553674270037        11.610002944443217        4.0000000000000000                1
   7.1681798321982377        11.270966320903323        18.635287608594890        4.0000000000000000                1
   8.1808880335110423        11.862686306454865        7.4618785631458859        4.0000000000000000                1
   7.1694218863871351        6.6714562591586040        11.167827389614009        4.0000000000000000                1
   11.785717516706853        10.104442483107398       0.38969591508781182        4.0000000000000000                1
   9.8920851599888451        11.859627745695132        24.113093293310683        4.0000000000000000                1
   11.701420235207488        7.6979771183688328        25.818167979785240        4.0000000000000000                1
   10.775749558018264        6.5964426835581174        13.358445698934551        4.0000000000000000                1
   9.1302871815261728        11.988617055486765        30.311770731371798        4.0000000000000000                1
   10.615528777017515        6.5003726443116321        27.176806168907397        4.0000000000000000                1
   11.929763607818098        8.3671412651790593        31.986670511547747        4.0000000000000000                1
   11.679144198273988        7.6741650981792393        34.016304734428182        4.0000000000000000                1
   6.3998610095180624        7.6234045936588748        6.9908903041766450        4.0000000000000000                1
   11.341429066584128        7.1848314681903354        12.774068373034018        4.0000000000000000                1
   11.340659578299807        7.1481074608773438        36.116356163104854        4.0000000000000000                1
   7.8234238512569041        11.730390218395959        34.511557879584970        4.0000000000000000                1
   6.1009853017274800        8.2426608901523046       0.73242436763505603        4.0000000000000000                1
   7.3776087644302892        10.520738197750825        31.399732459507899        4.0000000000000000                1
   6.8030264474075270        9.1683643402518928        25.602524584242246        4.0000000000000000                1
   10.703355844745385        6.5420730596922470        35.379013896920370        4.0000000000000000                1
   11.804447461446905        7.9467488514555953        13.288586307133839        4.0000000000000000                1
   11.439220298324047        10.716103103805734        38.418058881442875        4.0000000000000000                1
   8.9738606878836755        6.0070876233811763        12.346756563554830        4.0000000000000000                1
   9.7870802564350186        6.1256449781317235        3.1809321164271913        4.0000000000000000                1
   11.781456310194443        10.113787258561963        32.144540091028951        4.0000000000000000                1
   10.128945374455229        6.2342277271263793        30.272262309498920        4.0000000000000000                1
   8.6475926717862066        11.906047030367059        27.190116907551985        4.0000000000000000                1
   10.950703507537659        6.7772768041944005        29.894702503248070        4.0000000000000000                1
   11.420534952921837        10.760459311426811        30.144132829839968        4.0000000000000000                1
   10.611958328888919        7.5673160197144256        17.652250496872934        4.0000000000000000                1
   6.3701152388463766        10.394560199364498        37.180306432855502        4.0000000000000000                1
   6.0968616013724315        8.5346882093043419        29.756781364822611        4.0000000000000000                1
   6.2186028002798297        9.8672440744897916        10.320414501068793        4.0000000000000000                1
   8.6286569684580510        11.937051009122735        35.447281248003101        4.0000000000000000                1
   7.0603619285166923        11.285178695256205        11.521298083041595        4.0000000000000000                1
   11.004109027118968        11.163030389918935        27.986189597848096        4.0000000000000000                1
   7.3710089045153193        11.485386451609543        8.0094428848643151        4.0000000000000000                1
   6.3111257765874855        10.300821869076726        30.036364492317681        4.0000000000000000                1
   6.9263246667391671        11.165209296348852        28.060601695219049        4.0000000000000000                1
   11.873552011913988        8.3000098754535223       0.28753518952087631        4.0000000000000000                1
   6.9933640150386296        8.3158133342531695        12.052563646296488        4.0000000000000000                1
   9.5579754733301723        6.1404053795535809        32.578234574765062        4.0000000000000000                1
   6.0179033216333622        8.8397550027384764        3.8736289504448234        4.0000000000000000                1
   10.962249137536094        11.262677472520004        21.198727680901790        4.0000000000000000                1
   6.4847041387053332        7.4048567974812354        17.599691117874531        4.0000000000000000                1
   9.2976777076695480        6.0456055650382288        38.090901280258358        4.0000000000000000                1
   11.964806042395155        8.6733853113751174        34.890491215312004        4.0000000000000000                1
   7.4652786676938705        6.4469749130931557        29.007217417404306        4.0000000000000000                1
   11.856862651150758        9.8147670623465473        14.098443581151615        4.0000000000000000                1
   10.923433870489909        11.300613346021985        37.744306143092480        4.0000000000000000                1
   11.847384658753818        9.6870818335115860        28.156494392424744        4.0000000000000000                1
   9.7390248783515272        6.1525710309657313        11.475963023480094        4.0000000000000000                1
   6.9956221389725064        9.1035727622526590        21.215033397413073        4.0000000000000000                1
   10.688366074699376        6.5745848287112487        36.723395015486467        4.0000000000000000                1
   7.8876144789304838        6.2224826763302774        10.507740172162316        4.0000000000000000                1
   6.3757106068008262        10.401528470022001        37.133189866719420        4.0000000000000000                1
   6.1865032036006484        9.9799671356184323        25.309503511695883        4.0000000000000000                1
   11.103068264368991        11.094677932490599        19.687010957868122        4.0000000000000000                1
   10.645021136890444        6.5085634230687157        11.939217536235232        4.0000000000000000                1
   8.9958779555679751        6.0399763261983948        20.492047164232854        4.0000000000000000                1
   11.963953552431331        8.5409760973674089        33.431104977712266        4.0000000000000000                1
   6.1265069056104844        8.1473059435475452        18.338895801799730        4.0000000000000000                1
   11.096254535805254        11.122454226841771        34.873372534442353        4.0000000000000000                1
   8.5414787463630955        11.964419276164143        28.285665899466299        4.0000000000000000                1
   11.619603148280692        10.353753381592046        19.207844365593605        4.0000000000000000                1
   11.894456974425356        9.7831653948094299        21.268789337541776        4.0000000000000000                1
   8.7900354168135504        6.0338687055878539        2.9010675078973089        4.0000000000000000                1
   11.895566204677460        9.6842485666312381        4.7089200338536799        4.0000000000000000                1
   11.425874187976323        7.2368982972175537        13.974809635627967        4.0000000000000000                1
   10.358840694431578        6.3684588312560209        24.908841114366187        4.0000000000000000                1
   6.1524336870442395        8.1444274370194201        33.503404729376996        4.0000000000000000                1
   11.442501010321019        7.3112987385557062        15.279659102869104        4.0000000000000000                1
   11.784463628431535        7.8929746781262722        35.537029737974358        4.0000000000000000                1
   6.4270331998416248        7.4923976552953686        31.734950877433786        4.0000000000000000                1
   11.131130771436004        11.099612830843123        3.1137409062057322        4.0000000000000000                1
   6.5361635390955364        10.675632890120882        17.987401456964051        4.0000000000000000                1
   11.927633174789422        8.8098153968970756        20.832655758079973        4.0000000000000000                1
   6.2188912370450371        10.111240126775050        39.396480481415978        4.0000000000000000                1
   6.0667093297741506        8.9511474261109480        19.268751181623490        4.0000000000000000                1
   9.7917205180596287        6.1602413245354821        19.770706180607348        4.0000000000000000                1
   6.8921630396642435        6.8939272875146500        7.5120328610207245        4.0000000000000000                1
   11.191555113835358        11.018741870702415        33.745992348066416        4.0000000000000000                1
   6.1376294028334168        8.4383704725591340        16.003307643167748        4.0000000000000000                1
   6.7831910719243993        7.1061317468772014        13.276405806682504        4.0000000000000000                1
   6.3405704865770121        10.340092903517748        21.775438570185212        4.0000000000000000                1
   11.416082034891682        10.766595521921785        23.187788820420447        4.0000000000000000                1
   7.5676204977418875        6.3650613645374738        14.928507919641657        4.0000000000000000                1
   6.0662216971114686        8.4812912135328400        22.963907527977479        4.0000000000000000                1
   6.4049217349153222        10.503260834689463        12.386321552489550        4.0000000000000000                1
   6.5270303353510783        10.660065199394227        2.5603613996861077        4.0000000000000000                1
   9.9413495107469725        11.842980764274168        39.225282610209931        4.0000000000000000                1
   6.1161149258972562        9.6092433228984593        4.6207233825119358        4.0000000000000000                1
   11.770069546785304        10.081196287120733        23.904596701414253        4.0000000000000000                1
   11.942645642230080        8.5683113893222647        26.585200064296370        4.0000000000000000                1
   8.8997900516044233        6.0298561330634284        19.333885089913391        4.0000000000000000                1
   6.9545234640689477        6.8087434229135013        23.874391086826954        4.0000000000000000                1
   7.3077037128377782        11.446896830258487        24.480261763391024        4.0000000000000000                1
   7.7091768148788304        11.707978151350975        35.856668466288582        4.0000000000000000                1
   7.5044837599671963        6.4452333646130597        37.318980651674792        4.0000000000000000                1
   9.0092861198501613        6.0144126234660487        35.826629340991929        4.0000000000000000                1
   8.7949881847328459        6.0163777794805791        26.235992367179204        4.0000000000000000                1
   7.8317485083716276        11.750877755781836        2.7923092258793649        4.0000000000000000                1
   6.3778622957272741        7.6924485328819365        15.325165846916978        4.0000000000000000                1
   9.5501593660446407        11.945415211167250        3.2811394909424898        4.0000000000000000                1
   6.0830698173802240        8.3641155339323863        39.278028486576979        4.0000000000000000                1
   6.1990990690936849        7.9950640035789124        26.589085424410907        4.0000000000000000                1
   8.1294511994690986        6.1308826773685130        36.455136977042748        4.0000000000000000                1
   11.936580759563395        9.5049709626722230        3.5967306242193859        4.0000000000000000                1
   8.6713028964967265        6.0203235411433198        18.177479298573470        4.0000000000000000                1
   11.661135751586576        7.6803365277399358        32.745706313837516        4.0000000000000000                1
   10.938717459056509        11.279412154716400        5.9756121617600977        4.0000000000000000                1
   8.0309165681011692        6.1885068393710716        26.865699105535761        4.0000000000000000                1
   11.524828573452758        7.5027392898979537        16.344059944775086        4.0000000000000000                1
   10.522332166130322        6.4743255053027529        19.149353283919943        4.0000000000000000                1
   8.2181499820874127        11.888490016331586        15.793474501106408        4.0000000000000000                1
   9.1346198421858027        11.988614585718311        23.180332618453871        4.0000000000000000                1
   8.9699687630131475        6.0114038961300000        27.649712042540131        4.0000000000000000                1
   8.6042039923524829        6.9749078297963614        12.286844906289765        4.0000000000000000                1
   6.5990010235293770        7.2077992523992496        3.4513752794697963        4.0000000000000000                1
   6.1290152427653375        9.7111871195959836        35.134439190729033        4.0000000000000000                1
   6.0553852829939681        8.7703533136791183        20.409353190733430        4.0000000000000000                1
   6.4723806231330210        7.3920355110235070        32.899872828937362        4.0000000000000000                1
   11.143425512684267        11.092430151902642        10.077707099457653        4.0000000000000000                1
   11.967379995688132        9.1199104991491655        39.558783167375275        4.0000000000000000                1
   9.7599016803537886        6.1215705169637467        35.104514605644077        4.0000000000000000                1
   6.2661134506550269        10.221802468650775        23.113380348019199        4.0000000000000000                1
   9.0863710182049591        6.0270977611487542        36.910214937127868        4.0000000000000000                1
   8.8992226706422972        11.986323771942910        17.778372487659421        4.0000000000000000                1
   11.947921159194316        8.9020020880068085        13.617607446767769        4.0000000000000000                1
   11.983273361228195        8.6973688256670574        4.2891261006560066        4.0000000000000000                1
   11.707160970819247        10.229032133771705        18.139936355223217        4.0000000000000000                1
   11.660157070466257        10.360275492237641        2.6620773771066966        4.0000000000000000                1
   9.4530752982505675        11.953200383737068        27.822880968461817        4.0000000000000000                1
   7.6480667104526923        11.592800795077945        5.3580494985761602        4.0000000000000000                1
   6.1525791393542599        9.8003563155508022        11.687037436086602        4.0000000000000000                1
   11.413848923831758        10.650932958377672        6.6657973253185965        4.0000000000000000                1
   6.5577076760409607        7.3015379703489147        18.745069670308947        4.0000000000000000                1
   11.716078085797164        10.171672062166117        25.005195654258848        4.0000000000000000                1
   9.9551365754022125        11.842690336288021        15.714319761370993        4.0000000000000000                1
   6.0266658128268613        9.3632801102782910        30.379509706907943        4.0000000000000000                1
   6.1733427519954374        8.2668365013117118        9.0222380955615531        4.0000000000000000                1
   8.4861943353632352        6.0634096232699290        38.909690396672325        4.0000000000000000                1
   11.931856483577045        8.5465357819210954        18.372064109800267        4.0000000000000000                1
   7.6299409128049751        11.664330256623627        28.730359287634947        4.0000000000000000                1
   11.988387594579159        9.0678692651871433        23.054605166328955        4.0000000000000000                1
   7.6125000846130613        6.3480619984310724        16.241629088327745        4.0000000000000000                1
   11.537454258116375        7.4034361019094304        23.304498121412685        4.0000000000000000                1
   11.947661959416212        9.5304395642798561        19.917903855241214        4.0000000000000000                1
   7.0525569536726680        11.231555633648156        26.928379343741742        4.0000000000000000                1
   6.0781157500530618        8.3980223666935441        7.6355684185459953        4.0000000000000000                1
   6.1738965695510251        8.0218932340559146        19.732457637239023        4.0000000000000000                1
   8.6245117366513337        11.894665381918511        3.7268487349180850        4.0000000000000000                1
   11.709197836629922        10.230143147274115        33.307823989304239        4.0000000000000000                1
   7.8125672803496871        11.741610642724721        26.514584178514262        4.0000000000000000                1
   6.0798975303731515        9.5917525422291288        21.129208997738939        4.0000000000000000                1
   10.525581599514730        11.558323588342594        9.4058037983253264        4.0000000000000000                1
   7.0331850642567195        6.7623634740668122        32.161348092543697        4.0000000000000000                1
   11.395173506671080        10.785844938417569        7.8216819936632653        4.0000000000000000                1
   11.856502389216420        8.3471578396537573        16.854769198879168        4.0000000000000000                1
   8.7943830756994128        11.985472919305133        34.317799765079052        4.0000000000000000                1
   9.6545443186626780        6.0803882088592074        33.899833115555047        4.0000000000000000                1
   7.1515596512128319        6.6474819867680361        19.454867755442322        4.0000000000000000                1
   10.169455544765389        6.2560944583375715        7.1679197170632651        4.0000000000000000                1
   10.248801214171053        11.721284970648036        28.745912975938868        4.0000000000000000                1
   11.034608560417551        8.5229015923033149        17.839483127683486        4.0000000000000000                1
   7.9521914193893357        6.1954107356855657        18.910922448213665        4.0000000000000000                1
   8.1181184297116165        6.1433360084064406        13.128881006192211        4.0000000000000000                1
   11.958750436161484        8.7515228305037915        12.557739454794048        4.0000000000000000                1
   11.531284857080466        10.539441203953920        5.2401626176627492        4.0000000000000000                1
   11.171211799359394        11.059441307233842        26.624581419635287        4.0000000000000000                1
   6.0048802075990286        9.1377416704153358        17.892231887541673        4.0000000000000000                1
   6.8800076460990871        9.0736247065500351        32.093818127450916        4.0000000000000000                1
   10.739963797219756        10.222561730031565        13.987647332896330        4.0000000000000000                1
   9.3011924605346294        6.0263520813035276        22.995203021822871        4.0000000000000000                1
   9.7762348316543477        11.888264019630480        25.275464889141709        4.0000000000000000                1
   8.4564638763573985        6.0636725951481507        7.0673042383205242        4.0000000000000000                1
   6.0624906812020205        8.5816495779425583        14.550596252492594        4.0000000000000000                1
   6.0009600086960377        8.9820629354537420        34.371173629806506        4.0000000000000000                1
   7.2665685422744639        11.387179865163247        9.0716780352099260        4.0000000000000000                1
   11.894236213746872        9.6866702834078104        4.7006296612376843        4.0000000000000000                1
   11.751568634410997        10.050539991019928        16.879119336774057        4.0000000000000000                1
   10.676740849695548        11.446994074210526        31.648930345690765        4.0000000000000000                1
   7.8680568549037959        11.747970581418278        11.100450518229019        4.0000000000000000                1
   6.9725865191324505        9.0575907694780931        4.8425395138425387        4.0000000000000000                1
   6.9311989144086112        11.150236654189952        4.6989948402874280        4.0000000000000000                1
   9.3522680875561743        6.0281233191727752        39.408401285875087        4.0000000000000000                1
   10.536720374623584        6.4493971157457723        34.252265057655407        4.0000000000000000                1
   11.780632185499586        7.8879694818800861        20.355894800803199        4.0000000000000000                1
   9.1158393398837703        6.0037707404310403        21.572337154713559        4.0000000000000000                1
   6.2924735749767331        7.7977329729000839        28.839083851215097        4.0000000000000000                1
   8.3369126698889868        6.0800123694423602        29.392099012558727        4.0000000000000000                1
   11.889578051477685        9.7531109674145267        12.803229063367265        4.0000000000000000                1
   11.477740630430496        7.4061881720926408        30.473519246494231        4.0000000000000000                1
   9.7543882410920535        6.1217316949084619        26.690154049839776        4.0000000000000000                1
   11.324983294343212        10.890309316597822        24.355444273117818        4.0000000000000000                1
   7.9994564520168598        11.812500933754873        25.119773576661647        4.0000000000000000                1
   6.0843195980625433        9.2492174522184278        16.604971584012869        4.0000000000000000                1
   6.6828760089578525        7.1259960601357450        28.151412068943706        4.0000000000000000                1
   10.506335236533484        11.514372566353302        1.0962913642746490        4.0000000000000000                1
   10.423262724183692        6.3742255357002975        17.740196509793392        4.0000000000000000                1
   6.1103105137762226        8.2403053070579073        32.401261842450779        4.0000000000000000                1
   11.780197774976774        7.8852386895702331        27.305701570092705        4.0000000000000000                1
   10.601401427955924        11.517333512961995        24.766586547669288        4.0000000000000000                1
   8.3619042945612136        6.1216431652156746        22.512408099230324        4.0000000000000000                1
   7.3864526218178668        6.5103504561069352        5.6076289253144758        4.0000000000000000                1
   6.5411249733634493        10.669793744741010        26.027275151633297        4.0000000000000000                1
   8.7125428549016384        6.0182773817520276        25.134006299200514        4.0000000000000000                1
   11.907414975518087        9.3284850822229952        1.1128115201092261        4.0000000000000000                1
   9.3360879296518320        6.0803763082843849        7.7926808486683470        4.0000000000000000                1
   6.0302505564666875        8.6177022849894982        36.728606589513639        4.0000000000000000                1
   6.7560458677449731        10.943444729735129        15.523884628599005        4.0000000000000000                1
   7.9628049463015378        11.813908348251115        33.459210125304615        4.0000000000000000                1
   9.3483593611260538        6.0223531854036025        16.157787548999735        4.0000000000000000                1
   8.4908311598769863        11.899892279582529        36.574836760886058        4.0000000000000000                1
   8.7856023962361505        11.959968966424205        26.047413941754854        4.0000000000000000                1
   8.9774809475245352        6.0691081917564240        27.623561788983135        4.0000000000000000                1
   9.5396286521003866        11.926262668785894        34.987623250746999        4.0000000000000000                1
   11.139912225675335        11.057484357694367        11.434045362688547        4.0000000000000000                1
   7.6598401475392786        11.670942197882153        20.736022812582529        4.0000000000000000                1
   8.2869737390759735        11.908628494821814        29.447255331046861        4.0000000000000000                1
   6.1693131078374952        9.9602476390664396        25.281954293570916        4.0000000000000000                1
   6.8637961552051499        11.006175877338249        37.849033132503472        4.0000000000000000                1
   6.6987263075389123        10.851518053506215        16.655871746225486        4.0000000000000000                1
   11.951810852045883        8.5163640713742765        1.7444104660391058        4.0000000000000000                1
   6.4397608237792827        10.478510148879044        12.380759819055045        4.0000000000000000                1
   11.779521444878519        7.8845751248076619        12.086362036169175        4.0000000000000000                1
   6.7848050887145703        7.0036152268821468        14.535668465206239        4.0000000000000000                1
   7.6592679442094713        6.3300883040112170        31.450509995715837        4.0000000000000000                1
   9.2335010565348323        6.0235258167490811        6.3167383223941123        4.0000000000000000                1
   8.1587438424498036        11.854437689040120        8.8444692533051708        4.0000000000000000                1
   6.4243416207679642        7.5617534282628558        16.567341283058386        4.0000000000000000                1
   6.4251570873395387        7.4679819587027039        24.825128527419185        4.0000000000000000                1
   9.0806530811913255        11.998483344980562        16.296118917768567        4.0000000000000000                1
   11.962493467459653        9.3066656653854558        24.564672104691319        4.0000000000000000                1
   10.305457990292229        11.693676789854303        35.656961728251950        4.0000000000000000                1
   7.9636879672390419        11.794547551240065        18.235222518451319        4.0000000000000000                1
   9.0291134155980650        11.971157919194017        8.0251973170811688        4.0000000000000000                1
   8.5937842049911666        6.9515238020243402        23.218906570691757        4.0000000000000000                1
   9.6368735540584396        6.0719300732466088        2.1146520907226005        4.0000000000000000                1
   10.082575555321684        11.796875773061949        38.161243417432125        4.0000000000000000                1
   11.160288141844385        10.984633513640969        18.516054907827719        4.0000000000000000                1
   11.586830121694257        7.5436596695567033        24.637286130418360        4.0000000000000000                1
   11.516356440119297        7.4575581332470211        8.0925224837503382        4.0000000000000000                1
   10.885460114198326        11.314506339438022        29.472523660679460        4.0000000000000000                1
   6.8575073245513831        11.043775421425687        29.592368610291953        4.0000000000000000                1
   6.1394832591041713        9.7681975947638939        26.816197812454341        4.0000000000000000                1
   11.938857133813837        9.1267880190790027        39.569793692742508        4.0000000000000000                1
   7.1966782292703098        11.332423335761797        25.591692070071790        4.0000000000000000                1
   11.428625389379622        7.3670960812853670        7.0003187213591938        4.0000000000000000                1
   6.0533215124594371        9.4498858030774517        37.322182171290287        4.0000000000000000                1
   6.2977234389645531        7.7301741550393830        37.213276186102632        4.0000000000000000                1
   11.767784065121781        7.9370012658501876        4.9604608741941449        4.0000000000000000                1
   9.2926557092794546        6.0395131409543392        14.651432131374404        4.0000000000000000                1
   11.540643255502932        7.5093816787135967        31.542578999297611        4.0000000000000000                1
   11.475933823884597        7.4039571574135801        30.480827719267158        4.0000000000000000                1
   10.530951193340407        11.546233312444725        9.3675677716477104        4.0000000000000000                1
   10.475679263404436        11.572169974726171        2.5009112514112704        4.0000000000000000                1
   9.7459648201423779        6.1608901304772763        11.469098360054508        4.0000000000000000                1
   11.265695603289036        10.923495442994716        32.609434027917466        4.0000000000000000                1
   8.4412954158104068        6.0604688076587774        15.355461280601638        4.0000000000000000                1
   9.2442271555707443        6.0250013222083298        29.855068504072477        4.0000000000000000                1
   6.2307910858245377        7.8563890651410606        4.1698663465479004        4.0000000000000000                1
   11.599128515289014        7.6647400283480733        32.774700055399563        4.0000000000000000                1
   11.617787925651793        10.450640985657921        12.120117891789684        4.0000000000000000                1
   11.235488009897066        7.0126944307126156        26.487519234433897        4.0000000000000000                1
   11.867043129758178        8.1800131704485075        7.3907253919630742        4.0000000000000000                1
   6.0137587622799735        9.0513327145282574        1.3733270719041004        4.0000000000000000                1
   11.986254704805031        9.0604176578911151        6.5269783685466702        4.0000000000000000                1
   6.5396265659466959        10.679285449951834        33.134010911557965        4.0000000000000000                1
   10.978245965352340        8.6284069170568785        38.143391384987076        4.0000000000000000                1
   6.7359565513164874        10.954621058121061        39.011412945988511        4.0000000000000000                1
   7.8079273191795906        6.2989182496710319        9.1262544412016666        4.0000000000000000                1
   8.1533896126083505        6.1372284253998304        4.7902109913577355        4.0000000000000000                1
   11.487563941360939        7.3874340988057536        38.656480047534693        4.0000000000000000                1
   11.636331117325851        7.6804859708104667        32.774231845604888        4.0000000000000000                1
   8.5051522093985348        11.932368760894763        13.014311177380302        4.0000000000000000                1
   10.920218825397344        6.7374578482455050        7.6596291611066638        4.0000000000000000                1
   11.158270153615661        6.9773223472557184        33.521542336541025        4.0000000000000000                1
   6.3431125188622106        7.7129442753166320        22.315617084334356        4.0000000000000000                1
   9.4644511691874520        11.952300194481587        12.692850590275073        4.0000000000000000                1
   9.6046065446764342        6.1212203046111746        10.388782785557298        4.0000000000000000                1
   6.8943219735683074        6.8836610876319115        39.229993493973659        4.0000000000000000                1
   6.2414914128569965        7.8348916540678823        5.5097122878830787        4.0000000000000000                1
   8.4580049534946138        6.0597983300974141        23.655710207943866        4.0000000000000000                1
   6.6710306685484406        10.884536705374410        8.3956352371337122        4.0000000000000000                1
   10.796955425186292        6.7050518963605317        14.792645538568422        4.0000000000000000                1
   7.1848308931079927        6.6220865556918138        34.437796040692895        4.0000000000000000                1
   10.997614086398752        11.224583825979710        36.249746369228724        4.0000000000000000                1
   6.1186435062749354        8.3159465007372830        17.257862699458617        4.0000000000000000                1
   10.315163278567777        11.663762336877165        3.9505039418323613        4.0000000000000000                1
   11.838177528464632        8.0987039439555950        14.368106480579423        4.0000000000000000                1
   9.9366090529440836        11.847973978224175        7.5348817243189332        4.0000000000000000                1
   8.9141444270441212        11.959016421603343        24.635544395499906        4.0000000000000000                1
   8.4975254851892927        6.0501411078935456        8.3695690579735942        4.0000000000000000                1
   9.0726499360236588        11.974336204239480        39.721167181307656        4.0000000000000000                1
   7.1532151162222997        6.6485787114018224        33.282312525955390        4.0000000000000000                1
   11.025843837707892        11.205962886765347        12.891447122875419        4.0000000000000000                1
   9.2905288311507288        11.985762118025974        28.970797543204448        4.0000000000000000                1
   10.195825188721914        6.2573481901584991        38.837181684281376        4.0000000000000000                1
   11.854857361831510        8.2380273643309021        23.783524414558528        4.0000000000000000                1
   9.3978385720388911        11.917231000319340        4.4149769643670123        4.0000000000000000                1
   11.965059997977145        9.3328294743088858        9.3856189903942315        4.0000000000000000                1
   9.0983137706105968        6.0394200400472915        5.2385596277382360        4.0000000000000000                1
   6.7391144867459891        10.953962022619757        7.3310111102864575        4.0000000000000000                1
   7.6600722180688159        11.651176872967774        4.0015334215485918        4.0000000000000000                1
   7.8612946334064837        6.2271727017969987        25.777526635549428        4.0000000000000000                1
   7.6831946393176951        11.647637784193215        13.594642441846229        4.0000000000000000                1
   11.961177146971412        9.0370794754294703        14.853664525212167        4.0000000000000000                1
   7.2132954445002859        11.405170039722448        17.612319790055736        4.0000000000000000                1
   6.8585791119298030        6.9001074983592234        37.986464076878605        4.0000000000000000                1
   8.2970246449330638        6.1194419386595191        14.191047293540738        4.0000000000000000                1
   11.554083495341864        10.555479084857602        35.563094824121883        4.0000000000000000                1
   8.3846534983353695        11.936088680166092        5.9845499277081542        4.0000000000000000                1
   7.1516155536326673        6.6476978069787984        26.388945702983261        4.0000000000000000                1
   6.0859390674316654        8.3147709553381368        24.069684870959041        4.0000000000000000                1
   7.7505034661695218        6.2898538553603629       0.80722688415050292        4.0000000000000000                1
   11.348201936151503        10.796160394514059        16.103027564259676        4.0000000000000000                1
   10.577285386314605        6.5221535663393544        20.272698108397528        4.0000000000000000                1
   6.1351193163823758        8.4089748180909734        16.001421964542192        4.0000000000000000                1
   7.4904143914385548        6.4684194316362484        22.074299209900857        4.0000000000000000                1
   10.298669388863958        6.3025154442243609        31.875788768583117        4.0000000000000000                1
   6.7149351069961680        7.0847529730010592        36.541080135933015        4.0000000000000000                1
   6.8349425325967079        11.074179143888694        14.393988350584248        4.0000000000000000                1
   9.2835831612778126        11.960863573247313        5.5329080530711146        4.0000000000000000                1
   6.0188762253330097        9.2845551234672481        8.2006929909040647        4.0000000000000000                1
   10.025652411355724        6.1961781635262216        37.383943577135881        4.0000000000000000                1
   7.9521522537871165        11.792755502500539        1.7165092694955795        4.0000000000000000                1
   11.600468474008718        10.454873433405005        27.486385180336480        4.0000000000000000                1
   6.1359053157164736        9.8680177688740081        33.685334842863249        4.0000000000000000                1
   7.6781713657011315        11.674387213828318        3.9727961081508476        4.0000000000000000                1
   7.9197523813287942        6.2277721592657205        33.820339127192646        4.0000000000000000                1
   10.515689112404557        11.578115192558549        25.886665111503788        4.0000000000000000                1
   10.292496814257920        6.3024333898187335        16.617825878456969        4.0000000000000000                1
   6.0463438366615083        9.4386034482593413        29.303500413320258        4.0000000000000000                1
   10.277161771517374        6.2925156257743717        8.5414587029574420        4.0000000000000000                1
   6.3614785489901715        10.404160576668440        5.2738886247960055        4.0000000000000000                1
   11.555296829082861        10.559975840103695        13.488947882206439        4.0000000000000000                1
   10.243684840467306        11.718245145415482        13.449133499545050        4.0000000000000000                1
   11.876840683777539        9.5227712470580972        27.073848030030572        4.0000000000000000                1
   6.2647829418964101        10.065458045364648        24.229453293825799        4.0000000000000000                1
   11.867025244394460        9.7628293151808947        12.882234801276292        4.0000000000000000                1
   6.3677994499729582        10.377717815109216        28.941235029830075        4.0000000000000000                1
   9.1049106426161170        6.0481372451244457        28.705264801190403        4.0000000000000000                1
   7.0294669995017536        6.8199894609820335       0.29845659237657507        4.0000000000000000                1
   11.404573742395584        7.2249385508958364        5.8804594840463222        4.0000000000000000                1
   10.934123701350087        11.236447953499912        14.196415301511268        4.0000000000000000                1
   9.2921943030954708        11.945344302137803        13.731571361469884        4.0000000000000000                1
   10.395288570699277        6.3750828590101385        9.6740616465372060        4.0000000000000000                1
   9.5671239613697292        11.912982703154420        19.772433313494897        4.0000000000000000                1
   10.660426137331029        11.410738611061086        16.506513610109007        4.0000000000000000                1
   10.182576813336448        6.2664196443344382        23.755191256679279        4.0000000000000000                1
   8.0551872373623024        6.1615218088886170        20.057356119667460        4.0000000000000000                1
   9.8113694469037487        11.859202393218252        32.175378717268330        4.0000000000000000                1
   11.804558055104092        9.9238413266781613        7.2599999876177366        4.0000000000000000                1
   7.4019845389111296        11.530220595740920        39.865708093981738        4.0000000000000000                1
   11.215521855017796        7.0412990994823037        2.9627900754595426        4.0000000000000000                1
   8.0178086880815016        6.2199216535452644        11.948853654938667        4.0000000000000000                1
   11.979124125563720        8.9441379891457533        21.985995011676106        4.0000000000000000                1
   10.274219932634912        6.2933266931763905        8.5668577573065647        4.0000000000000000                1
   8.2070096418108456        6.1215226088755301        21.145140230700459        4.0000000000000000                1
   11.768379898738607        7.9226147318048961        4.9817671123933795        4.0000000000000000                1
   11.934455791401868        9.4443081920155567        2.2132521090340833        4.0000000000000000                1
   9.8597974157499237        6.1890274884233989        4.4982917951810313        4.0000000000000000                1
   6.6961690509477974        10.823658763476633        7.9475965068809273E-002   4.0000000000000000                1
   9.9572556510977304        11.842383748606212        31.010036423613709        4.0000000000000000                1
   11.247501909145630        10.912332953476739        8.8904172519035143        4.0000000000000000                1
   11.967902405246271        8.5979623974256789        11.368524434545428        4.0000000000000000                1
   7.9762118843953411        10.836084639984476        29.803480947130900        4.0000000000000000                1
   8.5778416677321623        6.0343024118009971        31.844845466847033        4.0000000000000000                1
   8.9545704658173282        6.0112969412261590        4.1028980370804726        4.0000000000000000                1
   8.2611081919020890        11.847962878281063        30.825814377603496        4.0000000000000000                1
   11.877526689834953        8.2046045408541541        15.449792916255376        4.0000000000000000                1
   6.0252057695750540        9.0649156744673434        9.6582737619797001        4.0000000000000000                1
   11.791477519543497        7.9026945815208993        36.814599884080764        4.0000000000000000                1
   9.0627430390776063        11.994981219938683        39.738968480993080        4.0000000000000000                1
   10.313424816447327        11.606362591958572        27.392353787526108        4.0000000000000000                1
   7.0443687691324328        11.239430270246002        20.057179696945045        4.0000000000000000                1
   7.7400855536570115        11.718914121570217        27.592813329709205        4.0000000000000000                1
   6.4327748911659608        10.421784191137943        4.1101921151429250        4.0000000000000000                1
   11.679941197071026        7.7013036193822151        10.621429725931476        4.0000000000000000                1
   10.175544673013494        11.738261950333820        5.1243880390203964        4.0000000000000000                1
   11.951765790944835        9.3164772577733643        17.701974632210604        4.0000000000000000                1
   9.3924511598715288        6.0395785524630563        31.033478407880644        4.0000000000000000                1
   11.210860768073772        7.0440578387074009        11.267567508320578        4.0000000000000000                1
   10.264103449287880        11.708907678924692        35.668327247107079        4.0000000000000000                1
   10.527706926852744        6.4454110901306771        34.263080293919415        4.0000000000000000                1
   6.7798349013379831        6.9823650023769410        21.585374442426723        4.0000000000000000                1
   10.072271596568264        6.2471260627846998        22.384516443584499        4.0000000000000000                1
   11.939737148647506        8.4372788027251708        25.187231705854913        4.0000000000000000                1
   11.847515325745102        8.0893840225169225        38.014807029252104        4.0000000000000000                1
   11.041171074494240        6.8281640187122434       0.70385058050870963        4.0000000000000000                1
   7.3986054249536641        11.513372571409048        23.338857608805228        4.0000000000000000                1
   11.868937488303555        9.8232366666356814        37.509028411767481        4.0000000000000000                1
   8.6240830975876044        11.971301483812812        11.798777922530197        4.0000000000000000                1
   7.1216330350377088        9.9528952711443903        29.552581298673200        4.0000000000000000                1
   6.1166820234575683        9.6354547298719719        12.872037270728999        4.0000000000000000                1
   10.009508864485117        6.1809248796514886        13.943677710509288        4.0000000000000000                1
   6.0270043375887594        8.6220188782637113        21.458773303829179        4.0000000000000000                1
   10.012704266121569        6.1820255564203990        5.6708996145019750        4.0000000000000000                1
   7.0121974305311854        6.8197814070155767       0.26824535486923595        4.0000000000000000                1
   7.1388335198606168        9.9296388477892226        5.7993900196726171        4.0000000000000000                1
   9.5631902298782521        11.938472292959597        34.992984394131035        4.0000000000000000                1
   6.3766965896982901        7.6012020917520449        38.640344100660009        4.0000000000000000                1
   10.799902063403149        11.372998416836300        15.423231681962775        4.0000000000000000                1
   6.0972536144093583        9.6214483646741531        36.307532614880358        4.0000000000000000                1
   6.1026015248052614        9.6869239314871827        28.214496504397324        4.0000000000000000                1
   7.0141537368637703        11.226291435211953        35.017952223018057        4.0000000000000000                1
   11.191582652331581        10.967782480906529        25.417953144842876        4.0000000000000000                1
   11.958035038876789        9.4630723123323417        18.831116631991321        4.0000000000000000                1
   8.4647698344546249        6.1166619701205134        30.547398107685488        4.0000000000000000                1
   11.773923226356400        10.066220445408781        8.7074194528534257        4.0000000000000000                1
   8.1506382244382340        6.1488193525977550        28.336789530811924        4.0000000000000000                1
   9.9260596571806623        6.1637298428552061        36.214374220072131        4.0000000000000000                1
   8.5486805214526562        11.957383028742942        20.324143582887555        4.0000000000000000                1
   7.0318308635153439        8.6217254686296076        33.349896205271577        4.0000000000000000                1
   7.6099007395939724        6.3784648696566943        38.480365172075594        4.0000000000000000                1
   6.1929604314292037        8.0597227857083560        2.9954677009431716        4.0000000000000000                1
   11.599875648751452        10.449670696886436        3.8074844019364544        4.0000000000000000                1
   9.7117539837774309        11.888880676547119        1.8345235834504381        4.0000000000000000                1
   6.1329349994104918        8.2159372165077809        25.464545283959403        4.0000000000000000                1
   6.2405844468459719        10.141973091519299        7.7005991717578990        4.0000000000000000                1
   10.874594185853551        11.285471027742975        22.337927788025496        4.0000000000000000                1
   11.628274894346218        7.6015924752894417       0.96712696790726516        4.0000000000000000                1
   7.4360968971133090        11.550919062194575        6.8252397870056791        4.0000000000000000                1
   6.7698352004848026        10.994375725444637        15.535313868009524        4.0000000000000000                1
   10.381130405982731        6.3501498472139710        1.4425422874566194        4.0000000000000000                1
   11.191859756876747        11.028640261357181        1.9720414636194614        4.0000000000000000                1
   6.2023326573205608        9.9996061385683479        32.298158350151922        4.0000000000000000                1
   8.2920928583120972        6.0971500314951212        5.9403040572071300        4.0000000000000000                1
   7.0965266930664184        11.315181911683428        2.0315612657719648        4.0000000000000000                1
   8.0746986108672516        6.1469691757119493        3.6266296405939791        4.0000000000000000                1
   11.962721318584922        8.6501269557978944        3.0720363774405754        4.0000000000000000                1
   7.4090850990918540        11.528729554610219        16.403749073508497        4.0000000000000000                1
   6.2171685355044071        7.9981110604114667        34.854751039235282        4.0000000000000000                1
   8.9354914922696889        6.0136982190869173        12.393681408560665        4.0000000000000000                1
   11.919411939174919        8.4861371296064316        10.003228741602609        4.0000000000000000                1
   9.0668725991449470        6.0060473390142803        13.433392833112229        4.0000000000000000                1
   11.951507373582338        8.6242664670196270        19.458101105596818        4.0000000000000000                1
   6.0094663763660128        9.2084724774774838        39.857096263433888        4.0000000000000000                1
   7.9546613654614982        11.798820771338104        1.7017622163913966        4.0000000000000000                1
   11.899929037109892        9.7007763061775520        36.393903972653597        4.0000000000000000                1
   6.7733109643121816        10.960321831622968        15.518325382752183        4.0000000000000000                1
   8.1704597701152970        6.1663468348431074        28.309962936119629        4.0000000000000000                1
   9.4868862908891405        6.0458219083669746       0.89476266071394872        4.0000000000000000                1
   11.406056978395211        7.2119027567151548        5.8800279486907021        4.0000000000000000                1
   11.009423720976883        11.145600001202981        4.6113835734962683        4.0000000000000000                1
   8.8876456459255682        11.896359211825425        9.5311405417153576        4.0000000000000000                1
   10.360290363978814        11.666910131021059        12.246399201923632        4.0000000000000000                1
   11.954683554373229        8.9144697371354891        28.824701674348244        4.0000000000000000                1
   11.513638802547968        7.4931930974140100        39.801055711697870        4.0000000000000000                1
   10.765623020589825        6.6593147988377908        21.723005259653188        4.0000000000000000                1
   7.3805155775447719        11.511235503306798        16.339590591244075        4.0000000000000000                1
   6.0094118951925095        8.7697280475311263        35.626254179582368        4.0000000000000000                1
   10.897202582678739        10.042601268136414        26.806200324678084        4.0000000000000000                1
   6.2380287639844934        7.8654494020529473        36.011470180255884        4.0000000000000000                1
   10.274831545271399        6.2930174690666902        16.646158152742554        4.0000000000000000                1
   7.0816297531785120        9.4999946866241380        37.269534193536913        4.0000000000000000                1
   6.1998694025071153        10.021454054289359       0.53418196033719856        4.0000000000000000                1
   6.0683247395013664        8.4401960327380028        30.876544496866284        4.0000000000000000                1
   10.104454784255079        11.008933005340220        34.935495030229191        4.0000000000000000                1
   6.4670401988632999        10.589173405443152        19.517401791033134        4.0000000000000000                1
   8.0977189973225148        6.2043536285340153        35.225085889197835        4.0000000000000000                1
   9.6685302303877396        11.874351865267025        1.8424855493900014        4.0000000000000000                1
   6.3268789304835655        10.269549708926576        14.724030344543063        4.0000000000000000                1
   6.0117719047633598        8.8160314663924044        27.307957637709038        4.0000000000000000                1
   6.5611552801625441        10.644059181398360        10.910354992278030        4.0000000000000000                1
   11.976446767514636        8.7689491899540872        35.998692715210737        4.0000000000000000                1
   10.289532881783957        11.695500822912498        20.510308467200744        4.0000000000000000                1
   6.3900864150910888        10.441271390430572        4.0749449170588994        4.0000000000000000                1
   7.4535375442250915        11.567402996044525        30.246835938074582        4.0000000000000000                1
   6.8537433690806377        6.9070271426198282        15.891326365208291        4.0000000000000000                1
   6.1869500589164668        8.1487672999708014        1.8584264438318909        4.0000000000000000                1
   9.4907696449525538        6.0444457099580102        24.481069028435886        4.0000000000000000                1
   11.419811331806674        10.762952801402349        39.618107043545223        4.0000000000000000                1
   7.3592653083536650        6.4890043344525683        4.2739533585248610        4.0000000000000000                1
   11.066471095067511        6.8494475566365791        32.432628407993711        4.0000000000000000                1
   6.4484495014447392        7.5799613107935579        16.576280116582069        4.0000000000000000                1
   6.4525442128928674        7.4158042653034943        1.2007207386522982        4.0000000000000000                1
   10.691304608453722        11.471861297049392        39.942266630539834        4.0000000000000000                1
   11.966920870993771        9.1509500451981793        16.238585543709071        4.0000000000000000                1
   6.2010043948403082        7.9480255425935331        12.547273944740789        4.0000000000000000                1
   11.854561751856101        8.2437114658608657        39.072993634588926        4.0000000000000000                1
   6.5892241558650904        10.761892152373697        9.6824842332804426        4.0000000000000000                1
   10.181626852437034        6.2965305389431494        15.479426799104596        4.0000000000000000                1
   6.2279436919076003        10.041659847670788        8.8917164181908515        4.0000000000000000                1
   9.9218633972115402        6.1560687291628495        28.042442484969509        4.0000000000000000                1
   6.7559283641064747        10.817153675365484        23.784747254256782        4.0000000000000000                1
   9.8281538474116967        11.865173781715228       0.40662320726191076        4.0000000000000000                1
   10.035245213248292        11.791965164291780        22.759295324212790        4.0000000000000000                1
   6.0210346892269424        9.1457673062761753        24.709260486096142        4.0000000000000000                1
   10.655246401813482        11.388573412925966        8.2024262324497119        4.0000000000000000                1
   9.8577373066232159        11.861030075708793        8.6853300068140822        4.0000000000000000                1
   6.1033809156702752        9.3270390088972874        38.662816574573654        4.0000000000000000                1
   6.2673954299359407        10.191518755770387        31.078014620598815        4.0000000000000000                1
   6.0370513804308992        9.0015128568121110        2.6727992363728470        4.0000000000000000                1
   11.874719509523050        9.3740018575209323        25.719552770163762        4.0000000000000000                1
   11.949827906144478        8.8830267613054534        37.102137567241812        4.0000000000000000                1
   8.7182567833277798        6.0285284885472912        9.9281078532918325        4.0000000000000000                1
   9.7331675714683481        11.864356554682645        10.157133421983627        4.0000000000000000                1
   7.6062457029970965        6.3481862746494775        23.202977992849590        4.0000000000000000                1
   9.2832211263383400        6.0136939273415244        23.058436583577418        4.0000000000000000                1
   8.4814345960828792        6.0559410244803242        7.0766921209274409        4.0000000000000000                1
   6.0470009072399202        9.5248538555015614        5.6663356042506283        4.0000000000000000                1
   7.7899595743731682        6.3285163041161923       0.80261934983857730        4.0000000000000000                1
   6.7774746325317130        11.007619659420726        6.0660702422793138        4.0000000000000000                1
   10.145658472565804        11.753939177702986        14.719768954424891        4.0000000000000000                1
   11.156813244962255        6.9599232029555749        9.9538528060245870        4.0000000000000000                1
   11.745214992146995        9.9837802714398851        15.642228261950914        4.0000000000000000                1
   6.5571971377637501        7.2649199360943255        2.2665370754605094        4.0000000000000000                1
   6.8840717064646624        6.9174480618569083        31.028711747914315        4.0000000000000000                1
   6.8968545789909665        11.085311571486509        21.273392699345521        4.0000000000000000                1
   7.1786243495041910        11.378881698448572        32.775592617397493        4.0000000000000000                1
   11.721376543509596        10.227230271103590        9.8150936525376409        4.0000000000000000                1
   9.6991086078237210        7.0917781116315410        2.2494989910494203        4.0000000000000000                1
   10.657594953766678        6.5096035526514378        3.6747398621091585        4.0000000000000000                1
   10.869771591911160        11.229138046147026        14.220530387130959        4.0000000000000000                1
   11.835260838297241        8.1245412633570346        5.9935657872922281        4.0000000000000000                1
   6.0656973986916922        9.5489372045744414        14.041284665908009        4.0000000000000000                1
   6.0073087332659725        9.0946927892490788        9.6919807788521268        4.0000000000000000                1
   9.4127368429469893        11.950394449332126        36.164830967817572        4.0000000000000000                1
   6.7487325637806146        10.972323684955468        30.649551400131152        4.0000000000000000                1
   8.2895332606453156        7.0054328636122847        3.1524947832593928        4.0000000000000000                1
   6.2094795458656789        8.0760171262196643        11.345701745465851        4.0000000000000000                1
   11.325967192872112        10.878991073483320        24.366413144142200        4.0000000000000000                1
   6.3885434581453664        7.5729610351900289        1.8431732790723743E-002   4.0000000000000000                1
   11.969885845426885        8.6334888119254281        19.453243272849868        4.0000000000000000                1
   6.0425702708081364        8.6932382118543430        28.419765429389159        4.0000000000000000                1
   11.491984773539619        10.658091173692643        21.816459953805346        4.0000000000000000                1
   10.781388053639766        11.338601682272225        38.882505587979352        4.0000000000000000                1
   7.9732571304283688        10.855581607923952        6.2889001188213713        4.0000000000000000                1
   6.5333735528513568        7.2990902445424615        10.549365297774097        4.0000000000000000                1
   9.5294607839316363        6.0763982854773442        17.369505609150533        4.0000000000000000                1
   7.5107144924713216        11.602804716950738        15.092407635744154        4.0000000000000000                1
   7.8513979287904263        7.1906696908426566        27.998110033793488        4.0000000000000000                1
   11.751590274376035        7.8419736650888936        3.7840846836806898        4.0000000000000000                1
   7.0576521019642646        6.7179493342931815        1.5894186572898021        4.0000000000000000                1
   11.561757085799940        7.4520480935101849        31.538659283698692        4.0000000000000000                1
   8.8712646462003288        11.995669544403984        1.2488182917016875        4.0000000000000000                1
   6.9989648313838160        11.232557429657373        3.3396395291084162        4.0000000000000000                1
   6.9243002053088105        11.155304417699238        36.443924466944402        4.0000000000000000                1
   9.6510719106464933        6.0832385210521247        2.1056718829177647        4.0000000000000000                1
   8.4234004339815147        11.939804355407839        14.236963681997493        4.0000000000000000                1
   9.6520621774627795        6.1278615276532733        18.663294947392043        4.0000000000000000                1
   10.961519185996684        6.7569649590757015        39.394583787787859        4.0000000000000000                1
   6.1642000251618656        8.1978267192455387        10.177965045608429        4.0000000000000000                1
   11.433213931522884        10.673004242150821        14.936461630263665        4.0000000000000000                1
   11.197995440032015        10.960438433937410        25.423126223428582        4.0000000000000000                1
   8.3570672265510577        11.926724850779586        37.715360669561178        4.0000000000000000                1
   9.9112242689480059        6.1522136727313423        20.936721019762690        4.0000000000000000                1
   6.1090362260762552        9.7449932397680268        3.4067478238227573        4.0000000000000000                1
   10.848395912137805        11.330817269560917        7.1503831607667099        4.0000000000000000                1
   10.355498179914976        7.2377338864622827        23.591051833341080        4.0000000000000000                1
   9.5611235998048816        11.866721427048397        26.747959630700169        4.0000000000000000                1
   10.530695527714032        11.567999969069517        17.902177502149584        4.0000000000000000                1
   10.487754057328649        6.4196711942652271        10.800729962931024        4.0000000000000000                1
   7.5363255950614034        6.4223513553356923        6.7758662048475413        4.0000000000000000                1
   6.6911995576696430        10.859587449676853        32.056304532593096        4.0000000000000000                1
   7.2890014757480559        6.5370940493915262        27.469188318536371        4.0000000000000000                1
   11.963546267465269        8.9189431706345683        13.634627571596980        4.0000000000000000                1
   10.984819988067297        11.237015520632621        36.270133499378325        4.0000000000000000                1
   11.437083603074957        7.2858620351211911        37.570206979379016        4.0000000000000000                1
   6.2333368878823503        10.059569209385433        24.225718894923620        4.0000000000000000                1
   11.969775352636328        8.7572510938447614        27.760896829387910        4.0000000000000000                1
   11.867449613233234        8.1504912719618474        29.555061477463457        4.0000000000000000                1
   9.0686941621786410        11.938761683478717        31.470623942716095        4.0000000000000000                1
   9.2723816513586499        11.985608400101075        37.239417120999526        4.0000000000000000                1
   6.2391778731513456        7.9086020501161460        27.673045238600370        4.0000000000000000                1
   11.937237879757351        9.3820386656229768        10.557602828268079        4.0000000000000000                1
   10.766258921261249        6.5870111382228478        28.535603670287447        4.0000000000000000                1
   9.1633291526768090        11.990580858548583        6.6514392388367396        4.0000000000000000                1
   11.661196720572548        10.299205314157106        10.935228716037654        4.0000000000000000                1
   11.169312841667042        11.025304813909846        26.580678600639889        4.0000000000000000                1
   10.108476069829260        11.749228329748181        29.931257900521917        4.0000000000000000                1
   10.546745703923079        11.570091897890013        10.731468952728896        4.0000000000000000                1
   9.0745721687653358        11.957439191431620        39.727297280930479        4.0000000000000000                1
   8.4857306241381192        11.863462191993111        4.8445035448168507        4.0000000000000000                1
   11.564676806839374        10.542246382549113        28.633435454844864        4.0000000000000000                1
   11.951826347354384        8.5501610440592870        18.380231617224045        4.0000000000000000                1
   8.3260935364581599        6.1001559679166961        29.405472231485415        4.0000000000000000                1
   6.6129005231731384        7.1906771086028991        27.044281592060710        4.0000000000000000                1
   10.928071579174000        9.1904995914105765        13.814005118206296        4.0000000000000000                1
   8.7147422806460479        6.0475838898372274        33.177049054534812        4.0000000000000000                1
   9.3844042554730027        11.971149680652832        20.962139242853951        4.0000000000000000                1
   6.7998588268059406        6.9642699335457090        6.2914185925614072        4.0000000000000000                1
   11.251860958622000        10.878913627996605        17.474827108290356        4.0000000000000000                1
   11.469633539700615        7.3444546531373760        6.9549756132006060        4.0000000000000000                1
   7.9452376864062844        11.782214904225203        18.228659526544142        4.0000000000000000                1
   8.4177359418135609        11.911745173427541        21.396897518144186        4.0000000000000000                1
   9.2784398344236223        6.8589549911542305        22.066184393064198        4.0000000000000000                1
   6.0323344854444825        9.3468097326878361        6.8445258039175947        4.0000000000000000                1
   11.967128210668339        9.0781814518741371        38.214011828925891        4.0000000000000000                1
   7.8133586768855157        11.729658761500486        19.339098876810056        4.0000000000000000                1
   8.8348033236719719        11.971952437342257        32.954856532328911        4.0000000000000000                1
   11.806070796583537        9.9845266436854772        30.736076098321600        4.0000000000000000                1
   11.324124968175903        7.1172240453241153        4.4308230944056826        4.0000000000000000                1
   8.3235249777338929        6.0781894227012225        37.835195451587715        4.0000000000000000                1
   7.4287504513856257        11.532567120836713        38.507762410649178        4.0000000000000000                1
   6.3881123081893803        10.469181668644104        20.630945248846736        4.0000000000000000                1
   6.1581570080660040        8.1541071031302597        10.174442860871041        4.0000000000000000                1
   7.7534214968956157        6.2727262168697067        17.371662378727805        4.0000000000000000                1
   6.4819531388640659        10.595026457422241        34.278512250646379        4.0000000000000000                1
   7.3450635411056631        6.5130361019589111        35.928673813753647        4.0000000000000000                1
   10.917192893946797        6.7349807181698615        31.171290043143575        4.0000000000000000                1
   6.0444906427268261        9.4594517445045998        22.237759603108547        4.0000000000000000                1
   10.002163524069374        6.1845659611645205        29.160200917410251        4.0000000000000000                1
   10.770984839685820        11.402674975942105        30.602531565758756        4.0000000000000000                1
   9.4932011065809245        6.0886428169146019        24.471244011173354        4.0000000000000000                1
   11.153076953617497        6.9287766043294425        18.202143640090117        4.0000000000000000                1
   9.6151127320056258        6.0717221018458050        25.582378220435871        4.0000000000000000                1
   6.0716446665128894        8.5033124804267128        37.836055214446525        4.0000000000000000                1
   9.6493589832246105        11.913807452022143        18.458587043224281        4.0000000000000000                1
   6.0543012626604034        9.2403481392333724        31.554423791267102        4.0000000000000000                1
   11.979211074999499        9.3499440152814124        32.829286868183544        4.0000000000000000                1
   11.687923846986243        7.7608563494108749        2.3668246718593600        4.0000000000000000                1
   9.9389319598478441        6.1558725014783446        12.601567438327038        4.0000000000000000                1
   11.639512330445845        7.5943863452403253        17.503547029317737        4.0000000000000000                1
   10.439979982064562        6.3790852984819901        33.136937527829204        4.0000000000000000                1
   11.868251249755021        9.7915964009153704        5.8219149604439995        4.0000000000000000                1
   6.6859016394890212        7.1658043143761692        35.242899581224961        4.0000000000000000                1
   6.0170734034960844        9.2850468370049875        23.582091516284468        4.0000000000000000                1
   11.086968465756451        6.9340399197615312        25.337429601502297        4.0000000000000000                1
   6.5541304024807889        7.3290243589461879        25.893268508526742        4.0000000000000000                1
   7.5800773800028782        6.3819997545816829        30.068299193749741        4.0000000000000000                1
   7.9178322413855033        6.2145219250828037        2.1624606949253375        4.0000000000000000                1
   6.0595786179173583        8.7149483161873427        13.266959864689548        4.0000000000000000                1
   7.4099778379683992        6.5075062257318663        13.786173611353410        4.0000000000000000                1
   11.078577702290630        6.8652757587880648        8.7821268734895064        4.0000000000000000                1
   11.040485546690457        6.8055568766154257        24.240522994644159        4.0000000000000000                1
   11.977748074613700        8.8860769279656946        5.3450927727441471        4.0000000000000000                1
   6.6706071449655884        7.1360299055806866        4.8820581066342053        4.0000000000000000                1
   6.0309022662675860        8.6829898335946485        5.0079368555947523        4.0000000000000000                1
   6.5480131289930004        7.3063241863019730        33.943355571605629        4.0000000000000000                1
   11.786498517569402        10.076071368739903        23.888667217362023        4.0000000000000000                1
   7.0557641560908104        11.254888937338016        26.959315328978338        4.0000000000000000                1
   9.1921757737410026        11.976515881698399        14.948701632944191        4.0000000000000000                1
   11.691386501285118        10.307403302456533        34.410032873977343        4.0000000000000000                1
   7.5596143845650543        11.604967835095101        21.905502438572267        4.0000000000000000                1
   9.3697502318693999        11.910004153840649        20.950018291464808        4.0000000000000000                1
   11.280290652534571        10.881164193737890       0.90685331672054381        4.0000000000000000                1
   6.9068596723724056        11.099349392962324        13.048750787358834        4.0000000000000000                1
   9.6155721347592280        11.931521381928286        19.780911042946105        4.0000000000000000                1
   7.3364809260098003        6.5659207402551862        20.685966545197061        4.0000000000000000                1
   6.2810813340099498        10.177994469179001        15.969732033376602        4.0000000000000000                1
   10.762586932286167        11.404074478620606        23.674790069499771        4.0000000000000000                1
   10.313821052685068        6.3629926037117333       0.19909520467868869        4.0000000000000000                1
   11.845799592240308        9.8102899559477432        29.329846481967071        4.0000000000000000                1
   6.6146163078329847        7.1879164843529297        20.165088086527959        4.0000000000000000                1
   7.0917732211619562        6.7086865416010291        25.025068583779305        4.0000000000000000                1
   6.4410978403386538        10.504562831655639        35.811841941645177        4.0000000000000000                1
   6.2279275787059101        7.8726335591699383        4.1580719668441199        4.0000000000000000                1
   6.0037963578544833        8.9114309616858858        26.213411241773965        4.0000000000000000                1
   7.8503561127890036        6.2341524264933534        32.543368504640206        4.0000000000000000                1
   7.6400744675996499        6.3417137394559644        7.9222174963122729        4.0000000000000000                1
   10.686488549997417        6.6150359694304743        5.0462095143271091        4.0000000000000000                1
   8.5555820497753317        6.0443702706034470       0.11504933274380220        4.0000000000000000                1
   8.6823980872190987        6.0246593311618417        1.5293403785502022        4.0000000000000000                1
   6.4960899321037218        7.4254568732671276        9.4813434152672293        4.0000000000000000                1
   7.2772339591172894        6.5564705243314405        12.572855868916125        4.0000000000000000                1
   9.8403189607855737        11.872537856862145        16.976158770447636        4.0000000000000000                1
   10.519399148616632        6.4186604020540292        2.5195652980478043        4.0000000000000000                1
   11.774285344529881        9.9492040603776370        38.994622387417827        4.0000000000000000                1
   11.951530003953323        9.4178843949264035        34.026220420899882        4.0000000000000000                1
   6.0253847973582637        9.2443825304938088        16.615691587064859        4.0000000000000000                1
   11.027013864742173        6.8351201140916551        17.057774934707453        4.0000000000000000                1
   11.539326643399635        7.4380306969482826        8.1038206667764161        4.0000000000000000                1
   8.7949538866235137        6.0352946475993408        11.128461026995813        4.0000000000000000                1
   11.822025349568852        9.8295961143688668        14.126645219812916        4.0000000000000000                1
   11.660384162952443        10.199802157262450        1.5671638245050292        4.0000000000000000                1
   8.7206822514728124        11.963564353246372        2.3349776428298297        4.0000000000000000                1
   8.3611980376984114        11.907717690626423        22.526907344092461        4.0000000000000000                1
   6.1909554044660684        10.048638451747856       0.52185407164462405        4.0000000000000000                1
   10.134578133549899        11.698033973710571        21.610385616729626        4.0000000000000000                1
   6.4074134352149690        7.5704974850414937        8.1634720734649449        4.0000000000000000                1
   10.919556073121061        8.2074930877395964        12.876834535009072        4.0000000000000000                1
   6.0929015853748112        8.4279386017369227        15.980768163483200        4.0000000000000000                1
   6.3140220575566337        10.331925247125785        21.798006799631569        4.0000000000000000                1
   10.900393865161931        6.7113744760424794        22.880570231637133        4.0000000000000000                1
   10.835908576535953        6.6493917455046372        6.5091646320766108        4.0000000000000000                1
   7.1375058429956146        6.7188533910413755        9.7956284789510448        4.0000000000000000                1
   10.888681860632055        6.6888514529081045        38.258618591025773        4.0000000000000000                1
   11.982409471862949        9.0907383701403184        23.058614582274298        4.0000000000000000                1
   10.961799408042276        6.7316691060371339        15.952673416940170        4.0000000000000000                1
   8.3268328346725138        7.0080663634299025        16.497110839670555        4.0000000000000000                1
   8.0796336485741644        11.783209583812416       0.58479886619513988        4.0000000000000000                1
   9.7506796652802805        11.869802111069587        10.134900223348380        4.0000000000000000                1
   6.8288911411740152        6.9443146473997333        29.689260297582774        4.0000000000000000                1
   7.1443800068875296        11.351943846491952        33.836905609794705        4.0000000000000000                1
   8.4589865914024926        11.947669767559196        36.544257023108642        4.0000000000000000                1
   6.0309442343543269        9.0778716553921619        33.061653575290194        4.0000000000000000                1
   11.725804571542609        7.7718143424261399        18.977110737469207        4.0000000000000000                1
   6.3844243849658167        7.6524985201262359        30.291354665098567        4.0000000000000000                1
   8.9632781754371535        11.086219331029650       0.84245926533186377        4.0000000000000000                1
   7.1621448502829779        6.6476782088981956        19.469176846402352        4.0000000000000000                1
   11.506706760858210        7.3637552177608532        38.684301963992326        4.0000000000000000                1
   7.7714910234661509        11.634001993516014        12.307484302337398        4.0000000000000000                1
   6.1272391810299496        8.3129817053169734        17.258347294145672        4.0000000000000000                1
   11.711860221904013        10.281840224959877        26.158320548517253        4.0000000000000000                1
   8.7989045363737119        11.931850790182754        10.757082989373592        4.0000000000000000                1
   10.527909135153848        11.520657447166366        32.987530015411330        4.0000000000000000                1
   11.980230389891677        9.1052622736599460        7.9175459312148755        4.0000000000000000                1
   6.3181881822003030        10.217830946968849        38.257331931868791        4.0000000000000000                1
   10.925043724770317        6.7552470027349178        7.6719312140460536        4.0000000000000000                1
   7.6672959520765591        11.685007318903734        20.756012607574206        4.0000000000000000                1
   6.2543396622102030        10.085867213718734        17.155367706341295        4.0000000000000000                1
   9.5820428150417829        11.889650221750843        11.519294650487250        4.0000000000000000                1
   6.5935872320664215        7.2768681787144205        33.890028125501779        4.0000000000000000                1
   11.369782511201260        7.1647156849548166        27.911807253235917        4.0000000000000000                1
   8.1842087587280812        11.870122700330962        7.4639636001844387        4.0000000000000000                1
   7.1773662569284378        6.6538166638013720        2.7894987622650413        4.0000000000000000                1
   11.151498149331545        6.9517165314900700        1.8344032194139739        4.0000000000000000                1
   7.6857442543308583        6.3064859507766338        39.621884228767911        4.0000000000000000                1
   9.5296526159262775        6.0570629127902285        9.2455490609195383        4.0000000000000000                1
   11.446811186143648        7.2908988832757089        22.190421463816115        4.0000000000000000                1
   6.1529124899049661        9.9081774240689366        18.767783405774633        4.0000000000000000                1
   8.0900662047728709        11.827869184432117        32.289929552330804        4.0000000000000000                1
   7.2573337281976098        11.401539368873747        1.0326908122179135        4.0000000000000000                1
   10.269051204092442        10.515156723389678        1.1381410694765046        4.0000000000000000                1
   11.142588925199320        11.065706349317018        10.068626653069646        4.0000000000000000                1
   9.6849388021181344        11.898967226869829        33.563457217479268        4.0000000000000000                1
   7.7671419553836110        6.3137162349301885       0.76590402345866682        4.0000000000000000                1
   8.0726631960535205        11.851185013563569        17.110895227691088        4.0000000000000000                1
   8.2314845388415563        10.864755860741855        20.577746383713574        4.0000000000000000                1
   9.5684343144184485        11.894658886971694        19.781588706426881        4.0000000000000000                1
   11.443673369306289        7.3180428245896714        29.168154595758832        4.0000000000000000                1
   11.979040937865228        9.0390569900690760        30.023331150191666        4.0000000000000000                1
   11.407413676163332        10.775967249105395        31.487185721894605        4.0000000000000000                1
   6.4124001119899576        10.454275485070864        13.728427842661242        4.0000000000000000                1
   11.992111163626028        9.2021732356779822        31.345616227977349        4.0000000000000000                1
   7.1965898502336172        11.396678040527334        25.578888511949717        4.0000000000000000                1
   6.5663484235387468        7.2671201172547502        11.848018662037569        4.0000000000000000                1
   6.3471645356503439        7.8783580021542079        13.819627226255792        4.0000000000000000                1
   6.1434411418070711        9.8869958399860245        1.9203419449646411        4.0000000000000000                1
   11.906125548772835        9.6393291787099837        35.323780702442086        4.0000000000000000                1
   7.6155790974747060        11.620927780655547        37.009995263393179        4.0000000000000000                1
   11.268257831029404        7.0402080093505228        19.629933010851882        4.0000000000000000                1
   6.3033261720068854        10.284968784381967        6.5853182130374108        4.0000000000000000                1
   7.7288769773316091        6.3040765408153687        24.302665532520439        4.0000000000000000                1
   11.255473340763430        10.938187401351390        8.9022891990293722        4.0000000000000000                1
   11.229750844048716        7.0492390576339305        34.674098186231362        4.0000000000000000                1
   11.859912538956953        9.8999893157064172        22.440946110882397        4.0000000000000000                1
   9.7730475829999417        6.1110748285441385        35.088167721260902        4.0000000000000000                1
   6.1289253050532526        9.7312161497653928        19.961830309195133        4.0000000000000000                1
   11.544915755155673        10.551351077587229        36.885478726595977        4.0000000000000000                1
   8.8448375026863104        6.0310150866251453        34.569072716810986        4.0000000000000000                1
   9.2624392892983956        11.939170017987788        22.045860478879185        4.0000000000000000                1
   6.4704166634480487        10.482833860408302        27.453935500593911        4.0000000000000000                1
   8.7928639982085919        11.969053450572337        10.685185291892907        4.0000000000000000                1
   11.919025995330728        8.3444476801302052        8.5651567307687415        4.0000000000000000                1
   10.061640861572721        11.790978229647218        6.1430393007341788        4.0000000000000000                1
   6.9093259657569943        6.9451188158777439        22.747621652908943        4.0000000000000000                1
   7.9264876352081384        6.2046866544028738        33.796111418546872        4.0000000000000000                1
   6.6520422251977065        10.800361016482380        24.907687942856544        4.0000000000000000                1
   6.9911846516083864        6.8414412818443884        8.5529883992113600        4.0000000000000000                1
   11.898551797178641        8.2853192438650805        30.897678430888107        4.0000000000000000                1
   8.5691484158194999        6.0494449665243524        16.834848637531486        4.0000000000000000                1
   7.6460782428688763        11.633153282370985        28.723285043519951        4.0000000000000000                1
   6.0543099399162124        8.9922830747484355        10.907992123033795        4.0000000000000000                1
   7.6500940681579106        6.3648619212408306        7.9414858177534056        4.0000000000000000                1
   10.459260566992768        11.611683801889555        34.180691955360061        4.0000000000000000                1
   7.1388480023658412        11.311639935460951        10.389817122707280        4.0000000000000000                1
   6.2279772560143334        7.8584938602589967        20.819438664080472        4.0000000000000000                1
   11.624518832755975        10.426226028406157        20.379162065971400        4.0000000000000000                1
   7.1589892190417297        11.364699841402505        25.596789767136745        4.0000000000000000                1
   6.9999537883254650        6.7996796526609184        16.914258186332688        4.0000000000000000                1
   11.882207170968037        9.6882537968611313        36.384265928206318        4.0000000000000000                1
   11.774620745397268        10.108190010786910        32.147716937209360        4.0000000000000000                1
   8.2567713220707297        11.868594357490668        39.144514817240037        4.0000000000000000                1
   6.5558763772355517        10.704696840642148        1.1844471733295081        4.0000000000000000                1
   6.0289788769156614        8.8432423227831869        11.984264276052729        4.0000000000000000                1
   8.1336134947433187        11.800844937452867        23.992425618695314        4.0000000000000000                1
   8.7402466912199550        11.956479865264296        18.937286909570265        4.0000000000000000                1
   11.607243351147375        7.6029924146161694        9.2489717539042839        4.0000000000000000                1
   7.1071081570816306        6.6953753872177133        18.022231647597977        4.0000000000000000                1
