     1000000
           1
  0.10000000149011612     
   6.6041097255995842        3.1746025305068355        3.2591410553164155        2.0000000000000000                1
   6.6776868879874867        6.6613727160351530        22.818269075783395        2.0000000000000000                1
   8.9164447182715083        5.8287339816696031        19.932140280960908        2.0000000000000000                1
   5.4777230092612159        8.8782060052401182        25.671968737770076        2.0000000000000000                1
   5.5088472437063940        8.9380793850853753        21.393819413663014        2.0000000000000000                1
   5.8999947963340000        3.0054559347087841        8.1174858000436725        2.0000000000000000                1
   8.5464816964900034        7.4545388090295734        17.514760562010775        2.0000000000000000                1
   5.0283673034292740        5.9982759142692972        35.226101220860720        2.0000000000000000                1
   5.8610800421852574        3.1687709406912212        34.330390882480046        2.0000000000000000                1
   5.8590377959820898        7.2843252075090508        22.574635398004162        2.0000000000000000                1
   8.1787864825772640        7.6448440246762193        21.594417537001661        2.0000000000000000                1
   3.4148067421831807        4.5490729675342294        29.274405935376475        2.0000000000000000                1
   6.7652466917156548        8.8910490341882085        19.611794144052755        2.0000000000000000                1
   8.8591481388074591        6.5173965877731463        17.353323294715011        2.0000000000000000                1
   3.5240330619571130        7.6360242818509327        10.239652430533749        2.0000000000000000                1
   3.6730585931339310        7.6296203773142839        9.0998582425213197        2.0000000000000000                1
   3.3413381366355197        7.3520991057604999        33.166502686384575        2.0000000000000000                1
   6.4572524690431212        4.8715816392705946        11.501048382915931        2.0000000000000000                1
   8.4899957511677719        7.6636462455840002        6.7623764090065732        2.0000000000000000                1
   3.8887382263731274        4.0732562598967181        11.663189305588215        2.0000000000000000                1
   7.4200207352875918        8.5708929405255727        39.012811788125738        2.0000000000000000                1
   3.0703885673894717        6.1547450469475891        3.2513378003998530        2.0000000000000000                1
   6.7038534312551095        3.0949802468624736        39.965592395210329        2.0000000000000000                1
   5.5022466536855639        3.2573781776830493        12.603828220534496        2.0000000000000000                1
   4.8948363143332969        5.7170351287715260        37.252951445904465        2.0000000000000000                1
   6.0579220024128828        3.0239919668365016        16.582222178284958        2.0000000000000000                1
   5.2330824033684147        5.3003739092785178        25.998856202188996        2.0000000000000000                1
   5.7480834042979563        8.9645035748146018        19.362511858806371        2.0000000000000000                1
   7.8195919026742846        3.6594273031327011        1.5408849321494862        2.0000000000000000                1
   4.4645628073990977        7.1001656240611046        4.3375298350172358        2.0000000000000000                1
   6.4343907172059724        5.2009369124650409        4.6616041256741134        2.0000000000000000                1
   8.5275103092244642        5.2447546006411141        12.898404138217623        2.0000000000000000                1
   5.7938051412771863        7.1525985117352873        20.464898649653264        2.0000000000000000                1
   7.0309495244729492        5.7892879228688408        35.856071659206819        2.0000000000000000                1
   7.1687167727899155        3.8885250171632615        23.999043271486038        2.0000000000000000                1
   3.5209371009983821        4.3133947073874586        13.922169930265362        2.0000000000000000                1
   3.5242883933692575        4.3570852444425938        35.869453814655529        2.0000000000000000                1
   6.6311172273485983        4.9459185415305917        7.1041152140438042        2.0000000000000000                1
   3.1316156716382695        6.5605504781857995        16.216208190738552        2.0000000000000000                1
   8.0590919241746430        8.1795394596423581        13.044136530469965        2.0000000000000000                1
   4.8171726883808610        5.8129535337054259        23.816562852304013        2.0000000000000000                1
   6.7265496188087015        8.7993313398488251        7.0654789311637174        2.0000000000000000                1
   5.6337824481772838        3.0487977088710156        30.305127468113426        2.0000000000000000                1
   4.8231478246179043        5.5846039681910344       0.24324037934005938        2.0000000000000000                1
   8.8147849391982351        5.0725309355491417        30.648404057440025        2.0000000000000000                1
   3.0606666883462270        6.5786719614995750        29.216319587613409        2.0000000000000000                1
   6.5363483047583282        6.9757474524863765        16.547411337275314        2.0000000000000000                1
   7.6897644588577396        3.6126936464279398        24.996707950150839        2.0000000000000000                1
   7.7363689220777880        8.4108032635506138        25.684989204784944        2.0000000000000000                1
   8.1934381950527495        7.7279792656910997        34.220399427478156        2.0000000000000000                1
   6.0797123637445836        7.2533426860490495        24.639216362259340        2.0000000000000000                1
   8.8287379736053140        6.6271144077735542        11.264669136880407        2.0000000000000000                1
   8.9645618838860859        6.3008473131470542        30.634000303487213        2.0000000000000000                1
   3.0597743336414083        5.5634679914309988        34.253384470238373        2.0000000000000000                1
   7.0542470120338923        5.7673889354392953        7.5012790122068420        2.0000000000000000                1
   5.6798215833200425        6.9547158723480180        39.051839435873696        2.0000000000000000                1
   3.1673618056303559        6.9878493197318701       0.13257514421007174        2.0000000000000000                1
   6.7557736232983077        6.7926872124534334        31.216643028651024        2.0000000000000000                1
   4.9496613256117481        6.2798355389948926        26.110591234879781        2.0000000000000000                1
   5.5504367425193957        8.9243773461105143        3.2451749677122503        2.0000000000000000                1
   3.9405903073572990        3.9821168808085381        24.821052926776851        2.0000000000000000                1
   6.8240778994373370        5.5115046981723133        9.5094760883363847        2.0000000000000000                1
   5.6714948751340746        4.9387987918135732        17.531630456395714        2.0000000000000000                1
   8.7992846464338115        6.3851363590303585        2.1681997443804031        2.0000000000000000                1
   7.4939502345403586        3.4300703505794581        12.421634712601294        2.0000000000000000                1
   8.6523624837527464        4.6328371630057656        3.2908135235537315        2.0000000000000000                1
   4.5450156160892181        8.5537577765825326        21.490266483155974        2.0000000000000000                1
   6.6048589949808134        8.8988889993993965        21.605782555549613        2.0000000000000000                1
   3.0952247008377944        5.4126705506143997        31.095776372944492        2.0000000000000000                1
   3.4776784914931982        4.7140880296679661        9.1825952661572536        2.0000000000000000                1
   5.5080046977017307        7.0560351451837517        35.161122389691108        2.0000000000000000                1
   3.0859649799887761        5.5747160004543375        16.409159299516364        2.0000000000000000                1
   4.8253151389020523        5.5425908693239805        12.752898891456578        2.0000000000000000                1
   8.1474677980471224        8.0361471516067962        38.466164712213605        2.0000000000000000                1
   6.8656648444645043        3.1946600209297289        10.092346925623078        2.0000000000000000                1
   4.8131533101203097        5.9762317884441476        10.422845689689341        2.0000000000000000                1
   7.7086101055858913        3.5364179144385743        6.1422356265430338        2.0000000000000000                1
   3.0744020376513452        6.0376467952324209        20.554130260410840        2.0000000000000000                1
   8.6485658573455275        4.6409801547387817        28.634665538336943        2.0000000000000000                1
   4.2288939325667938        3.6099424395133393        37.749798904409140        2.0000000000000000                1
   7.5958363199656587        3.4626958916611592        31.249990967839391        2.0000000000000000                1
   7.7917047988185137        8.2476848415887840        17.558381294522388        2.0000000000000000                1
   6.0350497656058630        3.0831804581370461        27.554070092655344        2.0000000000000000                1
   8.5215490229819970        7.6150406993491719       0.56400677220185669        2.0000000000000000                1
   5.1037307065752069        6.2084343739120724        6.2113634323130968        2.0000000000000000                1
   4.7489158872093782        8.6744159908728058       0.18660747175244838        2.0000000000000000                1
   5.5739452569194174        4.9170500578670540        28.252077294316148        2.0000000000000000                1
   3.8023503016008635        7.8342732267729662        36.056868264585574        2.0000000000000000                1
   5.1774434209855489        6.4589145596166535        8.2464998800191420        2.0000000000000000                1
   3.0736681419210168        6.0119947941138197        11.506161477433880        2.0000000000000000                1
   8.4298504350919679        4.3724345630591950        6.4400707518213620        2.0000000000000000                1
   3.5405375944340109        4.3143577245154345        18.518705761226677        2.0000000000000000                1
   7.3152108448002204        5.9302804778327562       0.22191385211741582        2.0000000000000000                1
   8.1973613750397938        8.0114224835812582        15.452097003413442        2.0000000000000000                1
   3.1467458349972293        6.7186285383135598        27.206040801085134        2.0000000000000000                1
   8.5806087124134489        7.1711561700307360        1.5766887033861068        2.0000000000000000                1
   7.7198002717955276        3.6043250238924491        17.627659489369648        2.0000000000000000                1
   7.1400631774233787        5.8023000646560874        5.2460462459764745        2.0000000000000000                1
   3.9147926802485498        3.9459033606374829        5.3933694094110853        2.0000000000000000                1
   5.5636837180707772        7.1965525218792559        16.207299570214040        2.0000000000000000                1
   3.0597730268313343        5.8678174759384305        25.127791781580147        2.0000000000000000                1
   6.2361992915080311        3.0301127788143378        36.297891612360232        2.0000000000000000                1
   7.1071246615661261        5.7889890752259596        27.250664422904137        2.0000000000000000                1
   6.1811647268406951        7.1171447043407881        28.996500663357093        2.0000000000000000                1
   3.8102954647925475        7.8810146761207589        38.138121988469102        2.0000000000000000                1
   8.9014460946386205        5.3447952843558806        26.193152544614577        2.0000000000000000                1
   6.8996499381482739        8.6963065042858165        13.344743155125334        2.0000000000000000                1
   6.8781258446432449        5.9737712570183215        14.292715674249793        2.0000000000000000                1
   3.4630124637968382        7.2297841518075829        22.659421163620891        2.0000000000000000                1
   7.5706784764062585        3.5071778127718725        39.381647995686698        2.0000000000000000                1
   3.1041302490246978        5.2631491479369004        13.947012673070050        2.0000000000000000                1
   5.4323040662357558        3.1024450645691637        1.5578884337560481        2.0000000000000000                1
   5.0231712482010975        5.4650446298226756        21.568407705237053        2.0000000000000000                1
   5.7648456189453894        6.9663943019411247        6.2845698449226912        2.0000000000000000                1
   8.7759957703391631        7.0932549967503551        9.1454950577957383        2.0000000000000000                1
   3.7868249450790774        4.2041423785564609        22.651860302511096        2.0000000000000000                1
   3.3698001435828528        4.8672771842155038        25.028693410183639        2.0000000000000000                1
   6.8823496481538138        6.7109690238256574        12.228786372499048        2.0000000000000000                1
   8.5708850962711178        4.5060907110692821        26.631438993058222        2.0000000000000000                1
   3.7439729527731509        4.3294989090743075        1.4198073284242312        2.0000000000000000                1
   3.2896779863131074        5.0296519454314277        38.906923610568839        2.0000000000000000                1
   7.1734625747452538        8.7432221344934913        23.742259720348553        2.0000000000000000                1
   6.0340860266602778        4.8884975889763025        9.1482989477555741        2.0000000000000000                1
   5.2008164437646442        3.1916968100884890        18.707105146904297        2.0000000000000000                1
   3.8927586680252722        7.8047265910947621        2.1569302856882460        2.0000000000000000                1
   5.2968496657101882        5.2237255964512306        4.4247297713153717        2.0000000000000000                1
   4.7221281058853686        8.6005047174372748        19.478461868137032        2.0000000000000000                1
   5.5070973255152786        6.9888894538434734        33.090927964961651        2.0000000000000000                1
   8.5477401031992670        7.5271185044096676        27.504220393444495        2.0000000000000000                1
   3.0288864985404964        5.7749053666148766        9.4849551971315584        2.0000000000000000                1
   4.9336628597757315        5.7028482878075843        17.382965702531919        2.0000000000000000                1
   3.3839388008557965        7.3925934719485511        18.346342048657370        2.0000000000000000                1
   7.1060928558147172        5.9063451751233611        31.560042941578693        2.0000000000000000                1
   8.3769729031457647        4.5554973773285701        10.622664461972656        2.0000000000000000                1
   5.9667483752582653        7.1387353001297154        12.229408970480927        2.0000000000000000                1
   7.3927307739034429        8.6540280804215861        15.464250272761122        2.0000000000000000                1
   6.7857410225695531        8.7781013576236315        25.804797445093339        2.0000000000000000                1
   5.6418937515074363        8.8087729392018677        37.963764246096069        2.0000000000000000                1
   5.1274443674241432        7.8732464042528605        27.426040430989193        2.0000000000000000                1
   8.1139201460369392        8.1212603842486129        23.679326536959159        2.0000000000000000                1
   5.4480047243740195        3.0633302472628685        20.802397698031630        2.0000000000000000                1
   3.1801065360151037        5.3446227603196359        36.276710162790678        2.0000000000000000                1
   8.3107016102733464        7.8979671989930322        31.820635115487399        2.0000000000000000                1
   7.0092453817173279        6.3364677258576965        10.151328013842564        2.0000000000000000                1
   8.1140596983610518        4.0171367233823947        22.065684200522735        2.0000000000000000                1
   6.9606849141016092        6.3653596899156382        2.9934902225976674        2.0000000000000000                1
   5.6495470277138153        3.0335846270056162        6.0580100091979423        2.0000000000000000                1
   6.6041922491932255        7.0006153774964117        14.437767579231569        2.0000000000000000                1
   6.9309252330148770        5.4403439360263519        2.1969285662818332        2.0000000000000000                1
   5.7288115023992212        8.8697517480532593        27.931188527717627        2.0000000000000000                1
   4.2588238171776522        3.6185803160017667        18.605037831025786        2.0000000000000000                1
   3.2451345167509542        6.9749760348027570        7.2000058650989409        2.0000000000000000                1
   3.6407824537006754        7.6505254159356699        27.026515088775156        2.0000000000000000                1
   6.2986940603590282        3.1580993661189884        14.522998528915652        2.0000000000000000                1
   5.5109792848082115        8.9509611809185419        35.945673705452492        2.0000000000000000                1
   5.7025529685460903        3.0443727051526461        25.349418005702372        2.0000000000000000                1
   4.7988850793418898        8.6975970197250589        7.6993703769059625        2.0000000000000000                1
   6.0603954554965780        8.4424947086708482        7.8504246263267063        2.0000000000000000                1
   8.4571046048625114        7.1823100788106826        23.778430523913091        2.0000000000000000                1
   5.6593833725347666        8.9727802998140405        32.386323157661913        2.0000000000000000                1
   8.5332406988623024        6.9090712927178775        15.406202005714121        2.0000000000000000                1
   6.6963250675133210        3.7882242098300107        26.931697871544689        2.0000000000000000                1
   5.5875027755996127        4.9313448074296451       0.75018655209598772        2.0000000000000000                1
   8.1987592594174590        4.0544782997882960        37.264013082175495        2.0000000000000000                1
   3.2127979612098927        6.8848169608918743        25.173642326115566        2.0000000000000000                1
   5.4605603009531212        5.0050179357808871        15.384221562234840        2.0000000000000000                1
   3.7948283325582861        8.0024286113955370       0.15864549162185010        2.0000000000000000                1
   6.8895613621465976        5.1489763142986522        38.381396564427760        2.0000000000000000                1
   8.7498755463299211        4.8289757869046879        22.038381686308657        2.0000000000000000                1
   6.5274429994159329        3.1158566872048090        12.495212279229181        2.0000000000000000                1
   6.5207136811040769        5.0139181544896321        36.297986591963550        2.0000000000000000                1
   8.7798143941077740        5.6221978523223601        6.3893214131424436        2.0000000000000000                1
   3.7078909455915676        7.6973354782081058        6.2634864403382426        2.0000000000000000                1
   7.6227483043809015        8.4409610216666149        32.411080119053899        2.0000000000000000                1
   8.9626763038523993        6.3454332888098843        25.944602209851087        2.0000000000000000                1
   4.1290620830767768        3.7637428259123831        33.484260509631973        2.0000000000000000                1
   4.1081598350531534        8.3133729473683626        29.230973677585794        2.0000000000000000                1
   7.1191372234407835        3.2582744771371148        19.653486443854383        2.0000000000000000                1
   4.5591597540553632        8.6074621060415240        34.214067463639161        2.0000000000000000                1
   4.5247465804544982        8.5939372963131717        11.788580077828602        2.0000000000000000                1
   8.9339871181499646        5.8430230212402758        22.034210299913617        2.0000000000000000                1
   7.1778408266998621        5.8080761467889888        22.996187070466412        2.0000000000000000                1
   4.8463607100359747        3.3045398538535555        9.8229045373425574        2.0000000000000000                1
   7.1023193032119236        6.0707185051134136        37.895479472271340        2.0000000000000000                1
   3.9529942977516526        3.8320842192364579        9.5167644196164076        2.0000000000000000                1
   7.5528612790365699        8.4907065326635198        21.691730148240229        2.0000000000000000                1
   5.9092355078789023        7.1626440785138481        18.437477779689981        2.0000000000000000                1
   6.8020207739497431        6.6913124954048175        26.843847887450007        2.0000000000000000                1
   7.8853443929282685        8.2661662838834804        27.782282826983487        2.0000000000000000                1
   3.3146333846817115        7.2316541571142006        35.375263815507743        2.0000000000000000                1
   3.1483412353173912        5.3892046827592672        1.3666716081861467        2.0000000000000000                1
   8.7151309783329491        7.2050500784230973        4.1142993067688201        2.0000000000000000                1
   5.7006635291028234        4.8460914739460090        19.786350182115495        2.0000000000000000                1
   5.0905949394303205        7.7493205902576454        11.813795132619493        2.0000000000000000                1
   7.0239598689207270        5.8816306474802529        33.856295998049063        2.0000000000000000                1
   5.8771228888802254        3.0945961776617144        10.377982822698229        2.0000000000000000                1
   6.7677833470141255        3.1897870173322667        17.268278065612268        2.0000000000000000                1
   3.9135577504472678        8.0119171504831890        17.699179052809406        2.0000000000000000                1
   4.2406876999829164        7.9664008448948467        31.208821841744768        2.0000000000000000                1
   4.6715767961959394        4.5214224831756802        7.2303063316650373        2.0000000000000000                1
   5.3087289598592609        8.8916662685333581        15.174578471155019        2.0000000000000000                1
   8.2230908545959931        4.0571496913530352        30.705645332269803        2.0000000000000000                1
   5.4804063098512978        3.1029592369592143        23.105304656427766        2.0000000000000000                1
   6.6536517176883780        3.0952660373521379        4.2770294339070567        2.0000000000000000                1
   3.9671968950525187        3.7938499843394937        7.3918640973603376        2.0000000000000000                1
   8.6892145356951804        4.7292076587515748        8.5555308243737880        2.0000000000000000                1
   5.9399580760845909        7.2272709656434637        1.1955963310778523        2.0000000000000000                1
   4.9248770491322489        5.5437814805291481        19.414712642563362        2.0000000000000000                1
   8.8012031822473773        5.2211527058926270        39.077649441249449        2.0000000000000000                1
   4.7119934074550054        5.6868966019513199        15.164939215705164        2.0000000000000000                1
   5.3278110363627595        8.8625765238649858        9.8217787734212845        2.0000000000000000                1
   8.8384975771037446        6.8985006365752213        36.797555847815836        2.0000000000000000                1
   5.9598218541629686        4.1503674590425836        34.559924736794393        2.0000000000000000                1
   8.8340647903135938        5.5547028282787840        10.753771637483789        2.0000000000000000                1
   8.4052009451321741        4.3077632271962676        4.2358923089330016        2.0000000000000000                1
   4.8681711209167924        6.2652941306312995        39.362463260534632        2.0000000000000000                1
   7.0035214485121147        6.6660048590742500        18.648604642759000        2.0000000000000000                1
   3.6216467388046070        7.8215331756256949        4.2609261460933610        2.0000000000000000                1
   8.5541515816947964        4.6692299070738343        1.1595276504870848        2.0000000000000000                1
   4.5162433367748394        3.4805987010140989        3.4325474737658377        2.0000000000000000                1
   7.7866236629715306        3.7483646795750052        10.465221445721069        2.0000000000000000                1
   3.9107334306006183        8.1133570726405129        13.788657628051446        2.0000000000000000                1
   4.4927896632056923        3.4097911594727379        20.596972439395060        2.0000000000000000                1
   8.9345637294567410        5.5227140359703668        34.682241162778105        2.0000000000000000                1
   4.7363211487295844        7.3841430655189910        13.797447985263519        2.0000000000000000                1
   4.2635785670099375        8.2627600761767148        24.174962236618420        2.0000000000000000                1
   5.8966348185653370        8.9701934200416513        17.285099093095749        2.0000000000000000                1
   6.3227772280145729        3.2151854713402233        29.599135199180310        2.0000000000000000                1
   8.9596484495955906        6.2090819110914195        38.807890493291325        2.0000000000000000                1
   3.0875609932999883        5.5260290382274073        28.865215836191403        2.0000000000000000                1
   8.1267394063411373        8.0445691542608877        29.768895569102821        2.0000000000000000                1
   3.4383503744462551        4.4668153863940443        16.475825749343649        2.0000000000000000                1
   5.5505293587529536        5.0769652334435342        24.009259298284526        2.0000000000000000                1
   3.2959853039017828        6.9339532866222484        38.112494512352455        2.0000000000000000                1
   5.7534681608693976        8.9672924400194027        8.5767714876292311E-002   2.0000000000000000                1
   7.5543235334807424        3.5130408994536970        33.316087406707311        2.0000000000000000                1
   4.9243912268817107        5.9202669433738704        2.4519395630423109        2.0000000000000000                1
   3.1586941934773831        5.0580546307099539        3.3859191736488401        2.0000000000000000                1
   4.7762289693790780        8.1671522803393408        2.6028984013502878        2.0000000000000000                1
   7.2618465934737468        3.3026395680091980        21.970465359031625        2.0000000000000000                1
   3.5356464345221932        4.3011028099912370        38.086729880339718        2.0000000000000000                1
   6.7335045236439672        8.8652498351831763        11.352545603441863        2.0000000000000000                1
   6.8903201026201311        8.8377739198490985        39.853925072668176        2.0000000000000000                1
   3.1660698752911167        6.9795223890503904        12.133323041972169        2.0000000000000000                1
   5.0860362572456328        6.6982605888365399        37.144981910262047        2.0000000000000000                1
   6.3418894510892150        3.0227286237541686        37.431676486783289        2.0000000000000000                1
   3.0751899719051559        5.3767715539320653        32.224924898535484        2.0000000000000000                1
   3.7937742167819564        7.9776192194209496        22.056278989137464        2.0000000000000000                1
   7.6073856551694838        8.4277428113538946        36.398905013482498        2.0000000000000000                1
   3.0764545061680306        5.3891237490564174        18.591362027283409        2.0000000000000000                1
   4.3303489840312785        3.5887734587036815        35.675751017324046        2.0000000000000000                1
   8.6323490633278563        5.1784558003412631        32.703112031396891        2.0000000000000000                1
   4.2730172593496389        3.7958835392259105        26.931567327526789        2.0000000000000000                1
   5.1224320690113085        6.1979100267549017        32.384944470431456        2.0000000000000000                1
   5.0266117788617102        8.7960144187284417        23.605980916061824        2.0000000000000000                1
   3.0372580848076254        6.2724331312261246        22.841141644416478        2.0000000000000000                1
   8.8760390863996896        5.2690314427084601        17.375164098524813        2.0000000000000000                1
   3.1672989743355013        5.2362015109580184        22.736904981737599        2.0000000000000000                1
   8.4051795568043524        7.5981948967999191        11.153560333774619        2.0000000000000000                1
   7.1610625674728325        5.6155764025442521        25.181454331406016        2.0000000000000000                1
   5.8453202034159268        4.5936153113836262        38.795531751407665        2.0000000000000000                1
   7.1923093009093577        7.9580265948479019        5.2649013376727396        2.0000000000000000                1
   3.6551722349092812        7.7813171077475021        24.852411839149365        2.0000000000000000                1
   8.9038431376564589        6.6051279859328931        6.5396814654921700        2.0000000000000000                1
   8.9583074575788526        6.0371963965811117        14.959891493182642        2.0000000000000000                1
   3.6801673315583017        7.4318584001510501        29.019684551733764        2.0000000000000000                1
   8.8482670185999144        5.1861697163398386        24.112351803148652        2.0000000000000000                1
   4.4897528020504431        3.4535732081696877        12.370435345306086        2.0000000000000000                1
   7.0327475995884567        3.2343497695713213        8.0730003221657061        2.0000000000000000                1
   6.5639548697521803        8.9394560179844689        34.173704833580523        2.0000000000000000                1
   4.7648655209977813        6.0901663346359065        30.151554758606196        2.0000000000000000                1
   6.9543136129844187        7.7354955549275735        36.742379260291933        2.0000000000000000                1
   6.3329452627910010        6.9155085425434706        3.5917307329157606        2.0000000000000000                1
   3.4805333138080123        4.5493508819019768        27.006095547161021        2.0000000000000000                1
   4.2734537433320865        3.6524813583712064        14.392804942932736        2.0000000000000000                1
   5.5752304569206794        7.7483023544012406        9.7836500696032864        2.0000000000000000                1
   8.1352825398708077        3.9877740946759990        15.520781719508456        2.0000000000000000                1
   8.8986710741382371        6.6499774774528904        34.796333605412187        2.0000000000000000                1
   3.2661554070872785        4.8991513547370555        11.583623105164365        2.0000000000000000                1
   7.9560957481879244        3.8015554171372714        20.016563204976471        2.0000000000000000                1
   4.4335341799759878        3.4457741733931826        22.931562241800190        2.0000000000000000                1
   7.8718710961286318        3.8230052480382022        35.292369566290319        2.0000000000000000                1
   3.3235491187001975        7.0734450500555832        20.327896977334579        2.0000000000000000                1
   8.1452145285358046        7.9304144688031419        9.1473001349757421        2.0000000000000000                1
   3.2894584063667427        4.7951792041829480        5.4425404048472474        2.0000000000000000                1
   5.9745507790382595        4.1674927826215216        32.245963929931328        2.0000000000000000                1
   5.0566826142027557        5.1611934075766071        34.651923632862236        2.0000000000000000                1
   8.4276428252494178        4.3798399916048814        17.528269084587571        2.0000000000000000                1
   8.6367899515581623        4.6324409929713877        19.709114549755128        2.0000000000000000                1
   8.9878014535955852        5.8196367322952538        36.704250040139506        2.0000000000000000                1
   3.2558764489269669        5.9996414652982883        7.4664046831803406        2.0000000000000000                1
   3.4486817718804659        7.4688919954133732        15.633840566983542        2.0000000000000000                1
   4.8503081586429309        3.2903525096824877        5.4749508814252579        2.0000000000000000                1
   8.1312650066118461        7.9853136325959531        3.4473197301637128        2.0000000000000000                1
   5.0756447102045943        5.1181450121835566        30.401404222025295        2.0000000000000000                1
   7.1625411289434222        6.6977572600896060        7.9140084664322048        2.0000000000000000                1
   7.9566004345128940        3.7500767315980417        8.3354787711477805        2.0000000000000000                1
   8.8373482158233720        6.7625328607186850        19.508698490873794        2.0000000000000000                1
   6.5951708727714360        8.7830333494475514        4.9982618711230957        2.0000000000000000                1
   7.4709586075212320        8.4140946946264723        2.7089703858997436        2.0000000000000000                1
   5.8648468882292635        8.7041624124349646        30.242526528113515        2.0000000000000000                1
   4.0891648964674001        3.6878914873592570        31.455824852973162        2.0000000000000000                1
   7.1938461511100655        5.7598296659943555        20.959629688419778        2.0000000000000000                1
   8.4027784300011383        4.2765270725067763        33.069762002073197        2.0000000000000000                1
   8.5669240154363262        4.5919019584873091        35.102929498995763        2.0000000000000000                1
   5.0102216214452300        5.7287357819701361        28.053807984066388        2.0000000000000000                1
   5.0234310485934550        3.2306730910500621        16.250307166768625        2.0000000000000000                1
   6.9320484950615526        8.7686909885991469        27.814909487980330        2.0000000000000000                1
   5.7507309225165359        4.8143050771602303        21.989755783888000        2.0000000000000000                1
   5.9349763232618429        8.9410023214426673        13.223898272928267        2.0000000000000000                1
   7.6856430456509806        8.4680552687616721        19.678378530226556        2.0000000000000000                1
   4.6937191928523783        8.4669720146658793        38.072541071644757        2.0000000000000000                1
   7.2308221295100488        5.6550498769554931        18.713641331562506        2.0000000000000000                1
   8.6209422196289420        7.2517858400024249        13.391978128962215        2.0000000000000000                1
   8.9412880863564617        6.1654413385731957        32.660872786550165        2.0000000000000000                1
   3.1336253798184757        5.8285102438161500        5.2979274113489456        2.0000000000000000                1
   5.8488077839923127        3.0376359977445055        32.333178984107086        2.0000000000000000                1
   6.9699971958901941        5.2864966361426386        29.644905097769787        2.0000000000000000                1
   6.9490028582149286        8.7846505315027343        17.502131384049708        2.0000000000000000                1
   8.9076609896123937        6.5346241933795239        28.017154234075203        2.0000000000000000                1
   3.7052819085347752        4.1115983432004128        20.601940071223627        2.0000000000000000                1
   7.1235994354715206        8.5465851201543881        30.158774739759739        2.0000000000000000                1
   8.1550917733354265        3.9568196737324439        14.475512556574323        2.0000000000000000                1
   8.9786816161906078        5.8327038559712134        8.6489784883811485        2.0000000000000000                1
   5.2481891293642482        8.7119250187803239        5.2978237356630045        2.0000000000000000                1
   6.6189800139294972        5.1003273908089426        13.723365978472325        2.0000000000000000                1
   7.4136309164366532        8.6379690653368293        9.4039927528717531        2.0000000000000000                1
   4.7201431888950562        8.7048965932413758        32.118754858218544        2.0000000000000000                1
   4.5181380380354952        3.4018239268082717        39.726986916915976        2.0000000000000000                1
   3.3926853479082593        7.4656798252837042        31.009668936477265        2.0000000000000000                1
   7.0545703597696763        8.7763492272156860        1.8541443492113889        2.0000000000000000                1
   7.1979959759100947        5.6649156894893782        16.270330390849754        2.0000000000000000                1
   6.9507342669850560        6.2430329312454846        29.194411772491666        2.0000000000000000                1
   4.6888885798673936        8.6233306783108414        17.352649119806781        2.0000000000000000                1
   4.0667050624932166        3.7186527427157090        28.937981852028848        2.0000000000000000                1
   5.4345099167177500        5.0085251081641111        32.462142466989746        2.0000000000000000                1
   8.9652312655808917        6.2939175078073477        4.4643481898778496        2.0000000000000000                1
   3.0239744611155115        6.3275657036287392        14.038168332780483        2.0000000000000000                1
   7.9769485283548454        3.7472728782547655        28.480114378803332        2.0000000000000000                1
