     1000000
           1
  0.10000000149011612     
   7.5746575372630129        6.2858455298358944        2.1654612109400131        4.0000000000000000                1
   7.1529754136168409        7.7185763935191183        24.209253662865020        4.0000000000000000                1
   6.1017759379869227        7.6855302943211621        38.398053607477102        4.0000000000000000                1
   8.2027730349011208        6.3580435258455035        2.9899044995914137        4.0000000000000000                1
   7.9646496999369463        7.3082841441387885        29.218192873905544        4.0000000000000000                1
   8.9084600789784059        7.0785338306208061        2.3958911761806441        4.0000000000000000                1
   6.5237912475540520        7.9380328781802403        6.3799411050864903        4.0000000000000000                1
   7.8154046267886015        7.3237541410450984        19.556562253444962        4.0000000000000000                1
   7.1933941670494983        8.2299554218493682        15.376419747603798        4.0000000000000000                1
   7.4045259300262094        8.8691567496091039        6.0943130634441687        4.0000000000000000                1
   8.7782148631282961        7.1684254222912980        10.701873937627381        4.0000000000000000                1
   7.8617062104536739        6.2181512830169039        20.552885393259110        4.0000000000000000                1
   6.9449946728700667        8.8648113490076028        37.908737034744291        4.0000000000000000                1
   7.8806023225624005        6.2159590863299377        11.901950587356870        4.0000000000000000                1
   6.5595059180206832        8.6083620939144936        7.1440346936822934        4.0000000000000000                1
   7.2789912946539417        8.8454680726430119        24.832105762321472        4.0000000000000000                1
   7.6478371964838097        6.3153662499597720        28.678590688978243        4.0000000000000000                1
   7.8294737641047716        6.4648328272698983        10.492935093391988        4.0000000000000000                1
   6.4824371313150868        7.6343437353877768        37.308799424367571        4.0000000000000000                1
   6.0571412228487400        7.7701687753808057        15.886704412543414        4.0000000000000000                1
   8.8672555818001921        7.9266832918876959        33.898919390798170        4.0000000000000000                1
   8.5845580009213176        6.6325511701629036        19.391588949047492        4.0000000000000000                1
   7.3355966292309418        7.5482911681052105        38.224467340271481        4.0000000000000000                1
   6.1499434323870332        8.0743852650400818        24.866476078987205        4.0000000000000000                1
   6.1875609700569978        8.2108215503095785        23.854203975036498        4.0000000000000000                1
   7.7461381496071180        8.8996519113804649        33.370457938440545        4.0000000000000000                1
   7.9578644725355785        7.5873288879276508        33.225552550902329        4.0000000000000000                1
   8.4292761443006832        7.0323481170711855        28.233822507160518        4.0000000000000000                1
