     1000000
           1
  0.10000000149011612     
   4.6609946604337722        7.2085383100398568        4.0204874457259132        3.0000000000000000                1
   5.5707033752783461        7.8429632303748464        33.277072955724627        3.0000000000000000                1
   8.4954849945535909        6.4500494995110467        7.9554782888914497        3.0000000000000000                1
   6.0667065585035171        8.3406051221774256        34.874627252081659        3.0000000000000000                1
   8.4913707395724654        6.4753535587985569        10.090872071467251        3.0000000000000000                1
   5.4312437318146563        7.3582581143824912        1.1097775617729297        3.0000000000000000                1
   8.4524123925146650        6.4918467891558880        37.576423808097424        3.0000000000000000                1
   4.5329675927046287        6.5430733783268877        29.540298487400673        3.0000000000000000                1
   6.3128779675076530        8.4649445842708175        29.331792298060851        3.0000000000000000                1
   4.5072969656906485        6.5317273147718735        9.3718317640071902        3.0000000000000000                1
   8.4955898727734205        6.3844583628465426        34.414520496180828        3.0000000000000000                1
   6.5973940481096047        8.4942587264438334        18.487463651301482        3.0000000000000000                1
   6.5371764217132693        4.5699318778894105        38.025715921369418        3.0000000000000000                1
   4.5206956660776090        6.6896541402489742        7.0476729826705000        3.0000000000000000                1
   7.1426730830594023        5.3126162823626544        30.563995994143255        3.0000000000000000                1
   4.7172037416449024        7.1204959821249121        2.9019042287662975        3.0000000000000000                1
   8.2081474380142705        5.4662276230101714        26.344766911265577        3.0000000000000000                1
   4.5161578200526700        6.5627046999959875        11.753337131182837        3.0000000000000000                1
   4.8891226289902283        5.3969864944939898        16.159153306463583        3.0000000000000000                1
   4.5037119621567481        6.5685538719729362        8.2382997975054852        3.0000000000000000                1
   4.5106804882484566        6.3944057868819595        22.413643607045739        3.0000000000000000                1
   8.4937628867822799        6.6071623390880809        14.230985360834607        3.0000000000000000                1
   5.2036720348957743        7.4524104397274451        37.630827610473489        3.0000000000000000                1
   7.4795780464752859        8.1877079236617671        17.916483164275132        3.0000000000000000                1
   8.4782518329905017        6.4162416300982121        1.6814449271572141        3.0000000000000000                1
   5.3253453260708108        4.9537638048975783        15.292865016634751        3.0000000000000000                1
   5.0557262885231626        7.6932872200656215        36.540457105740686        3.0000000000000000                1
   6.2509842506040929        4.5393468704782265        17.583735870919995        3.0000000000000000                1
   4.7055886157182902        5.6413799437857488        23.293799723728604        3.0000000000000000                1
   6.6401431396255255        4.5357012061429121        33.865012958988409        3.0000000000000000                1
   4.5660655861463919        6.8502076087620196        39.425137808191025        3.0000000000000000                1
   4.6956481055850467        5.6479967344895483        24.344098309154411        3.0000000000000000                1
   6.2303362314369730        4.5542453327211891        15.566406660900972        3.0000000000000000                1
   5.5459940641127625        7.8649616290741120        29.761117175104349        3.0000000000000000                1
   6.4092708464093295        4.5228868263888957        23.068582687058385        3.0000000000000000                1
   8.4860670739960113        6.7287809117683350        15.240883752681412        3.0000000000000000                1
   5.5378383903599699        7.9226635119963813        4.5005793793031508        3.0000000000000000                1
   4.7187712793957539        6.8613790272943769        33.670022371113369        3.0000000000000000                1
   7.4450521485472763        7.8423692876300706        21.331604050704438        3.0000000000000000                1
   4.5508379161160155        6.5487346324408238        5.9669234199252044        3.0000000000000000                1
   8.4912963279427185        6.3499427476317640        4.7569844341396381        3.0000000000000000                1
   5.2947090598911952        7.2339530462342614        11.395105748039926        3.0000000000000000                1
   7.6616992452848898        5.7245599953573176        3.7975343202535905        3.0000000000000000                1
   7.4996375640706763        4.8105554090758806        25.935716515910265        3.0000000000000000                1
   6.4067479760346817        8.4948187899193375        5.1307309892723314        3.0000000000000000                1
   6.5255291751240909        4.5071729736090749        9.3183008920725841E-002   3.0000000000000000                1
   8.2206149905757044        5.5263272668370691        25.340590936819542        3.0000000000000000                1
   5.3743672518469507        8.1459038853726913        6.8806854929012058        3.0000000000000000                1
   7.5883989506290490        4.8604868896984561        34.046291878083480        3.0000000000000000                1
   4.5314865935904427        6.7265353568279256        31.491228892401175        3.0000000000000000                1
   5.4115310525654650        7.9256083794476710        3.3444665701957601        3.0000000000000000                1
   4.5101255995749749        6.3509956509913978        18.239982971534097        3.0000000000000000                1
   6.6018873713357591        4.5247856282601084        35.900578188358985        3.0000000000000000                1
   5.4879450704544990        8.1017396118298848        5.7433649901814467        3.0000000000000000                1
   6.1959282289906925        8.4739249574777400        39.443713818956567        3.0000000000000000                1
   6.7500298241692889        4.5439266074856546        8.4639756162367128        3.0000000000000000                1
   8.4914540402652534        6.4249291698314144        3.7584529343811321        3.0000000000000000                1
   6.5181688774117337        4.6303421056137273        3.2691175941046100        3.0000000000000000                1
   4.7939766317964363        7.4486252212061324        12.249390664472140        3.0000000000000000                1
   4.5619499226953719        6.6798282900494597        27.182157926596325        3.0000000000000000                1
   6.5066778087324426        4.5642258018359811        10.494289988316071        3.0000000000000000                1
   6.2373064279706600        4.5181113763987408        22.023214572296531        3.0000000000000000                1
   6.4292380635212076        8.4956769336862799        13.024315805683541        3.0000000000000000                1
   6.3143781264981582        8.4766028745867423        6.4057787552291012        3.0000000000000000                1
   5.1188549080749581        5.1377422459373161        17.251035771831113        3.0000000000000000                1
   6.3020807158764640        8.4645000313869492        36.163785857242431        3.0000000000000000                1
   6.0262436068790111        4.6093739312111905        13.492002928792779        3.0000000000000000                1
   5.9562936427508300        8.4202406124788407        15.161090414300773        3.0000000000000000                1
   6.4841387175803638        4.5151395461534580        19.883598757347350        3.0000000000000000                1
   8.4659423788455950        6.3712194768744892        9.0532272657599293        3.0000000000000000                1
   6.0728443405217698        8.4488347275414988        23.949950198120174        3.0000000000000000                1
   5.4213094590740578        4.8380377170525399        22.728557403853991        3.0000000000000000                1
   4.5699697978541955        6.8746995096613537        10.775746124314963        3.0000000000000000                1
   4.8754378756610199        7.4249701427432360        8.8513764339749859        3.0000000000000000                1
   6.6482076102250343        4.5315164283555047        28.841838436196561        3.0000000000000000                1
   8.4837507820336580        6.5233695780146785        18.276051658877140        3.0000000000000000                1
   5.3540063694039794        4.9060697019906598        14.216994467833384        3.0000000000000000                1
   6.5324456139738984        4.5802058278193005        36.985773492161229        3.0000000000000000                1
   8.2223123105910272        7.4524103460097528        21.923579438609320        3.0000000000000000                1
   7.6045979437137898        4.8387323275972323        24.800249312476442        3.0000000000000000                1
   7.6884155306135087        5.7518603498739109        4.8197196503788167        3.0000000000000000                1
   6.5810506452774140        4.5282753572815615        7.4153386914664257        3.0000000000000000                1
   5.0013542568482432        7.8076749443455240        26.709931898774499        3.0000000000000000                1
   7.5234964552365948        4.8122475785499201        7.6718225012053436        3.0000000000000000                1
   5.0549346081696527        7.5208510475070494        38.855029660594553        3.0000000000000000                1
   4.5664134365310876        6.7535946224389845        35.894309301075857        3.0000000000000000                1
   4.5162015869411727        6.4829117494976503        17.153254975092569        3.0000000000000000                1
   8.4971671645505058        6.5869511559697518        21.497933247169449        3.0000000000000000                1
   4.5539919420448598        6.8622971458851332        37.096854686249614        3.0000000000000000                1
   4.9635540084833272        7.7718391058203125        25.665032662352434        3.0000000000000000                1
   5.3419345741542630        7.6992077654675661        34.298121240928474        3.0000000000000000                1
   6.5744382321858374        4.5189668185169545        4.2636003846914292        3.0000000000000000                1
   8.4838172862526484        6.3935085693496081        11.094535944534059        3.0000000000000000                1
   7.5984276028986653        8.1120102682620896        22.480193155218529        3.0000000000000000                1
   6.2297267950362283        4.5243259181757676        14.526391523633240        3.0000000000000000                1
   8.4463546816436619        6.4767079441789024        39.606947856224110        3.0000000000000000                1
   4.6650959649147259        7.1910338476915792        30.381172831934844        3.0000000000000000                1
   8.0615493397011715        5.3894007611299584        11.356291136945380        3.0000000000000000                1
   7.3952339674133158        4.7357369254505013        29.740020715767873        3.0000000000000000                1
   8.4856067161358144        6.3165854933435526        13.210406780951228        3.0000000000000000                1
   6.1303012545830713        8.3134774265332965        1.5438743470039700        3.0000000000000000                1
   5.8634543651523963        8.3532759369983456        38.279144480788354        3.0000000000000000                1
   4.5795812750592679        6.7887751912180034       0.68106637377989765        3.0000000000000000                1
   6.1911151303479990        8.4350809685349564        3.8944849336182679        3.0000000000000000                1
   8.4959851104063286        6.4406350021173484        36.503134883783900        3.0000000000000000                1
   6.7145318305608424        4.5236455982481321        11.552105437566139        3.0000000000000000                1
   4.5357730356025927        6.8677169908856488        38.274987696675737        3.0000000000000000                1
   6.2852574639847232        4.5210206388213878        18.731817568024379        3.0000000000000000                1
   5.1647785478048496        7.8379171291281500        2.2325896554349143        3.0000000000000000                1
   6.2118018246631417        8.3899609548329774        31.407523605026388        3.0000000000000000                1
   6.7386529986695320        4.5200536976711865        9.5201670411048180        3.0000000000000000                1
   4.6337496709843267        6.7008862635758559        1.7297705897781859        3.0000000000000000                1
   6.0339509008305114        8.4256717375017942       0.43140621206119106        3.0000000000000000                1
   8.4883895380402361        6.7091841387202171        20.334354303386704        3.0000000000000000                1
   8.4515057085446639        6.3537716923321295        5.8669036396827865        3.0000000000000000                1
   6.4502199975694383        8.4660357715631527        11.864978075962531        3.0000000000000000                1
   5.1438475453481267        7.9355431340981788        15.724188386667166        3.0000000000000000                1
   6.6420366406195566        8.4929832187151604        21.998937799507196        3.0000000000000000                1
   5.3601335720321677        5.8005776024940561        22.380201703946184        3.0000000000000000                1
   6.6776636384085268        4.5754034685636338        31.854659859396030        3.0000000000000000                1
   6.2918920015598854        8.4562566493897950        32.686413855427809        3.0000000000000000                1
   6.6407213873594779        4.5101312656983739        1.1128554709936425        3.0000000000000000                1
   8.4868429902247033        6.4643990600116670        6.8939325964994227        3.0000000000000000                1
   5.6399932703843856        7.3712247707989045        35.436550989638867        3.0000000000000000                1
   6.3296527420311204        8.4799574760106875        8.6744846369226991        3.0000000000000000                1
   7.4306810404267702        4.7491319766257343        10.832685717845475        3.0000000000000000                1
   6.6474115628941250        8.4756027065749766        23.056521822324186        3.0000000000000000                1
   8.4838987144242459        6.7016545326413768        19.293531081616262        3.0000000000000000                1
   6.5784848381429439        4.5081702837259687        39.092602321920857        3.0000000000000000                1
   5.1992987658377201        8.0058430616651304        14.578472318247156        3.0000000000000000                1
   6.7183546935115235        4.5169129038800264        6.3863941022194117        3.0000000000000000                1
   8.2119327236255852        5.4955463689846251        33.521161798800186        3.0000000000000000                1
   7.3692104948097912        5.8171434744353228        25.919821113558218        3.0000000000000000                1
   8.0933794833870607        5.5210861653240508       0.65200855176787975        3.0000000000000000                1
   6.3548536500954835        8.4745034628929385        2.8608656126070588        3.0000000000000000                1
   6.0861361510165564        8.4390830519056212        14.105178799403349        3.0000000000000000                1
   4.5165671643956511        6.4081898025138591        21.342979100881021        3.0000000000000000                1
   8.4692636619595714        6.3095665092626350        2.7162631517717242        3.0000000000000000                1
   8.3871249339323803        6.4861023155602684       0.62829581913683541        3.0000000000000000                1
   4.5583760110501936        6.8159655902808494        32.657934822918349        3.0000000000000000                1
   5.1454783568137206        7.6896828948375422        10.403635625163055        3.0000000000000000                1
   7.1851788803801258        7.8211646259099776        19.057253090629889        3.0000000000000000                1
   8.4223921974837630        6.0912335523420023        12.232547148945992        3.0000000000000000                1
   6.6050636878161209        4.5277857114727409        26.513523858815418        3.0000000000000000                1
   8.4805114660110643        6.3625250264976332        35.505843779510727        3.0000000000000000                1
   4.5652937262405606        6.9152978027007510        26.067177108931901        3.0000000000000000                1
   6.3018417535453741        8.4828750469313121        10.785128539490207        3.0000000000000000                1
   8.2382596299557775        5.5304585984856169        37.356176048707994        3.0000000000000000                1
   8.4893817001894085        6.3720621972419806        31.299726360783257        3.0000000000000000                1
   6.5461589982568817        4.5507822613254660        32.847239071513712        3.0000000000000000                1
   5.2982852843786556        7.7791789622838188        7.9168127591313260        3.0000000000000000                1
   6.2800124832208324        8.4806437649416075        9.7285216996148076        3.0000000000000000                1
   5.1968524115621513        7.9010216675882248        13.533256009911494        3.0000000000000000                1
   8.4325046713730636        6.3004423979857336        24.725837144086853        3.0000000000000000                1
   8.1413567864427563        5.4164074574567893        30.412687469650205        3.0000000000000000                1
   5.9854496485297801        8.4011724481133001        37.195775745396737        3.0000000000000000                1
   6.6361375242163891        4.5091723347445898        27.701343327104475        3.0000000000000000                1
   8.4772297476124976        6.2757289067123780        38.592352033043213        3.0000000000000000                1
   4.5156155353428709        6.3886310973305740        20.310585602088139        3.0000000000000000                1
   8.4707833693232946        6.3308470347893397        27.256547009576447        3.0000000000000000                1
   6.3536408777728397        4.5571316401572215        20.891648585217183        3.0000000000000000                1
   4.5072060189045011        6.3369070037551021        19.273639915592810        3.0000000000000000                1
   6.1067895886391081        8.4369040303877103        25.090140174766990        3.0000000000000000                1
   4.5259951956741133        6.6108398559152466        28.418871595793732        3.0000000000000000                1
   8.4862439353171304        6.3804662728889845        29.232882275547912        3.0000000000000000                1
   5.5316357277475046        4.8515372351382284        19.538479664725273        3.0000000000000000                1
   7.5509492350130749        4.8218311194450907        37.183404370874015        3.0000000000000000                1
   8.1451078853413996        7.4615688043156609        17.217334603222771        3.0000000000000000                1
   7.9224351685746068        5.2981247465266152        6.8640836052281013        3.0000000000000000                1
   6.1705015456513408        8.4280120252344854        33.823830843547469        3.0000000000000000                1
   7.9147130577919755        5.4399111454404405        1.6782981428148152        3.0000000000000000                1
   8.1061988015288371        5.4603629204250694        29.368451748316186        3.0000000000000000                1
   7.9838774967125143        7.4226253004747846        18.408595451915087        3.0000000000000000                1
   8.4972135921068901        6.4473877840468097        32.353941288707986        3.0000000000000000                1
   6.6568143167688962        4.5139205905603372        5.2831014050322782        3.0000000000000000                1
   4.5165954651673381        6.5482393990948804        34.688985275617597        3.0000000000000000                1
   6.6691198954627327        8.4866772657222604        20.913100982186464        3.0000000000000000                1
   4.5117712669032413        6.6021145094787288        4.9030061129685558        3.0000000000000000                1
   8.4830677664440017        6.6332405335496398        22.529406594655487        3.0000000000000000                1
   6.2731243848045990        8.4746521677899445        7.5439460941866896        3.0000000000000000                1
   4.9408887771238241        5.3610628143432697        18.240895869975787        3.0000000000000000                1
   5.4561443330951773        7.3398169355085097        39.979783937052858        3.0000000000000000                1
   7.5253673570080410        4.7881499485817889       0.24822878478388166        3.0000000000000000                1
   6.3731278635226793        8.4696694394769523        26.936567330914066        3.0000000000000000                1
   8.4408667782348559        6.4962077964323361        30.257226202462597        3.0000000000000000                1
   8.4974358887177335        6.5040311375563382        17.253065565521673        3.0000000000000000                1
   8.4942058677426733        6.5104983494946289        16.239284491144026        3.0000000000000000                1
   7.6090807657425792        5.7914070408291369        7.9500214807177398        3.0000000000000000                1
   6.1285550096047130        8.4644409595038148        30.364141599746038        3.0000000000000000                1
   5.2674949954564232        8.0704550689518069        30.933847555288985        3.0000000000000000                1
   8.4635419944769179        6.4715380738173156        25.968377265954565        3.0000000000000000                1
   5.7216062264859815        8.3310253862672692        26.167876658065332        3.0000000000000000                1
   5.3850635114735930        4.8487770777148285        23.780760843554980        3.0000000000000000                1
   6.2411100254115874        4.5566421637573358        16.569869450165825        3.0000000000000000                1
   6.4769016457047677        8.3922185829716387        28.184162224502249        3.0000000000000000                1
   6.6461900033710215        4.5167930052169245        2.2669143797234836        3.0000000000000000                1
   8.1634696814262728        7.4543103784130054        16.061818548895136        3.0000000000000000                1
   8.4690696699491976        6.4740166683720481        33.365058774911205        3.0000000000000000                1
   6.5766108738750688        8.4922782544564903        19.574090064210033        3.0000000000000000                1
   6.5256722552120943        4.5473106706155670        30.800116406556086        3.0000000000000000                1
   6.7608520380773420        4.5225126518827174        34.891011509482247        3.0000000000000000                1
