     1000000
           1
  0.10000000149011612     
   6.0738504293256579        6.8691434382596386        3.1280951567015927        1.5000000000000000                1
   5.8738570259974425        5.0953820628447346       0.65543965087419609        1.5000000000000000                1
   6.4618931854124826        6.5700157838910851        23.948254950566096        1.5000000000000000                1
   5.4979366520043120        7.1130573031851680        26.875669378301939        1.5000000000000000                1
   3.0594801247631782        6.4841189474084393        18.930036301248162        1.5000000000000000                1
   7.1218682885800382        5.3037381174064500        33.886194221703917        1.5000000000000000                1
   2.5553461017347354        5.8930752030116258        3.7822776974556191        1.5000000000000000                1
   7.1657288369340559        4.1986087827932979        25.131613458522288        1.5000000000000000                1
   2.3693500711727578        4.1600361296288035        29.600137293479253        1.5000000000000000                1
   5.5114531898076820        5.4704765093790000        16.139801001554066        1.5000000000000000                1
   4.4341047416815691        3.6792825950410144        32.188477365759965        1.5000000000000000                1
   4.0131785717719657        7.1292007300622435        12.165200543215516        1.5000000000000000                1
   4.4653181914134956        7.0879389375544495        6.6148592900770495        1.5000000000000000                1
   5.1148460367950745        5.6079477357786018        20.761447459837512        1.5000000000000000                1
   4.9295486640596629        3.7015228548960182        36.830114629657579        1.5000000000000000                1
   3.9041704528671679        2.3992506859730254        3.3037002829676005        1.5000000000000000                1
   7.1425978853489429        4.1874860594946677        2.6783753624467730        1.5000000000000000                1
   4.8700325539467384        3.5703651169928996        7.0848457873036574        1.5000000000000000                1
   6.2786548702817608        2.7893861610520623        18.236070254034267        1.5000000000000000                1
   2.6318152901332743        6.0194379218066896        20.315973067671703        1.5000000000000000                1
   5.8887703414855324        4.6979657231956820        37.536187420971473        1.5000000000000000                1
   7.0482942459632394        5.6778176538955769        2.9765596828529723        1.5000000000000000                1
   2.3757350517499929        5.5091492662067827        21.815160343073710        1.5000000000000000                1
   3.1351276458751629        6.5683695367261388        11.026927341340555        1.5000000000000000                1
   4.3550834838561467        7.1589223858621462        36.084647333628709        1.5000000000000000                1
   4.7826493366536829        7.2426701649839869        14.658719357838990        1.5000000000000000                1
   6.0370768913644328        2.6741962557623000        37.685083818089836        1.5000000000000000                1
   2.9820212392912606        3.0835230073092861        20.846764819612041        1.5000000000000000                1
   3.4908569859125693        2.5966619771143651        1.7271604873298776        1.5000000000000000                1
   4.6035962446233123        7.1062502713615752        5.0834207096699018        1.5000000000000000                1
   6.7178559971647109        6.2440862275273261        37.142850612483308        1.5000000000000000                1
   3.6542647240176320        4.8470345169146860        31.580753921707196        1.5000000000000000                1
   5.5183626609289096        7.0789615769976750        15.961376397988388        1.5000000000000000                1
   6.9730885268617797        5.7298826515362702        25.371554618302255        1.5000000000000000                1
   2.8777894083781104        3.2324418342731485        23.663359389565535        1.5000000000000000                1
   2.8071421082830819        6.2473549477825365        31.734459462920057        1.5000000000000000                1
   6.6034788790354284        6.3718494209756038        8.7711417916951433        1.5000000000000000                1
   6.1700078731895145        6.7617449032495323        6.0531757742527290        1.5000000000000000                1
   4.7434454212106312        2.5626927845665386        18.006177660265077        1.5000000000000000                1
   6.1261654551229530        2.8083011532460858        25.042180387543674        1.5000000000000000                1
   4.0841763408150396        2.3720959404223723        39.072646065308909        1.5000000000000000                1
   5.6613375306272493        7.0685915996839404        4.6734109455594073        1.5000000000000000                1
   6.3498354623753617        3.1430404473768809        22.373585005577727        1.5000000000000000                1
   2.4941247529819934        5.6296438700902511        17.592591978036722        1.5000000000000000                1
   6.8583746022217671        6.0394230449099888        15.783212237613332        1.5000000000000000                1
   7.0283635390277999        3.7347829710522009        33.597529667600135        1.5000000000000000                1
   4.8693242961622420        2.2719781341532252        25.758833881504174        1.5000000000000000                1
   5.9226673960459637        2.6445644349491313        20.994859055046508        1.5000000000000000                1
   5.5078320944598289        5.5090690952392256        19.271975272658210        1.5000000000000000                1
   3.5694393093266825        2.5943232262122309        31.384666976827159        1.5000000000000000                1
   4.6508210042483764        5.9185379735320121        11.485623154509028        1.5000000000000000                1
   2.2608839481722347        4.5377388724017962        28.022761878130058        1.5000000000000000                1
   2.2828386888300303        4.5097737026029776        20.565638255740161        1.5000000000000000                1
   5.2417261185863158        3.6770778685227521        8.7035412968396937        1.5000000000000000                1
   4.9638386677833326        7.2316108855216310        17.400656715465011        1.5000000000000000                1
   4.7515330156517788        3.4390547001931502        24.783757854746327        1.5000000000000000                1
   3.9913233551031544        3.8663783200504866        9.5456822166915085        1.5000000000000000                1
   5.7127466482419527        4.2760149686308768        14.934082880951474        1.5000000000000000                1
   6.4136658173057342        3.0099179918175896        34.870789383300576        1.5000000000000000                1
   5.9340214131026130        4.9259434865290999        39.111095620278398        1.5000000000000000                1
   3.6487476402044150        4.8375467780031629        12.122786860509489        1.5000000000000000                1
   3.7185008647170767        5.3556807970544655        28.329006382689169        1.5000000000000000                1
   5.7788232654943741        2.4806003310198683        13.137163457081305        1.5000000000000000                1
   5.7628662179153309        5.3041004058597130        31.816164059543578        1.5000000000000000                1
   4.4427803257689362        7.1812197580573249        25.793369910112908        1.5000000000000000                1
   5.5288560721623687        5.4919642749741593        33.456769899392008        1.5000000000000000                1
   2.7926198255214230        6.0960888145926653        23.187814816879044        1.5000000000000000                1
   5.4392142618969066        3.8760141412727052        11.797447516647349        1.5000000000000000                1
   7.1105042566136198        4.3940359983461548        11.330115996721331        1.5000000000000000                1
   2.3510956740160607        4.1385534159584187        25.031808061460271        1.5000000000000000                1
   2.8234892315916658        3.2927254207210521        16.170445690541101        1.5000000000000000                1
   5.9332343327846617        6.9240474674307571        29.828905618383466        1.5000000000000000                1
   3.6312329058550428        6.9113414874213932        3.4565794218253729        1.5000000000000000                1
   5.4995646261930684        5.6466406578936406        34.988259663430348        1.5000000000000000                1
   3.1259156032215469        6.6500232600247680        4.9636518448277780        1.5000000000000000                1
   7.1896782929472760        5.2033394366624277        23.919054643859464        1.5000000000000000                1
   5.7821882036855392        4.1311662069076061        32.844778266971019        1.5000000000000000                1
   2.7096784682733732        3.3354331243812068        7.2249802103824132        1.5000000000000000                1
   2.7097651817902806        3.3272469696927911        13.154499910797949        1.5000000000000000                1
   3.9385368204061386        3.8546104832438068        39.414426842947897        1.5000000000000000                1
   2.3005025996538526        5.1914787431369662        26.178529079468511        1.5000000000000000                1
   3.6893493316796948        5.1856672757410989        10.472044074190716        1.5000000000000000                1
   2.7143647628220804        3.3142015795475115        38.682025531376127        1.5000000000000000                1
   6.7209394914551810        6.2497558098647223        26.756603892600403        1.5000000000000000                1
   2.7305929113789622        6.1648294357803879        16.130107826223878        1.5000000000000000                1
   3.9297523807159300        2.4613866986919732        7.6303634597032532        1.5000000000000000                1
   3.3305279367534060        2.7363267063313108        14.753017886521951        1.5000000000000000                1
   7.0109947559838801        3.8413739115545766        27.905640464250542        1.5000000000000000                1
   3.2501824883095405        6.6050792268395222        14.086000763640762        1.5000000000000000                1
   2.2552156063679822        4.7669536222456017        12.960636298100765        1.5000000000000000                1
   6.0231807225091689        2.6498332854970257        39.210730380826099        1.5000000000000000                1
   2.5468744742825566        3.6258398974089410        37.033106930987813        1.5000000000000000                1
   3.9892642310785886        5.6517327417555601        35.600466618975226        1.5000000000000000                1
   4.3464335295125762        2.3275776921676146        20.763179947427318        1.5000000000000000                1
   5.8000200617545117        5.1289234857214128        10.827195839907333        1.5000000000000000                1
   2.4817677039723098        5.7971240905945152        39.491017692065640        1.5000000000000000                1
   7.0316211530755410        3.7841581302513481        38.022463160548511        1.5000000000000000                1
   5.9537491134342799        4.7472994097400409        7.7791428031857253        1.5000000000000000                1
   2.5657189527619448        4.2111238354808567        10.179337834289175        1.5000000000000000                1
   6.9194458718082767        5.9319917608313499        7.3636720037308416        1.5000000000000000                1
   4.8718448859107228        2.3201110152338300        15.175961266811399        1.5000000000000000                1
   4.1498588143098480        3.7112700024694707        30.533518248064624        1.5000000000000000                1
   3.5494242731863839        4.7898737967083065        3.4842134200580883        1.5000000000000000                1
   4.0664977860537928        5.5908420815110320        18.238337313237899        1.5000000000000000                1
   4.1077113257989106        2.3358712130658246        16.467589468392067        1.5000000000000000                1
   6.7946982983682176        3.3330915985320502        8.4450565718061377        1.5000000000000000                1
   6.4713124989179258        3.0223050632507791        6.6580653288297853        1.5000000000000000                1
   5.8049061923569898        4.6924526961315038        21.811450695262415        1.5000000000000000                1
   5.9410961899786248        2.7111296877500575        14.132733197710911        1.5000000000000000                1
   2.8854225758698147        6.3995923407706590        6.5566258399819839        1.5000000000000000                1
   4.9217221152965305        2.4104298019840220        22.159377035288962        1.5000000000000000                1
   6.0673447266979599        2.6522619715645415        30.565581070621583        1.5000000000000000                1
   7.1971871355644010        4.2755365365855837        35.146262922719423        1.5000000000000000                1
   2.8961593674375328        3.0792506557080781        34.097317579491666        1.5000000000000000                1
   2.4681584944560324        5.6530939155630557        29.134475670508571        1.5000000000000000                1
   6.7008189285939048        3.1899226039312545        3.9172342889185079        1.5000000000000000                1
   3.5683123562241619        2.6285672338129098        37.593483070262430        1.5000000000000000                1
   3.7947980091739790        7.0596240767718408        27.186075499811249        1.5000000000000000                1
   4.5178210865153181        5.8741791994526080        30.899941531412640        1.5000000000000000                1
   6.1965989413279594        6.6806057264859202        21.228612657804298        1.5000000000000000                1
   2.5859589784412176        5.9890536023827847        33.476390735284014        1.5000000000000000                1
   2.4751785671293427        5.7610618441398476        9.8049924811169955        1.5000000000000000                1
   6.5075065360374733        3.1144338938500669        15.468423466958027        1.5000000000000000                1
   6.6635282059148953        3.1932863221080829        19.750894404887738        1.5000000000000000                1
   3.1040310971454055        6.5531536509710646        30.258231560747181        1.5000000000000000                1
   5.8457086385810939        6.9542690427549489        11.779368481456515        1.5000000000000000                1
   4.9589274373354382        5.9323751521138304        9.8601998095955068        1.5000000000000000                1
   2.7400157150464182        3.3212423620739582        2.9504866705541160        1.5000000000000000                1
   6.4335165399021790        2.9116213751750450        27.846193638290064        1.5000000000000000                1
   5.7966150288310434        2.4928720495703423        16.690617632305475        1.5000000000000000                1
   5.7069972224374661        4.1305583083830104        13.405102249517176        1.5000000000000000                1
   7.2275999748431872        4.4266890108299641        22.517892617740355        1.5000000000000000                1
   2.8807958135356362        3.1300441299451283        28.153317086277486        1.5000000000000000                1
   7.1167399867827044        3.9521825135920867        30.811003459013691        1.5000000000000000                1
   4.9608312561063235        2.2661589492368317        6.3387144923062184        1.5000000000000000                1
   6.9216804784994750        5.8035394239564679        35.535350742844948        1.5000000000000000                1
   4.9192939118891230        5.8869794583103054        29.394755841767523        1.5000000000000000                1
   5.3935008049862780        3.7956392344887964        4.9217990591017724E-002   1.5000000000000000                1
   3.5013101168901111        6.8389551287921000        24.526667363053242        1.5000000000000000                1
   3.6978738815020584        4.3476491223592353        6.4929319073633334        1.5000000000000000                1
   4.3564390937896915        2.3014436499339057        37.061496490702964        1.5000000000000000                1
   4.0706773387507189        5.8021031877646045        5.8505399301177858        1.5000000000000000                1
   3.7721582890095315        7.0341971211239072        33.232085848119134        1.5000000000000000                1
   2.5002595195969688        3.9200296345673715        22.015457816869954        1.5000000000000000                1
   3.0578734211876353        2.9183684403649326       0.28953459117169916        1.5000000000000000                1
   6.4101110523090252        2.9126270308544426        2.3399812016395063        1.5000000000000000                1
   3.0317685797775056        2.9527882996703188        4.6753479594912282        1.5000000000000000                1
   4.7842049569630696        2.4778034092634629        10.717618295155040        1.5000000000000000                1
   6.5315743395218160        3.1028038320405291        32.019207806406662        1.5000000000000000                1
   4.0126103176365300        5.5742403965785563        25.234432512344611        1.5000000000000000                1
   6.1918914708561426        6.7848299630190692        10.193421750686975        1.5000000000000000                1
   6.6405608820410951        3.2870663913107241        26.379772342796606        1.5000000000000000                1
   3.0332446987287351        6.5098856367592850        25.971897047705959        1.5000000000000000                1
   7.1803317754095701        4.7824947173239822        32.115595230545765        1.5000000000000000                1
   2.3511064215528368        5.2952378267717259        11.318455625439665        1.5000000000000000                1
   4.4682652885043082        7.2134635344957427        30.051399333775297        1.5000000000000000                1
   3.9758651328610455        7.0853676273703767        15.931320586633284        1.5000000000000000                1
   5.5151251226751272        4.1150419873434032        20.367146211635955        1.5000000000000000                1
   4.1949024524678222        5.7722478115927540        23.697668100634292        1.5000000000000000                1
   6.9049077787991582        4.7132564995471409        19.803684498991711        1.5000000000000000                1
   3.6109707727564944        4.5612931271860857        4.9843522433546532        1.5000000000000000                1
   4.9911776940910544        2.4799735798742324        2.0073525116657658        1.5000000000000000                1
   7.1159051594685057        5.3460146860539242        10.133525363195675        1.5000000000000000                1
   4.3679043554375783        3.7183504959136400        21.565826601111382        1.5000000000000000                1
   5.8445486858686664        4.9347591192944913        28.682948038847066        1.5000000000000000                1
   5.8283935702172469        4.2161842549308890        4.6118303654785606        1.5000000000000000                1
   2.6039796656654937        3.4717071961842021        19.414508506203834        1.5000000000000000                1
   3.8029357729465643        7.0576964338608565        20.186403481293826        1.5000000000000000                1
   4.0473015054752972        3.7571293178239000        11.110290232890803        1.5000000000000000                1
   5.7595295343958792        6.8374857616298588        31.453678314519205        1.5000000000000000                1
   7.2090250453089366        4.8375490992748036        29.405159275279818        1.5000000000000000                1
   7.2142108773198839        4.4240713053957670        1.1587817955940927        1.5000000000000000                1
   2.5258121692692428        3.6274204389578446        31.046412849575404        1.5000000000000000                1
   4.3788512823606718        3.5916405760423387        12.837784902404872        1.5000000000000000                1
   5.0856827932370940        5.8586142340723297        8.3433860822756785        1.5000000000000000                1
   5.1029184710680857        2.3039157325221864        38.964129197254032        1.5000000000000000                1
   3.2796929673460413        2.7802565280086489        17.657753337095308        1.5000000000000000                1
   4.2773973122201152        2.3435583448109889        9.3076999369831750        1.5000000000000000                1
   4.7725418061353677        3.6469184735574793        35.278738487279767        1.5000000000000000                1
   4.2862574580955783        7.1902563535689978        31.656247080816357        1.5000000000000000                1
   2.2683951890689609        4.4739858990273964        33.811983356795473        1.5000000000000000                1
   3.9095514981024020        5.5606126374146525        26.804516108445245        1.5000000000000000                1
   7.0868369392751420        3.9359940083515088        5.4749019410829343        1.5000000000000000                1
   4.1170313014305151        2.3538387853959231        23.732321488015895        1.5000000000000000                1
   7.1262244998476509        5.5071903694748441        21.131967393141455        1.5000000000000000                1
   4.0448411418147652        2.3696940455557138        28.724935607756560        1.5000000000000000                1
   3.8029156633528660        4.1537044822611451        18.589649557836136        1.5000000000000000                1
   4.1451279933090808        5.7282248422029554        34.061279577029552        1.5000000000000000                1
   7.2158840971708118        4.4873988322027376        15.582351634310303        1.5000000000000000                1
   6.4267837249995292        6.5142573161714363        17.201935391272929        1.5000000000000000                1
   5.9174424296259822        6.8377702781854248        18.590774682180815        1.5000000000000000                1
   2.3436204831226242        5.4225278377610193        1.0879563433686308        1.5000000000000000                1
   6.3116705310642773        6.6044019331651587        28.289398061534321        1.5000000000000000                1
   6.4804321691219471        2.9579775692869319       0.78843138708217342        1.5000000000000000                1
   4.9178415076455506        7.2192730331463579        28.595449508892692        1.5000000000000000                1
   2.3432120590480632        4.7156466467352312        16.394242152426685        1.5000000000000000                1
   7.2449830686663024        4.8287163392126917        8.5391434848987959        1.5000000000000000                1
   5.8510412470451119        4.6363215623386402        27.185552098656398        1.5000000000000000                1
   2.3961312140661870        3.9932108258850572        17.895577375547152        1.5000000000000000                1
   5.8898685930181198        4.4697337794413574        35.910246798855582        1.5000000000000000                1
   3.7194046355391035        4.1457058151964086        17.076906126809675        1.5000000000000000                1
   3.3046848768396009        6.7158419512864356        21.580533939120560        1.5000000000000000                1
   4.4381125675119160        5.8447343439926405        2.7578110199227641        1.5000000000000000                1
   3.4897134257147120        2.6681550395763116        6.1077981056612911        1.5000000000000000                1
   4.6933182647931293        7.2138797180435512        10.604995678923000        1.5000000000000000                1
   5.5243952188237140        2.4170650241601646        29.083460615983832        1.5000000000000000                1
   3.6518366273862544        4.1532535264694310        25.811314392921187        1.5000000000000000                1
   2.4913068049306308        5.4315828916473716        35.196366972725642        1.5000000000000000                1
   6.9943577559398147        5.4167941338868957        14.324842950875468        1.5000000000000000                1
   6.7545399591983575        3.2698380282568058        29.372080507520003        1.5000000000000000                1
   6.8859823947767769        3.4931620575786209        9.9435875352238874        1.5000000000000000                1
   5.4719651923493373        5.4943315200883136        14.001498217378021        1.5000000000000000                1
   4.6795911016798000        7.2308513805998897       0.30069075850298366        1.5000000000000000                1
   3.6191583052916143        4.5034571366861247        15.568267117792434        1.5000000000000000                1
   6.0403602747265168        2.6115108024289850        5.2401413828030572        1.5000000000000000                1
   2.3200906207580276        4.7733569130262596        32.335014750470080        1.5000000000000000                1
   5.3710213100814981        5.7746494743631658        6.8527240747551055        1.5000000000000000                1
   3.7246309926394452        2.4844579357609735        19.144355084471528        1.5000000000000000                1
   6.7538100852050649        3.4283781747756827        12.496965949111592        1.5000000000000000                1
   3.6937035481319609        4.4540898691382367        24.229146996161823        1.5000000000000000                1
   6.8181794374958349        6.1345236498655238        4.4513291445885486        1.5000000000000000                1
   5.0323662108805172        5.8894883546232490        27.779137428822139        1.5000000000000000                1
   6.9003312655957609        3.5225267164934131        16.884849217540886        1.5000000000000000                1
   4.6376549731297576        7.2402683297000188        3.4671103177988964        1.5000000000000000                1
   5.7293465850670886        6.9350238041388588        1.6253034582841419        1.5000000000000000                1
   4.2697515533136068        7.1760535462416479        2.0094672562644758        1.5000000000000000                1
   7.1627994608274941        5.3406349686949763        27.908360561394868        1.5000000000000000                1
   3.8081405813723341        7.0641258467265988        8.0678247215612089        1.5000000000000000                1
   2.7802517676209151        6.2441501850744281        12.531501304707003        1.5000000000000000                1
   4.6996558113398690        3.7494443252381573        23.307079031242896        1.5000000000000000                1
   5.4956814394977851        3.9593503721169983        18.825464382219160        1.5000000000000000                1
   7.0829408025775571        4.1470750093871311        18.241193139081908        1.5000000000000000                1
   6.9668999730455567        5.8969002841809752        1.3792614182125629        1.5000000000000000                1
   3.8641322677466556        5.5770388638350061        37.176606033710726        1.5000000000000000                1
   2.4535804762761417        5.4641367650833628        14.745614519488202        1.5000000000000000                1
   4.3914145716427146        3.8002653719406512        14.382964974194264        1.5000000000000000                1
   5.8974389565020706        4.8906444276290566        9.2975121434752417        1.5000000000000000                1
   2.4361528949609097        3.8862992016042677        35.380784861253822        1.5000000000000000                1
   3.0341366550335453        3.0480479132501910        8.7147104647742797        1.5000000000000000                1
   3.5840183366146920        2.5608094078571599        12.011198127684061        1.5000000000000000                1
   6.9704655678591703        3.8206392578546717        21.134860229995212        1.5000000000000000                1
   2.5050735303001375        5.6613771180709289        24.717051852302312        1.5000000000000000                1
   3.2846821937780928        6.5951123511975105       0.80743883929844906        1.5000000000000000                1
   5.9581898852826916        4.1103160849572422        24.040410833210505        1.5000000000000000                1
   5.5127313016982953        2.4511125707493386        35.954926240175475        1.5000000000000000                1
   4.3793737578498835        5.8350455619052104        13.014940977380018        1.5000000000000000                1
   6.2519569412613123        6.7221600439783051        14.561149779322792        1.5000000000000000                1
   5.4151667800807086        7.1138751734014534        19.984702472388911        1.5000000000000000                1
   4.5975026369395664        5.9827561664908187        22.219199049739515        1.5000000000000000                1
   3.4545678011556569        2.7304123134094564        22.319223825665599        1.5000000000000000                1
   3.7519826926108157        5.3926402761041254        38.781824188176181        1.5000000000000000                1
   2.4460573710707108        5.3864672396913864        5.4924733923001421        1.5000000000000000                1
   3.3226226013506248        2.7989468070838521        25.037766388600442        1.5000000000000000                1
   5.0581583795749250        2.2952446175427963        27.297705435088051        1.5000000000000000                1
   4.9075486192524833        5.8452583851395197        39.721493973053526        1.5000000000000000                1
   7.2212828904674957        5.1105180072351253        17.007354549350765        1.5000000000000000                1
   6.2965448370741584        2.8031461369508688        11.192498994657639        1.5000000000000000                1
   2.3142175517086909        4.7655564256517593        38.308898481715580        1.5000000000000000                1
   2.7017810846750532        3.3381463813330061        32.627156105931128        1.5000000000000000                1
   3.3956184664341231        6.8289721095810272        34.857036328445339        1.5000000000000000                1
   4.8918912123367546        6.9927860231882466        34.540702692519417        1.5000000000000000                1
   3.5978517821533389        2.6043073962258458        26.502961842806862        1.5000000000000000                1
   4.1803319799105552        3.7782870943207021       0.94283910714027863        1.5000000000000000                1
   4.4158076284605405        5.8319733940034242        32.458235798540571        1.5000000000000000                1
   3.7287405554550088        5.1335521165281612        21.221807080865780        1.5000000000000000                1
   5.2057925251511659        5.7605289886347109        36.474103482787228        1.5000000000000000                1
   2.3341246532842197        4.3257147075669513        39.920348894034674        1.5000000000000000                1
   5.4385751660339992        6.9793707665470830        32.934701388160477        1.5000000000000000                1
   4.6802842003366942        5.8895133655465379        1.2376388755667744        1.5000000000000000                1
   5.4049701132089440        7.0495652340178596        37.217197510711728        1.5000000000000000                1
   7.2396651370311913        4.8020498048180364        36.796985014140702        1.5000000000000000                1
   5.3029079439143683        7.0771157157291871        13.235513660867403        1.5000000000000000                1
   3.2823289371049733        2.7421022683253655        36.056087656500196        1.5000000000000000                1
   6.6746166044233846        3.2872902590173028        36.445207417418821        1.5000000000000000                1
   6.4584071413410848        6.5318109307599093        38.646054177038600        1.5000000000000000                1
   6.9111816102228110        5.9592437765593420        30.930559398528011        1.5000000000000000                1
   4.4282559600354814        3.6307679651866902        4.0080357650511305        1.5000000000000000                1
   5.8057710307038883        2.4996804691090881        9.5676418660272127        1.5000000000000000                1
   5.8955167972597948        5.0670779030199959        30.227498970820154        1.5000000000000000                1
   3.8948952399671835        3.9690312263035183        28.903836870340299        1.5000000000000000                1
   2.3838215672612892        3.9665107051186239        14.811235449925247        1.5000000000000000                1
   2.5779438387871965        5.9827705335657866        27.522000023364207        1.5000000000000000                1
   6.9966723445600172        5.6789046062502955        18.391421389781971        1.5000000000000000                1
   5.5271141722436141        3.9309633286811936        31.154503380583755        1.5000000000000000                1
   3.6198356907460463        4.4292139315214554        34.622380872612418        1.5000000000000000                1
   6.9811278639398564        3.8309180581550928        39.655928627079433        1.5000000000000000                1
   2.8522144495105559        6.2113337588982400        2.2912312890168396        1.5000000000000000                1
   4.7564617964150449        7.2321175655393981        21.364856642723762        1.5000000000000000                1
   6.7453612750662524        6.1212727331136190        32.657289716302280        1.5000000000000000                1
   5.9425816992882590        2.6129049217601388        33.311521049097536        1.5000000000000000                1
   7.0182236297730691        5.5299299986795418        5.9003598137279525        1.5000000000000000                1
   3.7318418163150899        5.1066951161322374       0.34662372791278767        1.5000000000000000                1
   5.3882174137421899        2.4068529809737860        19.470218404075030        1.5000000000000000                1
   5.0880728623197315        3.6258722052587360        26.368427455182097        1.5000000000000000                1
   7.2492006914758855        4.7700952412692255        26.519150738040164        1.5000000000000000                1
   5.1143904592629106        2.3046073410446644        31.707998669661880        1.5000000000000000                1
   3.9029897748831219        7.0984402683035714        37.595099749531691        1.5000000000000000                1
   5.6972987349336384        7.0510535022746836        7.5738410634432105        1.5000000000000000                1
   5.0523856135343825        2.3459031817421696        34.521768819284397        1.5000000000000000                1
   3.5027966237663426        4.9112186580622348        13.822452115376979        1.5000000000000000                1
   3.6616360924100877        4.2611265655752968        36.204256061967456        1.5000000000000000                1
   5.8960510391113159        6.8935986740511526        25.439257910702302        1.5000000000000000                1
   5.4203739174297336        2.3737377442186367        7.9778053686701442        1.5000000000000000                1
   3.9718908897564158        5.1985066136110074        19.701774379901416        1.5000000000000000                1
   2.3033103006083362        4.6890375611402924        23.568029577802012        1.5000000000000000                1
   7.1591856454293881        5.4152929890987620        39.917906114528741        1.5000000000000000                1
   6.9787639049668320        5.8284260077376997        29.393654103340698        1.5000000000000000                1
   6.8708818799018792        3.5677786088703196        23.750874005316842        1.5000000000000000                1
   5.4552192493417158        5.3163681709272552        17.694169740922352        1.5000000000000000                1
   2.4641042061424692        3.8569783527550263        5.7932542761704049        1.5000000000000000                1
   3.6265103389088251        4.6413805706655342        33.087616887489595        1.5000000000000000                1
   3.5526744472379090        4.7470179461099908        22.729126268004141        1.5000000000000000                1
   7.2193990352503610        4.8566195553533671        12.807268647543598        1.5000000000000000                1
   5.9229934992778421        6.9176800428068548        35.754395639524468        1.5000000000000000                1
   3.5139929951396218        6.9142633049420068        39.102542828646513        1.5000000000000000                1
   5.9060249432262859        4.4957133114172505        6.2438702803358961        1.5000000000000000                1
   5.3590536073666133        3.8207801457294104        10.236817990938667        1.5000000000000000                1
   3.5479571119452782        6.8678714279887814        9.6114467138031117        1.5000000000000000                1
   3.7819077871467801        5.4271612907513767        8.9756729334258019        1.5000000000000000                1
   5.2685920862747695        5.6919446568417698        26.170293274745745        1.5000000000000000                1
   5.5392714701157022        7.0844445354825414        22.657580453602122        1.5000000000000000                1
   5.8088816940913608        5.2960293269846579        2.1802625361261532        1.5000000000000000                1
   4.0919778605996902        3.7354465340608534        20.025944275304308        1.5000000000000000                1
   4.7344780229980925        3.6591644492678608        5.5610251126061652        1.5000000000000000                1
   5.0430780952110963        7.2250032890296509        38.740664340169886        1.5000000000000000                1
   7.1932555619233289        4.6505205430973353        4.1585023758913904        1.5000000000000000                1
   3.6129101971241826        5.0477673095680746        29.990257124829984        1.5000000000000000                1
   4.4654857581372838        7.1646780975112190        18.817053281827278        1.5000000000000000                1
   6.0916386682673949        4.1130670980420323        16.723389507699629        1.5000000000000000                1
   5.6202231696729674        5.4414178958797024        23.174353674691599        1.5000000000000000                1
   2.3329964331010737        5.1119155333285029        30.811066639128001        1.5000000000000000                1
   4.4160585053124475        5.7209875060092061        15.109627267699079        1.5000000000000000                1
   2.2684327277671006        4.8551831900021538        2.6114051964286231        1.5000000000000000                1
   6.7565547484715829        6.2308448216569374        19.796150349465059        1.5000000000000000                1
   5.0937068032667572        2.3002300620656362        12.263541616821239        1.5000000000000000                1
   2.3541355611293082        5.1172912246861761        36.731590980378797        1.5000000000000000                1
   4.0775177785446992        2.3616845008082894        34.777890218047133        1.5000000000000000                1
   4.0626599268966634        5.5838140548797135        16.693331145714446        1.5000000000000000                1
   6.1760281653370726        6.7203290565519751       0.13054573164079075        1.5000000000000000                1
   7.0009000151563709        3.8299624937727548        14.194919788413591        1.5000000000000000                1
   5.4126914410513480        5.5194477585988135        24.669722961951550        1.5000000000000000                1
   6.3840926876114219        6.5993850007636068        34.187807859046011        1.5000000000000000                1
   2.3395148579148057        4.6252635071580519        8.7242234758546413        1.5000000000000000                1
   3.9355225477932723        5.6253179175068340        7.3590588125404643        1.5000000000000000                1
   3.8589459164256104        4.0702624261170532        27.375255552737354        1.5000000000000000                1
   6.9171782521803653        5.8928709721056398        11.639124768952069        1.5000000000000000                1
   3.8548424205418299        4.1565044444006745        8.0408238604314004        1.5000000000000000                1
   2.6069671084837451        3.8296332957370631        11.652080381778395        1.5000000000000000                1
   4.5525935358020284        2.2749763631588009        30.271625822537665        1.5000000000000000                1
   2.4698883122939841        3.9369810373118579        1.4192044816432754        1.5000000000000000                1
   4.7817224495459536        3.9943053737086420        17.457988874455470        1.5000000000000000                1
   2.3610463810689133        4.8470839225834554        6.9550442696543611        1.5000000000000000                1
   2.5254658773844079        3.6595226233185025        26.765030404631805        1.5000000000000000                1
   2.6037171988980101        5.9685830716785784        7.9674230611748706        1.5000000000000000                1
   2.7446047293567690        6.2074954698146261        37.968187168319787        1.5000000000000000                1
   3.2324005622259295        2.7930244698007565        10.297421540352573        1.5000000000000000                1
   4.3811070841890825        2.3310161233626134        13.692182911603030        1.5000000000000000                1
   7.1936403349186531        5.2616697531338845        38.281912045767953        1.5000000000000000                1
   2.5484129061431959        4.9984629687002995        19.000397843681046        1.5000000000000000                1
   6.6303976110455665        6.3216692528552390        13.154381111293590        1.5000000000000000                1
   3.1074932768438983        2.8686471737404418        29.833151334851809        1.5000000000000000                1
   4.6292560199943384        3.6466063608374069        33.771119694771883        1.5000000000000000                1
   4.4474906699436838        2.2714422313622737        4.8334963326760159        1.5000000000000000                1
   5.3366603448631000        3.8294072194816895        29.570704103849653        1.5000000000000000                1
   4.8029197246930462        3.6414078417310494        15.951286388054161        1.5000000000000000                1
   4.0003344065794977        2.4013041080533863        33.190825012257484        1.5000000000000000                1
   2.9697416683376980        6.5005246289156107        36.380633951074877        1.5000000000000000                1
   4.0354751983945096        7.1393386563743153        23.059330330343613        1.5000000000000000                1
   3.4227637315595394        6.8594583571820351        17.452084410458635        1.5000000000000000                1
   3.5839461560824315        4.9456087399967350        1.8462371856172708        1.5000000000000000                1
   4.1858512317228138        3.6893223321689153        2.4991741050843235        1.5000000000000000                1
   5.6583298867686720        2.4510114670157348        23.520826663897328        1.5000000000000000                1
   5.1248364903639079        7.1994456046100437        9.0738991538068561        1.5000000000000000                1
   5.6344156487787354        3.9198974871623395        3.1369003985036810        1.5000000000000000                1
   7.2229086259268307        4.4035335239536764        6.9719245695464291        1.5000000000000000                1
   4.9459791324766185        7.2206990641094402        24.248604337157769        1.5000000000000000                1
   5.8761982701630151        4.3279953196615688        34.368692889980160        1.5000000000000000                1
   5.1077261378445016        3.5933215519548178        28.068267724180021        1.5000000000000000                1
   3.7316157379041646        4.2115563871933039        37.833510701290727        1.5000000000000000                1
   3.4583001748086315        6.8801645248236971        28.801290211474260        1.5000000000000000                1
   4.2905270871924337        5.8381149376025006        4.2764129107230930        1.5000000000000000                1
   5.0589756216695347        5.8404456479472602        38.117702838520266        1.5000000000000000                1
   2.2992898545519496        4.3114439214073110        4.2712090261012872        1.5000000000000000                1
   6.8994824563901664        5.9790074537807172        22.558769657490320        1.5000000000000000                1
   5.6921332029605161        4.3279997637401149        25.700626892535787        1.5000000000000000                1
   4.7561520470639387        2.3739318344091247       0.42750173773640932        1.5000000000000000                1
   5.5985881973514324        3.9031499669453322        1.5568940817304655        1.5000000000000000                1
   5.7066554889189600        5.3655527312769964        12.425036724430040        1.5000000000000000                1
   5.4456899629704907        2.4561705376358565        3.4975489958294061        1.5000000000000000                1
   5.7050671575164387        5.4149070584114751        3.6728647804171746        1.5000000000000000                1
   5.0835198428275046        3.6898292469093472        38.336597382720733        1.5000000000000000                1
   5.4827028476604571        5.6011040482639149        5.3143471076995201        1.5000000000000000                1
