     1000000
           1
  0.10000000149011612     
   4.5812777867341437        5.5014855766590891        2.3417364491668451        3.0000000000000000                1
   5.4187245006997031        4.9142768139246176        15.006435177876487        3.0000000000000000                1
   6.3103169085927462        5.3494453934621200        5.8194710257631579        3.0000000000000000                1
   4.8369427259084947        5.0467573101755479        8.9019801825860654        3.0000000000000000                1
   5.3855162921321016        5.7816692037250679        32.033437869268830        3.0000000000000000                1
   6.2927863314905776        5.0514781406255587        39.642747454701492        3.0000000000000000                1
   5.5542905109345675        5.4485854356345955        35.343113666753858        3.0000000000000000                1
   5.4658385059792334        5.8082438600278898        25.650066774802667        3.0000000000000000                1
   5.9926256288151611        4.7198459521756915        28.605068102846641        3.0000000000000000                1
   5.5800517364230506        4.6063430911566625        22.370078759298867        3.0000000000000000                1
   5.7377617087655031        5.7368583671154090        11.890262291102024        3.0000000000000000                1
   5.5762777888639210        5.5314561766467794        18.947441368586851        3.0000000000000000                1
