     1000000
           1
  0.10000000149011612     
   5.1163870763132868        9.6707388485026797       0.55258947037790040        2.0000000000000000                1
   7.9272083696070155        5.7444994482568328        29.813634842957292        2.0000000000000000                1
   3.3515345296893613        7.6473727978051143        18.330275901421121        2.0000000000000000                1
   4.8125933328212964        6.5832826421052824        12.438691908167369        2.0000000000000000                1
   9.7618165830446983        7.6535633443083100        18.538584405782544        2.0000000000000000                1
   8.1213879132237263        9.5150940238264266        1.5297347217370250        2.0000000000000000                1
   8.1840456675244884        3.4730814403415962        15.847155241637699        2.0000000000000000                1
   7.8073484326678875        7.6751078698335666        23.496878492887667        2.0000000000000000                1
   3.1678739278610148        6.1821394483121175        29.938112499967907        2.0000000000000000                1
   3.1425618217384992        5.5732528913925519        1.3665424561069128        2.0000000000000000                1
   8.8728235012365406        8.7982714590145381        1.7272447773556714        2.0000000000000000                1
   4.4909653428620597        3.6683023954686376        14.640735481917689        2.0000000000000000                1
   5.7803015898602466        4.2058112034546209        34.999984352270864        2.0000000000000000                1
   9.2414403233856035        4.3397751407103371        20.028369485396460        2.0000000000000000                1
   4.8581268937006890        3.4631893630873996        3.6922640905165620        2.0000000000000000                1
   9.5054894757132935        8.1649434988660960        3.5960609991950458        2.0000000000000000                1
   9.6711721093079159        7.9714924205284428        5.7151010252283863        2.0000000000000000                1
   4.2068080626614410        9.1046378968864765       0.63405610991469896        2.0000000000000000                1
   7.2773592491476711        8.7008413354457215        7.8243339049864726        2.0000000000000000                1
   7.9473430249088768        3.3245826757058707        35.019483616169637        2.0000000000000000                1
   7.2393783746435583        5.0162461473030975        1.6744297941526298        2.0000000000000000                1
   9.8928223467104850        6.2432360415978962        7.6057423512239613        2.0000000000000000                1
   7.6810554222923546        5.3049022940374044        34.896537004735393        2.0000000000000000                1
   9.6686196644184079        6.6354372889051705        9.5771887738470909        2.0000000000000000                1
   4.6117053485307844        3.6175610150196356        21.371947766387080        2.0000000000000000                1
   8.7415806989435101        8.9180333498024069        39.408000857442779        2.0000000000000000                1
   7.1921719796487453        9.7640109875988248        16.770942442890256        2.0000000000000000                1
   9.5837741242434262        6.8293193606821898        22.300283735399606        2.0000000000000000                1
   7.0558378557237740        6.4200584071718900        21.010857479363580        2.0000000000000000                1
   7.9853548104649663        6.7334801226916747        25.367416019484534        2.0000000000000000                1
   3.7937313070077678        4.4092701672989527        37.538509196878437        2.0000000000000000                1
   9.5600293576776902        8.1751296465967123        28.905716956850021        2.0000000000000000                1
   9.8671193198080402        7.1419664992013310        30.624326054733260        2.0000000000000000                1
   3.1535428033378814        7.4111653758683120       0.33790452770971319        2.0000000000000000                1
   9.1979905738936125        4.4148200342374642        33.676688426137261        2.0000000000000000                1
   7.1640364396293110        3.1396237881389317        11.587699451473332        2.0000000000000000                1
   9.6499355646398897        5.1237456368855403        36.954593092021753        2.0000000000000000                1
   9.9224478926128032        7.1736538027888166        37.040262503956512        2.0000000000000000                1
   3.7385386022149234        7.1958073322703617        4.6386580099775196        2.0000000000000000                1
   9.7791429219613200        6.1808544518699593        11.733247024214986        2.0000000000000000                1
   7.1053225983707184        9.5508433883694366        38.358477016805232        2.0000000000000000                1
   4.2770699684266598        3.9073432703629347        8.0991552610330366        2.0000000000000000                1
   6.2555736947963965        5.1651655684654010        6.6674213192534539        2.0000000000000000                1
   3.6144385393900662        8.0975496014181143        24.862537230482996        2.0000000000000000                1
   8.5087654684616805        9.3405334901231658        22.395134055515310        2.0000000000000000                1
   3.5178062463382074        8.1071823123686197        11.302667028039590        2.0000000000000000                1
   9.9356032908671814        5.9647595421392747        34.756417745459345        2.0000000000000000                1
   7.2966451308752447        3.2976369769423433        32.088058836027734        2.0000000000000000                1
   6.7377035501777316        7.5911869702279180        38.863067528986470        2.0000000000000000                1
   6.2885735656615385        7.8650307289914290        19.752307575794067        2.0000000000000000                1
   6.5492928129560246        8.3728962428828080        34.685567584271155        2.0000000000000000                1
   9.7021130409253953        5.2284005346459281        15.773249352927941        2.0000000000000000                1
   7.7594308066220572        9.7525350970834168        33.251743442067529        2.0000000000000000                1
   9.7025919840773547        7.8951145449176261        16.520429791889146        2.0000000000000000                1
   7.3519226549183481        4.9541949396774418        4.2158160182905196        2.0000000000000000                1
   7.3176130387690153        5.1705706426738542        30.583090970672107        2.0000000000000000                1
   6.5067898369417758        7.0931521427388740        17.792835558591918        2.0000000000000000                1
   6.3073227956839801        9.8220133890513139        9.4995849952463143        2.0000000000000000                1
   3.1273048586246484        7.3464530534266590        2.7020975827689289        2.0000000000000000                1
   8.8411854703131088        3.9341874469617584        5.2457785435351623        2.0000000000000000                1
   7.6700273984527012        9.7133625071696876        7.6860542330517783        2.0000000000000000                1
   6.0805985351865202        5.1478997070946884        11.219961716546063        2.0000000000000000                1
   5.6596020205167834        7.9673031067926878        1.5965193539280678        2.0000000000000000                1
   5.0639106613279425        7.2853027786653195        10.302136935157201        2.0000000000000000                1
   7.9531115699388408        6.9086702951040726        6.6125860135174390        2.0000000000000000                1
   3.2597428986995673        5.2475462002893813        15.357007933906345        2.0000000000000000                1
   4.3114503521486647        9.0387271313454018        16.162677274224905        2.0000000000000000                1
   9.8815022356444686        6.4471666624655652        32.519465376344478        2.0000000000000000                1
   6.5563291404946336        3.1171563102972897        21.008341004825354        2.0000000000000000                1
   9.8328492988069254        5.4354222392030405        26.331061822880457        2.0000000000000000                1
   8.1490017228538694        3.6006510472535287        11.631175522902941        2.0000000000000000                1
   9.5908828867471527        5.0612074610740585        31.058607822726255        2.0000000000000000                1
   4.6780276999755284        3.7092954726919607        37.183083670084187        2.0000000000000000                1
   3.3920856774344341        8.0636447651185303        29.162574786612279        2.0000000000000000                1
   3.1792565457721338        5.5558377107612493        39.268178295645065        2.0000000000000000                1
   6.0069967246321312        3.0499626116494198        18.792075397757717        2.0000000000000000                1
   9.6424222989291160        5.0439549956795533        34.366352698835108        2.0000000000000000                1
   7.0041025543586999        9.9432696593460630        31.263603593295908        2.0000000000000000                1
   9.3969444323983851        4.7729925651143850        39.030974307527153        2.0000000000000000                1
   5.5004815220229748        3.3149422110694369        1.4216930238331766        2.0000000000000000                1
   4.1648273123676507        9.0290320181990023        36.482385148468502        2.0000000000000000                1
   8.1220869624759846        9.5918304658992426        35.228756271106128        2.0000000000000000                1
   7.1728292526463573        5.2232553732477429        36.944756633432675        2.0000000000000000                1
   3.0821584763673635        7.0821910236844543        7.0237685276806490        2.0000000000000000                1
   4.2138736806232746        3.9826212793428555        12.551716187046758        2.0000000000000000                1
   9.3904389994357089        4.6660215079762786        24.159258067668308        2.0000000000000000                1
   3.2502941867370092        5.6831720628830693        13.339559310060853        2.0000000000000000                1
   3.2224762559881377        5.3119339548970039        37.161567459977967        2.0000000000000000                1
   9.5835183997113162        5.0765375976815532        3.2263562849170708        2.0000000000000000                1
   6.2025943358098541        3.0156546611532802        29.675719797353317        2.0000000000000000                1
   9.7000542680761122        7.7889339097406269        22.815168207911363        2.0000000000000000                1
   5.1100044796275563        3.4187185655678292        7.7963646109506985        2.0000000000000000                1
   7.7994414876951419        5.6274205359468192        23.219646900716373        2.0000000000000000                1
   3.1254577312306804        7.0208475958083802        25.253473300362785        2.0000000000000000                1
   5.8347003946378040        9.8691293371827520        6.8975726786441305        2.0000000000000000                1
   3.5753800235876745        8.3148296618324515        16.187753929572075        2.0000000000000000                1
   6.1550116741195380        8.1163151729694984        39.491050512731384        2.0000000000000000                1
   5.0809417734752600        3.6131682577302668        19.053888360124876        2.0000000000000000                1
   3.1414887567155367        5.5803268618876745        8.4904859864441082        2.0000000000000000                1
   3.2646260719125637        7.7830618527846100        35.182108633038574        2.0000000000000000                1
   6.7894559342974201        7.0459617299484165        11.689007788547352        2.0000000000000000                1
   4.4901485802368191        7.4827931330021755        28.620710579844822        2.0000000000000000                1
   7.2961940901677531        9.8588025041850216        20.716611094560005        2.0000000000000000                1
   6.4671608667829927        4.9305700035872961        31.083534577079060        2.0000000000000000                1
   9.3041288271651776        4.9980935974253180        5.3956607081914694        2.0000000000000000                1
   9.0963095561262968        4.2567427206206379        11.630343113313502        2.0000000000000000                1
   9.6665172494071054        7.5228937431137641        26.996483534766160        2.0000000000000000                1
   3.7310494780539667        8.4541275831476010        9.2493529051347814        2.0000000000000000                1
   9.5724228244611371        5.4726889840751731        22.040067947875073        2.0000000000000000                1
   6.1922233664561999        7.2428088656069924        32.586659295595510        2.0000000000000000                1
   6.4654706274621034        3.0982312452548602        23.175932058066092        2.0000000000000000                1
   3.7529894996365396        4.4152745821757406        33.304195913586376        2.0000000000000000                1
   9.3705306868673368        4.6189736004923674        9.4574484385320456        2.0000000000000000                1
   4.3897078787166315        3.7381249853525893        1.4081716606430010        2.0000000000000000                1
   7.3827771077601367        3.1217769298061659        38.672828405740454        2.0000000000000000                1
   3.4957546543218307        4.9287765127810799        28.161927385749184        2.0000000000000000                1
   8.6858348033509838        9.1491826177989921        33.262099903619003        2.0000000000000000                1
   5.0023684845615310        9.6064054692860399        11.108753842673392        2.0000000000000000                1
   9.2318550953657468        4.3360083909786518        36.342496065772032        2.0000000000000000                1
   4.1999429707339990        6.0988928808897622        30.213307755120422        2.0000000000000000                1
   4.3207158158671746        3.9710536159445278        17.043993035382435        2.0000000000000000                1
   9.5430930325329104        8.0564901576052907        1.5311692121713083        2.0000000000000000                1
   6.2731226839628569        4.9007538313738008        24.398267859799944        2.0000000000000000                1
   8.0774922840732089        6.1493721228042686       0.20501331100369180        2.0000000000000000                1
   5.5681497438643541        9.8192524815502562        14.406617984429255        2.0000000000000000                1
   5.9478741539482343        9.9315414400032527        31.497878244918091        2.0000000000000000                1
   3.3247332953420865        7.9698309275804275        22.576819376387505        2.0000000000000000                1
   7.1394472566484826        5.0421333809965789        8.6355088052834645        2.0000000000000000                1
   8.7678659157336902        8.8611996130293154        12.690998082749722        2.0000000000000000                1
   6.2856825495490360        9.9079680363649452       0.71934068879914803        2.0000000000000000                1
   7.7180286048018329        7.7086766496875834        25.819883904514672        2.0000000000000000                1
   3.5962590485449204        5.1259928780260591        26.122085472911685        2.0000000000000000                1
   9.7765880510258771        7.6910773995060238        24.940126442455913        2.0000000000000000                1
   7.4088561147321537        3.3329571766481392        22.898405112576043        2.0000000000000000                1
   3.9003648789099588        4.2430231515440235        10.379592480327810        2.0000000000000000                1
   9.9472570419592721        6.1949738490817703        28.773669784646859        2.0000000000000000                1
   9.6417082066328899        5.0393801882904201        13.591624449150640        2.0000000000000000                1
   5.4608951533195169        7.2540255706714181        5.7847567897048995        2.0000000000000000                1
   6.0663051439881457        7.8920943936820755        13.490201752835103        2.0000000000000000                1
   6.0856251963072774        5.0282835181992773        8.9975404598198079        2.0000000000000000                1
   4.9637785835620321        9.5915435194392824        36.848243571296386        2.0000000000000000                1
   6.6332582684647976        3.0371875920782303        36.667609106384894        2.0000000000000000                1
   8.2344871773289370        8.0763882915110123        20.635436391478038        2.0000000000000000                1
   3.0396325781844085        6.6979708562633231        32.161844974143548        2.0000000000000000                1
   5.0902076384258725        3.7653972500761710        5.8125515361021440        2.0000000000000000                1
   3.4861575934902653        4.8004459089276974        17.303804988396646        2.0000000000000000                1
   7.9035399689593593        3.6657741579121268        25.110401553996187        2.0000000000000000                1
   7.7891711513301445        7.4499167667567709        11.471031636458790        2.0000000000000000                1
   9.0331063935414448        4.2174487932943352        7.2271145404370856        2.0000000000000000                1
   4.9924611666008065        3.5156467343036382        27.841753744111962        2.0000000000000000                1
   3.2187408542046714        7.2675178556501354        38.091857460801016        2.0000000000000000                1
   5.1878383079262749        7.5527796753057137        12.860019038023262        2.0000000000000000                1
   7.3762178343225022        7.0631607431253052        38.299482820064114        2.0000000000000000                1
