     1000000
           1
  0.10000000149011612     
   4.9902068459141642        5.4262854371676355        18.203105933077556        2.5000000000000000                1
   4.2128374637451733        4.5605164393884321        8.8643812962888067        2.5000000000000000                1
   5.6147417004240294        4.9171938827511541        6.3949946762073395        2.5000000000000000                1
   4.6543160201339875        5.5820481935961919        11.817674662034598        2.5000000000000000                1
   5.2942046204828630        4.9690680092295700        2.6139202269880126        2.5000000000000000                1
   4.5586580127201151        4.0147415666015949        27.519750656885332        2.5000000000000000                1
   5.1304109317816833        5.1698250005949786        24.834304062011828        2.5000000000000000                1
   4.1028827601158877        4.9792669709600714        39.714866334465960        2.5000000000000000                1
   4.6006122496498918        4.0038034063310182        30.463564928139807        2.5000000000000000                1
   4.9839251104472888        4.5994494587132086        33.788050566102825        2.5000000000000000                1
   4.9270002652039393        4.3967005944175677        21.067808829385012        2.5000000000000000                1
   4.2801287419135523        5.4530532773984097        37.015145286102438        2.5000000000000000                1
