     1000000
           1
  0.10000000149011612     
   10.963143776044836        8.5354750167316666        34.496689577987802        4.0000000000000000                1
   9.0751651502993305        6.1297291903980335        37.181769926480079        4.0000000000000000                1
   10.862684516995232        9.2943470099643157        12.490578274360866        4.0000000000000000                1
   6.9681433119818497        6.5486415882161157        12.183477532277349        4.0000000000000000                1
   7.6548512475563735        6.1475584687944256        10.294997305868096        4.0000000000000000                1
   6.6895685390302351        6.7784301621826888        6.0888549323357788        4.0000000000000000                1
   10.427074024620108        10.083383532003772        11.925468882565907        4.0000000000000000                1
   10.963721501362896        8.2769539857970091        38.672369993756391        4.0000000000000000                1
   10.932602633856183        7.9264704353083282        1.8231891919796031        4.0000000000000000                1
   10.324827911800964        10.201811061716565        39.290234362981977        4.0000000000000000                1
   6.1220767628410089        7.7298238573707936        20.776169295738928        4.0000000000000000                1
   8.3285112793412512        6.0622884086294873        33.778785420733733        4.0000000000000000                1
   10.405037964855104        6.8866706138149887        1.5318901303778345        4.0000000000000000                1
   7.9359256299206997        6.1504735031610451        36.861564755267189        4.0000000000000000                1
   7.4838347197875787        10.783432279480415        35.450502893055251        4.0000000000000000                1
   10.525128606212228        9.9497725099286178        32.788774734349353        4.0000000000000000                1
   6.2750808952018362        7.3944347876952490        34.445830240524863        4.0000000000000000                1
   10.170453831975992        6.6461138736446026        8.3315032260682518        4.0000000000000000                1
   9.9940956401035681        6.5026991596456218        29.088827655054114        4.0000000000000000                1
   7.2070740584456985        6.3844638402448810        19.465893003656827        4.0000000000000000                1
   9.2452721752231461        10.873367649357677        22.155747719322772        4.0000000000000000                1
   9.2109649858110139        6.1093277280725404        38.275676512886562        4.0000000000000000                1
   6.0261362230929629        8.8523089985013836        15.332995255130031        4.0000000000000000                1
   7.0972579053299558        10.550511421754756        28.024909382703139        4.0000000000000000                1
   10.370216397064668        6.8831692135255969        30.163775303238168        4.0000000000000000                1
   10.977317048005766        8.4136753503132766        11.948579253964642        4.0000000000000000                1
   8.5851337383914963        10.993629284959507        16.678714010939348        4.0000000000000000                1
   10.810808597748110        7.5835579043400516        13.804488142989218        4.0000000000000000                1
   6.9753629909226715        6.5532662455195734        12.160300478622991        4.0000000000000000                1
   6.2183446413617531        9.4276868636619984        23.253027860730402        4.0000000000000000                1
   6.3647044202727869        9.7712324668062109        3.4257602238868712        4.0000000000000000                1
   10.492871597979709        6.9914475685602557        19.322025139749350        4.0000000000000000                1
   9.1732327251419505        6.1189126473921807        24.365089582060499        4.0000000000000000                1
   6.1433949958803531        7.6730141094777684        3.1877009807825138        4.0000000000000000                1
   10.479829117596292        10.024560850304303        9.5064340414775330        4.0000000000000000                1
   6.2941428085790010        9.6759747566626668        39.202432323810264        4.0000000000000000                1
   10.905310393231030        7.8295095712937322        18.690578218761082        4.0000000000000000                1
   9.4989191130114730        10.763147994431149        16.136091084750717        4.0000000000000000                1
   9.9636424650345603        10.514691197113560        32.127700712106900        4.0000000000000000                1
   7.4573291571000766        6.2309048374291338        25.617724983623486        4.0000000000000000                1
   7.7113662625740602        10.837813672450043        18.374596529193354        4.0000000000000000                1
   7.7932934217492322        10.887666789565705        14.830737589853728        4.0000000000000000                1
   10.671279104816376        9.7377540752536742        22.346328757100608        4.0000000000000000                1
   6.3477565422998383        9.5825552815856891        33.846005138677079        4.0000000000000000                1
   6.9340687800592669        10.426693428533000        16.597319757881007        4.0000000000000000                1
   6.3010217838126250        9.6335281774806596        33.791207489856667        4.0000000000000000                1
   10.864784642697382        9.2632849054632747        33.618093262909362        4.0000000000000000                1
   6.1165170463562211        9.2464157941334211        27.518029624865633        4.0000000000000000                1
   7.4326282212955848        10.755296982703269        23.404042226490315        4.0000000000000000                1
   6.8172296899707501        10.343428429832223        30.449486186976635        4.0000000000000000                1
   10.993145841066454        8.4714088935304641        15.601277614993647        4.0000000000000000                1
   10.123473552803032        6.6246787500087292        7.1697662020831086        4.0000000000000000                1
   10.160545913408217        10.327001666959777        30.925280443393220        4.0000000000000000                1
   6.2364404478556166        9.5402131529841991        1.8864482821310047        4.0000000000000000                1
   6.8244002068980469        6.6517781206050008        9.5929870702271796        4.0000000000000000                1
   10.969381517336744        8.1131062924233639        5.8223255702165808        4.0000000000000000                1
   8.7453446353235620        10.978270291528903        14.270683209311908        4.0000000000000000                1
   8.2408047752570237        10.968788534753514        1.4888083138174748        4.0000000000000000                1
   6.0678656861220617        8.9857995757105620        37.296627229902654        4.0000000000000000                1
   6.2051404180638068        9.4484475592349586        22.130833952937618        4.0000000000000000                1
   9.9205229713173786        10.529218193260663        5.1353574677524678        4.0000000000000000                1
   9.1422435430245166        10.899576681313029        5.7773970393295881        4.0000000000000000                1
   9.9924197514887236        6.5101654695464282        23.650558824759820        4.0000000000000000                1
   9.6938476506996487        7.3816954885263852        16.469739601317038        4.0000000000000000                1
   8.1196776810769133        10.965186512393673        2.7043913307561844        4.0000000000000000                1
   6.7638757373460994        10.166176096898011        39.946314079824496        4.0000000000000000                1
   10.288133089145774        6.7622143388131200        10.755060164793921        4.0000000000000000                1
   10.977472785899469        8.8305156719591817       0.70406312866375653        4.0000000000000000                1
   8.5133943311209297        6.0162660176352567        1.3216848429207835        4.0000000000000000                1
   8.4819310811470778        6.0713293914673105        29.024196905725940        4.0000000000000000                1
   10.829175493504055        9.3769176205441731        13.761555854096757        4.0000000000000000                1
   10.281900621546693        6.8544945882823480       0.26715451111980376        4.0000000000000000                1
   6.7350284375002536        10.269199392020289        21.600616236738986        4.0000000000000000                1
   6.9958798538319344        10.494184431040679        14.164892143224968        4.0000000000000000                1
   6.9189273995335965        10.412251549856556        38.819070625240684        4.0000000000000000                1
   6.0160279568170409        8.6678858509789141        20.240613680546193        4.0000000000000000                1
   10.517529872884914        9.9471952772126340        6.9997718856115361        4.0000000000000000                1
   6.1798151702194088        9.1991244888957855        31.913774018020195        4.0000000000000000                1
   7.3616754874346775        6.2742918202907703        5.3957922392675197        4.0000000000000000                1
   6.2040051616784906        9.4746313996588984        34.996415789980354        4.0000000000000000                1
   10.952268659859739        8.0178310302007780        2.9632767022906954        4.0000000000000000                1
   8.9008640799811420        6.0334598362520939        18.206309323821735        4.0000000000000000                1
   7.3748513741012856        6.2711207445131452        24.360929492161873        4.0000000000000000                1
   10.675300655046078        9.7311503035239859        23.486558484428695        4.0000000000000000                1
   10.134869734220290        10.391296427533288        20.460625229293434        4.0000000000000000                1
   9.9250159110476535        6.4612538893053770        24.982752812006851        4.0000000000000000                1
   7.3637066304060346        10.723431712200668        24.617241394030035        4.0000000000000000                1
   6.5282372656242460        6.9716391267224793        20.107237562028139        4.0000000000000000                1
   10.330628171636613        6.8285240685106920        38.556214699900984        4.0000000000000000                1
   6.5664996884716205        10.084374612692324        31.464903741796260        4.0000000000000000                1
   10.931334991956843        9.0503568094137119        37.862378841840659        4.0000000000000000                1
   7.8382748480903972        10.889504761978726        13.656121792684548        4.0000000000000000                1
   9.4289543553517614        10.816698877610651        18.594029901836361        4.0000000000000000                1
   8.2385930430726386        6.0261407319255307        24.938058692383265        4.0000000000000000                1
   6.3507145216745347        9.7456954138985488        16.013293553139707        4.0000000000000000                1
   6.2081289494454994        9.4857813011060728        24.533013713575592        4.0000000000000000                1
   6.4986139654644974        9.9479396669287006        32.740043350279869        4.0000000000000000                1
   6.1127798147656565        7.7604223024259333        21.936959041286894        4.0000000000000000                1
   10.157280859307027        10.371493514661640        2.2721382435457400        4.0000000000000000                1
   9.6102012414830309        6.2617769560242955        39.432981913438212        4.0000000000000000                1
   9.0471648248179104        6.0623140422111446        19.503033838953652        4.0000000000000000                1
   6.7805175065357854        6.6915754282723299        26.325883195198731        4.0000000000000000                1
   9.8315956524166506        6.3845027672628101        2.2484020909833067        4.0000000000000000                1
   9.4725842751052696        6.1980463040818776        11.442854930680461        4.0000000000000000                1
   6.0141441197564154        8.3541589720291949        7.3620336620916271        4.0000000000000000                1
   6.5453473931353772        6.9473406860921827        21.408497478937463        4.0000000000000000                1
   6.4395980288242809        9.8842421374824365        12.312344634844058        4.0000000000000000                1
   10.718598781904138        9.6025184818799598        18.656609915441724        4.0000000000000000                1
   6.0829232202811161        7.8616016098170398        17.152792726916882        4.0000000000000000                1
   10.710626750552642        7.4223644358432610        8.9093434413803454        4.0000000000000000                1
   7.9449679667935422        6.0675255456180519        32.643721906936214        4.0000000000000000                1
   9.8870499236218841        6.4271634644884204        36.269927162996503        4.0000000000000000                1
   8.4720884659990574        10.959620812911391        39.348311527183498        4.0000000000000000                1
   9.8352875781595888        10.609639299180166        7.5288003841701743        4.0000000000000000                1
   6.0337608806929390        8.1486126739931617        12.313381509516102        4.0000000000000000                1
   6.0017221735522002        8.5667965927932883        22.608616392347006        4.0000000000000000                1
   10.797699451364126        9.4782298711372235        34.821800660814510        4.0000000000000000                1
   10.878201863196526        9.2412213303426842        27.740843168683291        4.0000000000000000                1
   6.6482220653844895        6.8370847326716166        4.8282700173060773        4.0000000000000000                1
   6.1773773028618564        7.5878839311495181        4.2962397207305534        4.0000000000000000                1
   6.7873139214023990        6.6841877846315469        8.5055408875738792        4.0000000000000000                1
   10.430740000507543        6.9172324226627460        18.149398400734881        4.0000000000000000                1
   10.677869294370455        7.2946721581173382        3.7079356175580762        4.0000000000000000                1
   6.9853596730998539        10.476686515401644        37.710987944603410        4.0000000000000000                1
   10.677976520013457        7.2865428692648520        6.5685535662175374        4.0000000000000000                1
   10.930962092542774        9.0034817118595036        2.7188334692939642        4.0000000000000000                1
   6.3145671342637444        7.2904801177923968        28.215373048981384        4.0000000000000000                1
   6.1517685302239080        9.2232873602548242        31.889111801201082        4.0000000000000000                1
   10.874923445428509        9.2654543203758166        11.341849986005808        4.0000000000000000                1
   9.1395834072412931        10.898198386314510        27.090592320603914        4.0000000000000000                1
   6.0792628900574295        7.9422926567932617        15.923660953665360        4.0000000000000000                1
   6.7100962340896384        10.214534224801763        23.968262636285775        4.0000000000000000                1
   7.7357423425993339        6.1265327482984935        28.348556752888591        4.0000000000000000                1
   6.0415084578525127        8.8391690198638013        28.921763271006718        4.0000000000000000                1
   9.0768718932103702        6.0700656432315343        31.791580355549783        4.0000000000000000                1
   6.9531818773135061        10.449256243391464        33.487120422546056        4.0000000000000000                1
   10.823199516728760        7.6222686464208591        15.078818485357750        4.0000000000000000                1
   10.922220576340829        7.9544499390238901        21.218491489356033        4.0000000000000000                1
   9.2865410542475573        10.865990555271377        31.381567172622113        4.0000000000000000                1
   10.424876443201196        10.036271761095517        38.189608444006168        4.0000000000000000                1
   10.987078099552431        8.4593990650954680        13.182073958073591        4.0000000000000000                1
   9.9799257720289845        10.496305447486664        3.9697285528676196        4.0000000000000000                1
   8.8555529228411984        10.968737529158339        11.916360650472713        4.0000000000000000                1
   10.994671326420750        8.6617890950383991        39.635043446542788        4.0000000000000000                1
   7.2321681653980656        6.3578298357806320        30.578704855153816        4.0000000000000000                1
   10.187463215316551        6.6637627311140388        9.4815468249098522        4.0000000000000000                1
   7.6431625842563982        6.1708780528897282        35.647777424865637        4.0000000000000000                1
   6.0250746345281634        8.2991054580738872        8.6114695362671689        4.0000000000000000                1
   8.8604825874140474        10.957612162340766        10.636407005673524        4.0000000000000000                1
   6.9225804171298559        6.5754344174147148       0.83976549545241885        4.0000000000000000                1
   6.3959883638913357        9.8479958734583519        36.875208745531516        4.0000000000000000                1
   10.831078945975598        7.6056978851900201        15.074104624263235        4.0000000000000000                1
   10.459203103957643        10.005850675053974        28.502551417623732        4.0000000000000000                1
   8.4734066976149158        6.0068168696448510        27.459873812943837        4.0000000000000000                1
   10.637289852971337        9.7806675612688014        3.3988963712636533        4.0000000000000000                1
   8.0130711924168949        10.941405393939002        10.008891860670987        4.0000000000000000                1
   6.2189311713788067        7.5340088710479201        5.4863879632477248        4.0000000000000000                1
   6.0078187981786915        8.5417684865074346        23.918869366637043        4.0000000000000000                1
   10.845649581247562        7.6708684417538358        16.212460386116319        4.0000000000000000                1
   10.579176826252825        7.1684855435353816        23.039361045517097        4.0000000000000000                1
   7.0088471663919760        10.476852873419530        29.410473808473238        4.0000000000000000                1
   8.2917346084889925        6.0586852417710881        26.165676741652874        4.0000000000000000                1
   6.3829090078392090        9.7913688133355237        13.559708212234478        4.0000000000000000                1
   10.955599120632952        8.1145248853157259        24.788981774145636        4.0000000000000000                1
   7.0545090927646674        10.539259152995953        11.815401655282409        4.0000000000000000                1
   8.4769308291687899        6.0198198990925480        30.748448931885697        4.0000000000000000                1
   9.0992920699079836        6.0738205868503670        23.066368580204866        4.0000000000000000                1
   7.2562322234684355        6.3362446248928128        1.7868653008216109        4.0000000000000000                1
   10.954746680800827        8.0361011303596168        22.445489221469519        4.0000000000000000                1
   7.3373472253728202        10.677062087576962        3.2682271954290698        4.0000000000000000                1
   10.884538223059060        9.2382090376090638        29.514268380664706        4.0000000000000000                1
   10.636053643720075        7.2834826415926361        24.247498518012861        4.0000000000000000                1
   10.325197443964171        10.195653161536551        14.319282254504042        4.0000000000000000                1
   9.7914749828206755        6.3744518729432809        16.384374144711721        4.0000000000000000                1
   10.821594055236641        9.4244291036606143        1.6237911242635661        4.0000000000000000                1
   10.710605019085801        7.3512767448758138        7.7753926743188275        4.0000000000000000                1
   6.6685847810245367        10.171420030218588        25.134527371233222        4.0000000000000000                1
   10.909017878109331        8.6909543045045279        35.563994187194155        4.0000000000000000                1
   9.6845773139469777        6.3305951519017993        30.947025993813796        4.0000000000000000                1
   10.335006660130448        6.8320778469307690        34.431378380782469        4.0000000000000000                1
   6.0822558564466362        7.9744141166766251        14.760501370697027        4.0000000000000000                1
   9.6432302931419009        10.717123144995746        13.666448556912234        4.0000000000000000                1
   6.0974653274333734        9.1628795948634441        9.2469365009458624        4.0000000000000000                1
   7.0837873286397937        6.4737019726153466        29.060821228204446        4.0000000000000000                1
   9.4344033125622708        6.1873076482926965        10.248544223355045        4.0000000000000000                1
   8.2856642301940830        10.988503496699654        22.902603094481584        4.0000000000000000                1
   7.8891123418806366        10.911529569237331        27.452086058072968        4.0000000000000000                1
   7.4035791087558014        6.2702040870180005        38.637053763218397        4.0000000000000000                1
   8.1669188863509525        10.969473528449726        25.335898519855583        4.0000000000000000                1
   10.815826026914166        7.5661022958213691        12.689074891233568        4.0000000000000000                1
   9.7418373164150012        10.665168121972551        29.002536593572195        4.0000000000000000                1
   10.668027678167492        7.2804120541734552        24.253511907400444        4.0000000000000000                1
   9.0291791239180608        6.0608959290745927        20.669980218807570        4.0000000000000000                1
   9.7918135090538083        10.637718291596730        8.8247482128389230        4.0000000000000000                1
   6.2552380982296514        7.4432166937947448        7.8551489844400360        4.0000000000000000                1
   10.919401024644454        8.0153666042594161        4.6219434625355049        4.0000000000000000                1
   6.0589226374686316        8.0563809180554102        13.466940308277849        4.0000000000000000                1
   10.432159426937996        6.9166440787798011        16.985847620180159        4.0000000000000000                1
   10.966911336739859        8.4865704820299896        16.855426281792866        4.0000000000000000                1
   8.7834242421052693        6.0926241942057642        35.824654928712121        4.0000000000000000                1
   6.3621854566554816        7.2310674338425276        12.893661039695150        4.0000000000000000                1
   7.7495578374361633        10.867961213070149        16.040035202912602        4.0000000000000000                1
   10.947594098341648        8.6081032928744534        31.279648246412918        4.0000000000000000                1
   6.8847348235008656        6.6420409594827312        36.516438036437449        4.0000000000000000                1
   9.8945041851550943        6.4427646548901043        32.254144470252832        4.0000000000000000                1
   8.7668304578024934        6.0325467573867755        14.555051312025707        4.0000000000000000                1
   10.588388898496003        9.8705382287511316        26.116078312793046        4.0000000000000000                1
   6.3021885679416609        7.3294171058369733        11.639717021122349        4.0000000000000000                1
   6.1040131707883267        9.1945367526043853        36.108603336925029        4.0000000000000000                1
   7.3480170091185490        10.714313320384438        5.5788610331614237        4.0000000000000000                1
   6.7447841697027480        6.7259973094783092        7.3243404254599547        4.0000000000000000                1
   7.6650947779074077        6.1586511669022546        39.673198456275891        4.0000000000000000                1
   6.0071845135992801        8.3530703093585554        6.2425755921384170        4.0000000000000000                1
   7.2643819099392317        10.649762418707633        8.2495754143179845        4.0000000000000000                1
   7.4236229874875903        10.738650922903167        23.394186598165490        4.0000000000000000                1
   6.2622633214349053        7.4139480944683687        9.1273568381717283        4.0000000000000000                1
   7.9014999730585869        10.920054022465832        12.462223717275016        4.0000000000000000                1
   6.1968492441170753        9.4431018089947525        22.142798322097100        4.0000000000000000                1
   10.158020968489256        10.341910438567421        19.236411867751869        4.0000000000000000                1
   7.8696493113333537        10.910233909277355        38.475004175561189        4.0000000000000000                1
   6.3277809151510676        9.6334060999627553        38.154325180268074        4.0000000000000000                1
   7.3731961201373357        6.2794679301810419        34.587939586825172        4.0000000000000000                1
   10.563578204386614        9.8495204591778442        37.187591597256642        4.0000000000000000                1
   10.958734875030263        8.8688491593468815        21.811450774998480        4.0000000000000000                1
   10.563525927860940        7.1215996180278331        2.5549932353396065        4.0000000000000000                1
   6.5009294759499152        9.9427596052017240        11.119066081705101        4.0000000000000000                1
   10.871437083536126        7.7469772990044001        17.545205901382356        4.0000000000000000                1
   7.1750126059362733        10.611969841141031        32.077329697280391        4.0000000000000000                1
   6.7317559370464206        10.243529122528489        2.5824904402416111        4.0000000000000000                1
   10.864628288340615        7.6889021930779435       0.60229934144023245        4.0000000000000000                1
   6.9951589922599586        6.5042246727567239        14.601351578480120        4.0000000000000000                1
   10.741980653832416        9.5596044714513582        30.599222522330635        4.0000000000000000                1
   10.403218400961197        10.100518759015650        34.035078132222736        4.0000000000000000                1
   8.5615616857662857        10.997538353339781        17.870969972525199        4.0000000000000000                1
   8.2751386875836186        6.0209159505990426        24.946718065325577        4.0000000000000000                1
   9.7238076711237866        10.660403438140461        37.301337145306938        4.0000000000000000                1
   6.3441982774632386        9.7406606355628433        17.223024910681460        4.0000000000000000                1
   7.4296042755859162        10.755315543356758       0.79059593209142054        4.0000000000000000                1
   6.0097037830594759        8.2915274874271105        8.5898154608719128        4.0000000000000000                1
   6.9936408153994751        6.5166058412979533        27.720554526728463        4.0000000000000000                1
   10.100120275787416        6.5883315392316009        5.8794269280293738        4.0000000000000000                1
   10.152693632894144        6.6402149853711521        33.313998904593603        4.0000000000000000                1
   8.5423031063812420        6.0047688314728775        9.7443702501577434        4.0000000000000000                1
   10.055911288668485        10.448584529775637        21.666499524460782        4.0000000000000000                1
   10.239548295071186        6.7072020535674843        11.976985722198373        4.0000000000000000                1
   10.376565940098534        10.070054428128469        34.017867123615609        4.0000000000000000                1
   8.5114695784586765        10.997192372207875        19.180060686177519        4.0000000000000000                1
   6.0349813437438353        8.5123127852539486        29.867651259697698        4.0000000000000000                1
   6.7639831584174930        10.250785689340795        34.629511329845364        4.0000000000000000                1
   9.0615069404300712        6.0645633239240846        2.8943501388037616        4.0000000000000000                1
   10.614605592062796        7.2062275673396892        5.2101056620510908        4.0000000000000000                1
   6.1112196431365451        7.7839368577479373        19.597531164827128        4.0000000000000000                1
   10.545510069702432        7.0962137522078423        21.803270697543038        4.0000000000000000                1
   6.0748684275563853        8.9946376869785691        12.922922959946449        4.0000000000000000                1
   10.847065428941059        9.3350517391636796        38.878611535395855        4.0000000000000000                1
   9.3582176173839215        10.742562712639939        35.431935252837519        4.0000000000000000                1
   10.981560411293454        8.2160144219597449        8.3343175429299361        4.0000000000000000                1
   9.5297744968714238        6.2232937541907685        12.630744810421008        4.0000000000000000                1
   8.2419335453353302        10.959755432818643        24.023879172251391        4.0000000000000000                1
   6.0745926227218270        7.9007050397048397        17.172910177956219        4.0000000000000000                1
   6.8978217485541773        6.6145751297647850        32.235230321778594        4.0000000000000000                1
   9.0698646539846823        10.932675315451116        6.9231812294966124        4.0000000000000000                1
   6.0559667562561845        8.0607520988715891        2.2319717679001765        4.0000000000000000                1
   10.225728130796865        10.284699599180977        35.016027636993961        4.0000000000000000                1
   10.919983479171714        8.8517529954117453        36.636041644638219        4.0000000000000000                1
   6.4444046083030120        7.1205450018646594        16.553863975568085        4.0000000000000000                1
   7.4555277789152985        10.740446243561005        22.372778117867416        4.0000000000000000                1
   7.1731620353892316        6.4090602055114534        18.304586722088175        4.0000000000000000                1
   9.3608929287304257        10.840371225807592        19.794493837184358        4.0000000000000000                1
   9.9298763454597676        6.5334407209037897        26.177928462735082        4.0000000000000000                1
   9.4552092360985789        10.770609778181820        34.331952339875400        4.0000000000000000                1
   10.398146663729367        6.8788227522191399        15.645325746499065        4.0000000000000000                1
   8.4469780489077166        6.0234748599092018        34.781346733332192        4.0000000000000000                1
   7.2511856765341527        10.660911561061711        36.680397336798023        4.0000000000000000                1
   8.1309863162809695        6.0333062386717442        2.2854165811345726        4.0000000000000000                1
   10.953511735931398        8.4923554540939712        15.632969126260990        4.0000000000000000                1
   10.578616729929259        9.8818402518074091        4.5532917991945370        4.0000000000000000                1
   9.9234575698230643        10.553748397800485        6.3739780903034227        4.0000000000000000                1
   10.845787275068506        7.6956271829081251        16.241299494444874        4.0000000000000000                1
   7.7871168849136385        6.1069487207706272        12.665307351961049        4.0000000000000000                1
   6.4551967454751678        7.0663508724040147        17.709532340976160        4.0000000000000000                1
   10.019048250758859        6.5176566512992116        3.4870765095520024        4.0000000000000000                1
   6.2093343915620354        7.5149512329083761        6.7761656276827607        4.0000000000000000                1
   9.6119628985864338        6.2706551694598582        13.925665260340159        4.0000000000000000                1
   9.1334087760700058        10.902730011977898        4.5481174838556315        4.0000000000000000                1
   6.4847495889197448        9.9614140560693727        9.9344076899946554        4.0000000000000000                1
   10.880607925583783        7.7385274507923070       0.60612765515668443        4.0000000000000000                1
   10.371132668581401        6.8622018938761311        14.552105237209730        4.0000000000000000                1
   6.4859782381926578        9.9780451209191572        8.6436390972344643        4.0000000000000000                1
   10.669690003419303        9.7389664561408118        21.058968959165789        4.0000000000000000                1
   7.3775020454449098        10.726556739186233        1.9842658843112848        4.0000000000000000                1
   7.1188900191396209        6.4459749242528694        17.065996101717193        4.0000000000000000                1
   6.0059342762686478        8.6281888733610064        21.428257285359798        4.0000000000000000                1
   9.1250363445635454        6.1301069967779442        25.528578054239031        4.0000000000000000                1
   6.0485374432831573        8.9500683712901346        14.136032038450518        4.0000000000000000                1
   8.0665665745292863        6.0456860178766725        20.132063467460114        4.0000000000000000                1
   7.2949337892805630        10.649943839826648        25.832099956079109        4.0000000000000000                1
   7.2700774350797737        10.647865035711559        25.851380834396469        4.0000000000000000                1
   8.8625637645953486        6.0499470292903235       0.13487456418552002        4.0000000000000000                1
   6.6404120944568561        10.125833118677093        25.172062981949828        4.0000000000000000                1
   6.2259109068981990        9.5245409540392938        20.870478902965122        4.0000000000000000                1
   7.6974102663707020        6.1442062493366709        11.548913707419594        4.0000000000000000                1
   10.958272241002447        8.2706300248212017        9.4935661163615119        4.0000000000000000                1
   6.0032406929768340        8.4438463638023187        4.9776067765460823        4.0000000000000000                1
   9.6414117350055708        10.714013693288196        33.279106498642292        4.0000000000000000                1
   6.5159748908272075        7.0224558422998138        29.991636042987214        4.0000000000000000                1
   7.5461652785884619        10.799280641327034        39.694656168077699        4.0000000000000000                1
   7.7559150680863365        10.881760415248328        29.989609474506882        4.0000000000000000                1
   6.0335103415990243        8.8141760857347826        38.697143988609440        4.0000000000000000                1
   10.874932265564617        8.9380201467583742        36.662576975455771        4.0000000000000000                1
   6.1051479948302134        9.2127343097141612        8.0139983478255861        4.0000000000000000                1
   10.988416166681603        8.3119744777472544        10.747559735101284        4.0000000000000000                1
   10.830380531551263        9.3491782299078157        38.896522812637279        4.0000000000000000                1
   10.978963563844438        8.4736193757211051        14.394895407341117        4.0000000000000000                1
   9.7834613480596229        6.3627388813006904        18.822238306157914        4.0000000000000000                1
   8.0204943773723478        10.934240595259306        37.329208600281717        4.0000000000000000                1
   8.1534739202581541        6.0251034214248635        21.371318344509248        4.0000000000000000                1
   10.063787335595856        6.5494805451761637        4.6914260694242476        4.0000000000000000                1
   10.665357975061790        7.2613492515554849        6.5875019794759639        4.0000000000000000                1
   6.5759899522731429        6.9078618078632168        3.6721248546955629        4.0000000000000000                1
   6.3948925216932935        7.1763069791368643        14.132718969338313        4.0000000000000000                1
   6.4514463757044069        9.9115305181935689        28.688415689984108        4.0000000000000000                1
   10.700772091723673        7.3172584202799262        25.534009855712217        4.0000000000000000                1
   9.4861121941768296        10.791029450043176        17.367124408113050        4.0000000000000000                1
   6.7242981366812851        10.251147171639744        39.937362834608301        4.0000000000000000                1
   6.2243027106994298        9.5030241130758206        26.518401280183440        4.0000000000000000                1
   7.7476168287060343        6.1559442095763446        31.454064637256799        4.0000000000000000                1
   7.5921212770151296        10.810056262198556        31.182068474836267        4.0000000000000000                1
   6.2310208672126191        9.5376466989416180       0.64502105653169761        4.0000000000000000                1
   8.2505949592342258        10.968326951516408        5.1010463305124878        4.0000000000000000                1
   9.3381046065468301        6.1495319388320242        6.4719632364357684        4.0000000000000000                1
   9.6291847384562974        6.2933179362501281        35.271468680017811        4.0000000000000000                1
   7.5344093204154552        6.2142952040543156        26.859574704163716        4.0000000000000000                1
   7.3210711619274367        6.3319350427890404        4.0317337700832292        4.0000000000000000                1
   10.615592697953387        9.8308323592290279        31.725545354325178        4.0000000000000000                1
   6.0221520837541966        8.7335566911588369        25.825931146775073        4.0000000000000000                1
   10.748810379013250        7.4528101674009068        10.184672377822512        4.0000000000000000                1
   6.1741192385294168        7.5951729404292205        4.2835176665669019        4.0000000000000000                1
   6.0169695266468652        8.7364545558803197        32.993212922385915        4.0000000000000000                1
   6.5352174042215205        10.035420731715533        7.4715351624787756        4.0000000000000000                1
   6.1355769124227599        7.7054290289316301        29.113754949109573        4.0000000000000000                1
   8.0847185576510014        6.0489201502030632        18.822400269558909        4.0000000000000000                1
   10.791005582248674        7.5024106209880488        11.389588913693299        4.0000000000000000                1
   9.9053463090598690        10.553028257642135        27.792361280950338        4.0000000000000000                1
   7.2924330694369282        6.3164913924675732        21.955902378008169        4.0000000000000000                1
   6.5737074185544735        10.048566510014460        35.866670317384830        4.0000000000000000                1
   10.736735745483159        9.6144387621912042        39.987748066590257        4.0000000000000000                1
   7.7791496323444740        6.1159787054903756        29.760646586737138        4.0000000000000000                1
   6.3661843370602211        7.2048013780091011        27.179489829950420        4.0000000000000000                1
   10.921134887642955        9.0544753017319159        26.597503684815624        4.0000000000000000                1
   9.4356552543999044        6.1848665042733391        8.9951731145503864        4.0000000000000000                1
   7.2734722187531684        10.670751726426523        6.9108954195565797        4.0000000000000000                1
   7.2276983232175134        6.3821396340320806        20.754476087029303        4.0000000000000000                1
   9.7059249639804630        6.3125944928587812        15.138908755995006        4.0000000000000000                1
   9.0665784759218440        6.0704915557719401        21.872036826813130        4.0000000000000000                1
   7.1383223159833999        10.591225205599144        10.537812794202519        4.0000000000000000                1
   10.962666985617959        8.8838239763142539        23.020315865736386        4.0000000000000000                1
   6.3525296029660332        9.6724674229115806        29.713839580102331        4.0000000000000000                1
   10.829178794317148        9.2799951811161332        33.582493044864663        4.0000000000000000                1
   8.9670279498059777        6.0683309611816201        17.025764366911435        4.0000000000000000                1
   8.2539565291320276        6.0676539763726112        37.921672155837093        4.0000000000000000                1
   6.5072923128782989        7.0191170511753693        18.946509589484329        4.0000000000000000                1
   9.6549403767092716        6.2844871388102925        1.1928348763971044        4.0000000000000000                1
   9.9121571061713514        10.556708396031464        26.550074087083587        4.0000000000000000                1
   8.9762641016160583        10.952741061322541        8.0929549877698381        4.0000000000000000                1
   7.1916338911136233        10.629847245234501        9.3243588965838136        4.0000000000000000                1
   10.329249099261261        10.085368810753675        34.021193056058166        4.0000000000000000                1
   6.0308234757054073        8.8012352611417342        17.801256702992092        4.0000000000000000                1
   6.0621175736022694        8.7450402756238432        32.993811441101691        4.0000000000000000                1
   6.0037030630593264        8.4912202181874399        3.7938590272340327        4.0000000000000000                1
   8.1977603158957830        10.973213694399778        6.3539292778049878        4.0000000000000000                1
   9.1039940939914779        10.894365159749194        5.7528991937208485        4.0000000000000000                1
   9.2931875719567678        6.1297004770123982        29.712840587868413        4.0000000000000000                1
   10.016004353415363        10.483290172173319        36.142351169125170        4.0000000000000000                1
   7.1070566062815850        6.4407890855197980        33.273911039240154        4.0000000000000000                1
   6.8864512555452864        6.6109678926544131        10.985180587688550        4.0000000000000000                1
   8.5958827954867427        6.0099874432665361        39.152652863127258        4.0000000000000000                1
   6.0479996683196333        8.8820997118706781        39.768514916826746        4.0000000000000000                1
   7.0734348501978488        10.541419371220170        11.764412537162983        4.0000000000000000                1
   10.702728528650322        9.6806791050151038        19.924533082480760        4.0000000000000000                1
   6.0051624755696844        8.5280904558476376        31.041352505631938        4.0000000000000000                1
   9.3140456242012810        6.1961969184474848        34.057425269048075        4.0000000000000000                1
   7.0787466571114219        10.526080281091724        12.914975823066163        4.0000000000000000                1
   6.4195823483933783        9.6639154294131711        38.108374636971838        4.0000000000000000                1
   8.2245973533986785        6.0443112815881994        3.6404570941843826        4.0000000000000000                1
   10.582638493095201        9.8239883225274127        31.719968585369184        4.0000000000000000                1
   9.8896787105347048        6.5158450300757282        22.453839674735669        4.0000000000000000                1
   10.740406669671396        7.4955098069289079        39.550498045472835        4.0000000000000000                1
   9.3250825561609823        6.1478478213824914        7.7953463125179683        4.0000000000000000                1
   9.3727613420980926        10.810097624538741        35.418698725605800        4.0000000000000000                1
   6.8241515813803710        6.6475094211894366        39.361511580018977        4.0000000000000000                1
   10.972126322740596        8.1781938203567712        26.088806883487475        4.0000000000000000                1
   8.1318594725654876        10.969264938316060        7.5539919827467026        4.0000000000000000                1
   10.965897369221000        8.4643799376866244        14.394974672438467        4.0000000000000000                1
   6.9547879979629599        6.5567445485744003        13.449432683393894        4.0000000000000000                1
   10.342443368058204        10.082120596130528        29.645270492368390        4.0000000000000000                1
   6.6325713046791712        6.8425027651731227        35.258228537689277        4.0000000000000000                1
   10.122112899130514        10.356196494132130        30.968443091892773        4.0000000000000000                1
   8.3108122419116945        10.925810770851474       0.33555981994121331        4.0000000000000000                1
   10.975048058607181        8.2204229943486631        27.288976911791959        4.0000000000000000                1
   7.5383299354118334        10.804815610679150        20.971211869497594        4.0000000000000000                1
   8.9842334328172075        6.0729479674153328        19.483129801571256        4.0000000000000000                1
   6.2122898159947368        9.4531806913170708        30.683929055397122        4.0000000000000000                1
   10.943392212671908        8.0093421695132569        23.607890451187959        4.0000000000000000                1
   9.6775359243296410        10.692382594249489        12.458089922434947        4.0000000000000000                1
   10.977063846970776        8.8090527714046942        20.518139769116910        4.0000000000000000                1
   10.976377998768720        8.1573616811565532        7.0684181164987789        4.0000000000000000                1
   9.3703648975852474        10.838188812302324        19.816536267004832        4.0000000000000000                1
   6.9551352608559602        6.5484958338579853        13.445877287588122        4.0000000000000000                1
   8.5139960294817900        6.0062802219513864        7.1817916915168967        4.0000000000000000                1
   9.1226279094220128        6.1111450307950124        25.559512299912598        4.0000000000000000                1
   9.2828959805200384        6.1546456409541603        5.3568138459918009        4.0000000000000000                1
   8.0891493263187897        10.965681976092565        8.7560415418586093        4.0000000000000000                1
   9.1012596945966173        10.870580854259279        2.4536235037034086        4.0000000000000000                1
   6.0731696712411027        9.0234718410613048        2.7671434814257885        4.0000000000000000                1
   7.9633445112362837        10.941705720169820        11.121047575118006        4.0000000000000000                1
   6.6973403348141183        10.226378885912641        1.2758394515515192E-002   4.0000000000000000                1
   6.5739761495875593        10.024534313315630        31.441180434774267        4.0000000000000000                1
   6.7258913362505242        6.7430330492980231        25.050455434855660        4.0000000000000000                1
   6.0980573601034687        7.8489872735850170        18.337771225939587        4.0000000000000000                1
   9.0760665392095063        6.0954722225903293        32.981515784544563        4.0000000000000000                1
   10.178537088227122        10.349604670114418        19.222545939392237        4.0000000000000000                1
   8.5002037767396388        6.0138721487261657        8.4092868744671261        4.0000000000000000                1
   6.5114050729453377        7.0439639436752515        2.4926554819665543        4.0000000000000000                1
   8.3803146310355405        10.985620579833308        3.7593275966569948        4.0000000000000000                1
   6.9778941895155482        10.468475071854126        15.443856204409549        4.0000000000000000                1
   7.3300037533920293        6.2978760947939270        2.9401552509304656        4.0000000000000000                1
   9.9690597458507604        6.4812994851546470        24.960497528722811        4.0000000000000000                1
   10.979738250269163        8.5062493623797675        30.206281498868936        4.0000000000000000                1
   6.5803388784753007        10.095645677128052        27.261284357813945        4.0000000000000000                1
   6.0338887159063832        8.5488330267782366        34.210635408974831        4.0000000000000000                1
   9.7759375309746002        6.3518272537554097        17.591172016570297        4.0000000000000000                1
   6.0007077890079703        8.5369166544629635        35.325417650147315        4.0000000000000000                1
   10.637673672746100        9.7657328546356865        35.785153867329001        4.0000000000000000                1
   8.6102276688912749        10.996718619647741        16.708814705142757        4.0000000000000000                1
   10.933041183856623        9.0252724247329574        25.435874552870121        4.0000000000000000                1
   7.0363370939796885        6.4862685191106753        15.910480275283719        4.0000000000000000                1
   6.2139720619945820        9.3868263662659857        23.288535106325941        4.0000000000000000                1
   9.3219642102053086        10.856882063380541        20.946011258941052        4.0000000000000000                1
   10.223111612810886        10.306921489755394        18.038136034687881        4.0000000000000000                1
   10.512654446544749        7.0566795511812517        31.253620349421698        4.0000000000000000                1
   10.433316367171821        6.9170173254056451        17.013615094660089        4.0000000000000000                1
   7.0739361514742090        6.4687126165980251        37.607643988017429        4.0000000000000000                1
   7.4842302207338074        10.766958646456574        4.2533574581711999        4.0000000000000000                1
   9.1966802743917473        6.0991169926554125        4.1240471906873655        4.0000000000000000                1
   7.6827897311053013        10.858217160168257        17.260292805573666        4.0000000000000000                1
   8.5259829661904227        6.0599108366942573        10.885159038784657        4.0000000000000000                1
   6.8181656329198370        6.6844757256078626        26.338324848558550        4.0000000000000000                1
   8.7657741267382630        10.981193258232835        13.061981384538138        4.0000000000000000                1
   10.938595303955372        8.5262601829661566        28.778221187404974        4.0000000000000000                1
   9.9554576099143866        6.4680142330879926        21.232730473034778        4.0000000000000000                1
   6.6773619956094219        10.207476195479099        22.758843967352441        4.0000000000000000                1
   9.8308659152764459        6.3906858698457460        20.076172088129159        4.0000000000000000                1
   6.3175692928306502        7.2853587293548943        10.374580555513520        4.0000000000000000                1
   10.881400654846415        9.2368038277224276        27.739535135067982        4.0000000000000000                1
   9.4215641455773724        10.810612070127746        18.603192388440423        4.0000000000000000                1
   6.1321161780728604        7.8049949584782885        20.800738616047337        4.0000000000000000                1
   10.501549498489554        9.9954935264130818        27.198046579320305        4.0000000000000000                1
   8.0766197345762016        10.958294048342662        26.461644132435758        4.0000000000000000                1
   6.7556943108769723        10.227979804640418        1.3095491874580367        4.0000000000000000                1
   8.6896504968282589        10.989036025930435        15.464264604175716        4.0000000000000000                1
   10.440441638837100        6.9290965889640699        18.126295165539286        4.0000000000000000                1
   10.986214682763638        8.7372922569017870        32.282782378358476        4.0000000000000000                1
   6.6706380761800812        10.190182522628964        22.773539706614258        4.0000000000000000                1
   6.8969025750664894        6.6456113356844968        36.505816560249599        4.0000000000000000                1
   7.0850515423502651        10.556107301436262        12.911795715638050        4.0000000000000000                1
   6.4151574454838967        7.1484644360670098        15.235787789939931        4.0000000000000000                1
   9.4288893261006361        10.814690786832443        30.038248419651957        4.0000000000000000                1
   10.707974469222727        7.4212441959311750        8.9339303181723437        4.0000000000000000                1
   9.1994474687094954        6.1725431703532978        38.275604633995137        4.0000000000000000                1
   7.0772581887158079        6.4483715100373438        29.124415877741203        4.0000000000000000                1
