     1000000
           1
  0.10000000149011612     
   5.8959283251005044        4.9549874240914287        10.452947987460416        1.5000000000000000                1
   6.2066187900590331        4.5702467512320828        13.589987057849230        1.5000000000000000                1
   3.0781666639681347        2.8578826148165302        24.924982721876443        1.5000000000000000                1
   4.2272170937651063        6.2401363776046770        39.829502020197232        1.5000000000000000                1
   3.9040894644360429        6.2181721525725440        15.686092949583665        1.5000000000000000                1
   3.6891823799171855        4.5830556657236539        18.689434867944332        1.5000000000000000                1
   2.7822237807075125        5.5850299696926156        14.765410804544596        1.5000000000000000                1
   5.8956001131633018        5.0689219420995153        18.711936012378523        1.5000000000000000                1
   3.3826745276444039        6.0308685477815374        2.7471318081721723        1.5000000000000000                1
   3.0445564546771879        2.6620649020390479       0.91191022029823576        1.5000000000000000                1
   4.0332512231041626        3.7200550975442881        36.369505466040621        1.5000000000000000                1
   6.0580148670032479        3.5461037998797469        26.630166744884409        1.5000000000000000                1
   3.4987931646416945        4.0190539258287803        17.230736485783481        1.5000000000000000                1
   6.2237921389083821        3.9640071537844537        34.367638131325926        1.5000000000000000                1
   2.3091264863527963        3.9899005938633771        7.4018929947135410        1.5000000000000000                1
   5.6781776795438246        5.6348193630217933        2.3090818791328140        1.5000000000000000                1
   5.0047678583152626        2.4414022740704922        4.0197973272159659        1.5000000000000000                1
   5.2571558624937742        4.2066396105796144        2.6469669769159037        1.5000000000000000                1
   5.1590396261909266        6.0008346959535155        29.998226673112168        1.5000000000000000                1
   2.3557658224243681        4.4689172145223832        5.9441580742151521        1.5000000000000000                1
   4.6390204077009933        3.4136229661052142        30.202155888373333        1.5000000000000000                1
   5.1552201740022632        2.5380740582791916        8.9834218023670740        1.5000000000000000                1
   4.2448146727467790        5.1509609062550350        28.750304146748089        1.5000000000000000                1
   4.3507002015729572        3.2108506968247648        28.735435525686309        1.5000000000000000                1
   5.7197036621319377        2.9336864553304425        15.290532956762780        1.5000000000000000                1
   2.7000277631767231        3.0947894336258170        32.995735233687512        1.5000000000000000                1
   5.3101570064252899        5.9117937557491196        37.660241492784259        1.5000000000000000                1
   2.4549365929129867        5.0870408592750689        13.380985348255013        1.5000000000000000                1
   2.3123067310899579        4.5730252776712739        33.003927163658965        1.5000000000000000                1
   4.1836162144381976        4.8308589365450576        33.596845513357692        1.5000000000000000                1
   5.8624274689336096        5.4200578980447540        4.9585796708123917        1.5000000000000000                1
   4.8364699788669165        3.5703163518029770        17.890362412444446        1.5000000000000000                1
   2.4870768319234582        3.7595022257599617        34.459552305567904        1.5000000000000000                1
   5.9565269067869364        5.2545542574006401        31.095622051249592        1.5000000000000000                1
   4.6123616427077572        4.6580869385343115        21.947860276064048        1.5000000000000000                1
   4.0494205857584600        3.6060925697838391        20.738602164506005        1.5000000000000000                1
   2.8596782803184171        5.6477787772540351        31.889028391245088        1.5000000000000000                1
   5.7698736901113197        2.9597213970202425        35.696483422909786        1.5000000000000000                1
   3.5790174099391234        4.1838450260433140        26.241177063223496        1.5000000000000000                1
   5.5739728315583701        2.7554505514832224        27.842697295287508        1.5000000000000000                1
   4.2099273817282734        2.2856160420331419        21.546457013093086        1.5000000000000000                1
   3.7277820233408447        6.0685417975880798        17.261427080782568        1.5000000000000000                1
   3.4845027987537698        6.0706062377661834        20.202039496468231        1.5000000000000000                1
   4.0923312557309446        6.1860070887741587        13.305688414993488        1.5000000000000000                1
   3.8542082999342488        2.3012889973035189        27.610821585858989        1.5000000000000000                1
   4.7935803661449770        3.8882076025749321        6.1034782075005589        1.5000000000000000                1
   4.9350495376627634        6.1103825613593816        2.8667595659376688        1.5000000000000000                1
   3.9038292359657425        4.6796651307740866        3.2432653310116240        1.5000000000000000                1
   4.0841132635228519        6.1926304433167916        4.1435892516607584        1.5000000000000000                1
   5.2514110770275568        4.1358524108190737        34.552081032589108        1.5000000000000000                1
   4.5301914745158909        2.3668575763356849        2.5049780301609075        1.5000000000000000                1
   4.1295837104963251        2.4404009286826800        8.9959404828732161        1.5000000000000000                1
   5.1405119258801575        5.9620852410953811        22.722321082509865        1.5000000000000000                1
   5.5108790793854743        5.7508157710480701        12.891432390005042        1.5000000000000000                1
   4.2792194321571051        2.8925483443132265        38.295759769791992        1.5000000000000000                1
   4.6594420585619298        6.1544873030081266        31.459469237192387        1.5000000000000000                1
   3.2898349979668753        2.5630992940377562        37.802316929350695        1.5000000000000000                1
   2.7712043909981445        5.5700313475697598        35.782602719035800        1.5000000000000000                1
   3.9147213711717592        2.3216507008105709        10.024092838465247        1.5000000000000000                1
   5.8508118973551877        3.0537608388074209        1.7664229464338146        1.5000000000000000                1
   4.6347366407995629        3.4520434735009315        16.326116851930877        1.5000000000000000                1
   5.3424537478792704        5.8294187644482189        6.3663589038078445        1.5000000000000000                1
   3.1761742538237940        5.9331081565479895        33.359560455423598        1.5000000000000000                1
   2.9438706738860843        2.7814637720689857        35.714136663574635        1.5000000000000000                1
   4.2248344667865521        3.3053560328892835        32.691856831671082        1.5000000000000000                1
   4.8309716296793832        3.9423034851020793        39.300398790669028        1.5000000000000000                1
   5.2871376914544577        2.6671689738810822        37.128271477793092        1.5000000000000000                1
   2.5008222897879420        5.1449654617214726        26.848748677830745        1.5000000000000000                1
   2.8288152369583011        5.5410330886968824        36.791077329398426        1.5000000000000000                1
   3.6980121837170778        5.2642259564035569        15.966043153864767        1.5000000000000000                1
   2.8241012318941086        5.6327759061778320        34.272160028157629        1.5000000000000000                1
   4.7428029309346336        4.8456552870189915        3.9255828199659164        1.5000000000000000                1
   4.8052351708817840        2.3295435297370446        27.212590325833567        1.5000000000000000                1
   2.3230522585449913        4.2609268491663057        37.467018863889926        1.5000000000000000                1
   3.7791846874033443        2.3109211896097164        36.947279544628437        1.5000000000000000                1
   5.1237050755809781        6.0387375449580389        16.688484788899473        1.5000000000000000                1
   2.4038650978915386        5.0026704405292213        38.256094860547080        1.5000000000000000                1
   2.2563631914146471        4.2593993434112232        32.030539145213801        1.5000000000000000                1
   4.0452196215581022        2.3230796224905812        32.901794665974819        1.5000000000000000                1
   5.8327993525085127        5.3811854105600432        38.334495848701636        1.5000000000000000                1
   4.2363270121409728        3.6527225166423118        6.7742892327923229E-002   1.5000000000000000                1
   4.8443048720732040        4.1349047912556776        7.2165096393509058        1.5000000000000000                1
   5.1791937136072894        4.6507884082646864        20.501698482301300        1.5000000000000000                1
   3.5880285457520356        3.5976366700547602        11.362581173312014        1.5000000000000000                1
   3.0092972720514841        5.8030453211691109        38.411755959784671        1.5000000000000000                1
   4.4921361533568254        6.1038683489413987        5.0564650088519869        1.5000000000000000                1
   4.8823423627402942        4.2649072100587295        28.950111061065975        1.5000000000000000                1
   4.6251651112792738        4.8325861214751775        24.910731713327205        1.5000000000000000                1
   6.2444292000706909        4.1589564964865913        2.8464409443503715        1.5000000000000000                1
   5.8192881397563863        5.4887686936738369        11.873581095540656        1.5000000000000000                1
   2.3107442911698497        3.8621686152222976        18.427875670656459        1.5000000000000000                1
   4.3643583060331643        2.3349345253856701        10.942376563145334        1.5000000000000000                1
   4.8559811011920759        6.0308924194134850        10.810435574349640        1.5000000000000000                1
   4.1079188064191374        5.2421345145968425        27.204475117116381        1.5000000000000000                1
   3.8845888317532928        3.6705747011046110        3.1892690532945660        1.5000000000000000                1
   4.9857943542854963        3.6297905104617092        35.975157883042563        1.5000000000000000                1
   2.3893420028937435        3.5455164554223697        19.914861402085538        1.5000000000000000                1
   3.8489700015946484        4.5476321606505303       0.29713438468176540        1.5000000000000000                1
   5.0812130718137016        2.5142377228037134        16.582723468620134        1.5000000000000000                1
   6.2330764288704463        4.2231285776201331        39.786140199112033        1.5000000000000000                1
   2.5467148988784007        3.2307015581999647        24.158391636549130        1.5000000000000000                1
   5.9097105126350691        5.3469782922637537        35.263103350745467        1.5000000000000000                1
   4.2862883616403469        5.1471070140788315        5.3456003983150637        1.5000000000000000                1
   3.4914153260760497        6.0572595285266404        14.129911518911900        1.5000000000000000                1
   2.5238467082005198        3.3934745300547617       0.30010325327676884        1.5000000000000000                1
   5.2817023991086076        2.5756528728389259       0.42914258618668327        1.5000000000000000                1
   4.4204907207333530        2.2953338155431480        35.575182197706411        1.5000000000000000                1
   5.6678221369535331        2.8427441354185214        3.3611297772168700        1.5000000000000000                1
   4.8741513355660624        6.1039911756922027        18.248753428279723        1.5000000000000000                1
   3.2880694794487062        5.9859509892194760        9.3985010165493783        1.5000000000000000                1
   2.5526785948668071        3.2787340197635442        9.6438619434311637        1.5000000000000000                1
   2.4007997948735085        3.6174838654172818        22.476426341153704        1.5000000000000000                1
   5.6808715899882074        5.3078356509136899        7.8626428134988551        1.5000000000000000                1
   2.6246304843890877        3.2575280392807842        37.233771052349596        1.5000000000000000                1
   2.8320933824397909        2.8485752792485126        5.3266286275901296        1.5000000000000000                1
   2.9807063003702390        2.7437698119357639        28.036119721787092        1.5000000000000000                1
   3.3933562335757759        2.4725391739996936        39.432552136190296        1.5000000000000000                1
   2.7979785736584883        2.9757164115592825        29.019928901254776        1.5000000000000000                1
   3.6722449531577745        6.0524083226011767        19.152460869002656        1.5000000000000000                1
   3.8260547141580536        4.7709623113371933        37.646563604623864        1.5000000000000000                1
   4.0952702080244876        2.2942090192294753        25.889758399640034        1.5000000000000000                1
   4.1165798311541142        3.6254823674897589        19.232904686427457        1.5000000000000000                1
   4.9141972784858892        6.0542810070237181        25.869530601887142        1.5000000000000000                1
   2.4571882082998124        5.1326584044578549        19.604602824368893        1.5000000000000000                1
   2.8259949140856948        2.8550368485704363        21.215606888639364        1.5000000000000000                1
   2.3240330956742286        4.1969408256282215        16.292074303008942        1.5000000000000000                1
   2.4001520844934219        3.5538443328818654        13.843535762573090        1.5000000000000000                1
   2.5892830628694741        5.3532320691654398        21.178355488908405        1.5000000000000000                1
   6.0096288144254837        5.1668130554630229        21.665166850787408        1.5000000000000000                1
   4.8367759229745735        4.0308428929184279        8.7388670806935345        1.5000000000000000                1
   4.1555679538937325        3.3275033223509705        25.932783693607835        1.5000000000000000                1
   4.7182765486655267        6.1794372434392875        8.6149375299829991        1.5000000000000000                1
   2.9591462298929061        2.7697258868300678        22.248176120986674        1.5000000000000000                1
   4.3326238386881419        2.2560965345938113        15.261305290626934        1.5000000000000000                1
   3.6139770661943666        4.4868484168882761        20.444776216731842        1.5000000000000000                1
   5.2475534936039061        2.5529968714064268        30.304415581542848        1.5000000000000000                1
   4.9769584246798422        4.6410030674621963        10.112540495569275        1.5000000000000000                1
   2.8965381110458766        5.6145357728460361        5.0198669229307917        1.5000000000000000                1
   6.0440666657324638        3.4453951165125556        32.671229538199768        1.5000000000000000                1
   3.7514696474774976        6.1266319014197395        31.911213527707993        1.5000000000000000                1
   3.0148128572288782        5.7551402123319342        26.240627744036903        1.5000000000000000                1
   4.2406177693961080        2.2909583152845472        5.3663929128148489        1.5000000000000000                1
   4.9633727636372713        2.4181579769642352        24.516004927929583        1.5000000000000000                1
   5.1630392995342502        2.4773743559583585        34.209375436488173        1.5000000000000000                1
   6.1842741822071678        4.3122043055517176        17.322282253468899        1.5000000000000000                1
   5.1133994308017767        3.7696612381675294        21.897980335677858        1.5000000000000000                1
   5.9718499762230426        3.4177567758019096        7.9717792169321404        1.5000000000000000                1
   4.2868227498256113        5.1722034602684461        1.8441031833123669        1.5000000000000000                1
   3.5480704676286745        3.5557012843201035        15.270780260564269        1.5000000000000000                1
   4.6935845125517019        2.3261071297557767        13.036262723816311        1.5000000000000000                1
   3.3126345831250750        4.1798055317269673        4.7155130474716804        1.5000000000000000                1
   5.2116969997129932        5.9081439059005456        34.699806991279893        1.5000000000000000                1
   2.4622762663033666        4.2072597435494821        29.871868249672946        1.5000000000000000                1
   3.5242356517047955        3.7671087478578120        9.7308391130644072        1.5000000000000000                1
   5.1949518039577285        4.0183075550777465        31.553627673570180        1.5000000000000000                1
   6.1896255803738462        4.3786667620443751        38.289963299232113        1.5000000000000000                1
   5.7102846456368637        2.8880149805143907        12.069100722390543        1.5000000000000000                1
   4.4354562120894787        5.0484807040469413        18.168007664406804        1.5000000000000000                1
   3.2808960159679881        5.9914823461924653        39.363085654249112        1.5000000000000000                1
   3.4731785223822218        2.4289991105794524        19.915225572065317        1.5000000000000000                1
   4.2060078307467288        6.1101117480720566        34.648485893236902        1.5000000000000000                1
   4.5669728422796680        4.8590680542363796        38.997489354492892        1.5000000000000000                1
   6.1242965390525619        4.8113561938320046        30.007857046411040        1.5000000000000000                1
   4.7841206018279081        4.6752319086122300        15.053086071562317        1.5000000000000000                1
   4.2781583872416631        6.2475922315849184        28.788595502173820        1.5000000000000000                1
   6.1224633611432990        3.5595629947157827        9.5502856175567246        1.5000000000000000                1
   5.2036747618982737        4.3016184226116589        1.0280853388975333        1.5000000000000000                1
   4.9106938315865127        6.0873230221132619        21.219947240799570        1.5000000000000000                1
   2.9543390932271731        5.6546669933415217        17.891344530780124        1.5000000000000000                1
   6.0373244280893106        5.1132080109584752        15.830504492516132        1.5000000000000000                1
   2.5093389778288460        4.2431094613170588        8.4564119724470821        1.5000000000000000                1
   3.6873207036850086        2.3571408893352443        23.610464613023339        1.5000000000000000                1
   3.9690375473187571        5.1468102291641316        23.314178440922021        1.5000000000000000                1
   4.7915400110129225        4.2079850653483799        37.618298247778334        1.5000000000000000                1
   2.3143950559612096        4.6863048300173533        14.850183187469847        1.5000000000000000                1
   2.5683638513559077        5.1208815647114445        22.735889017718051        1.5000000000000000                1
   4.6205124823574986        3.8341538132600688        27.372093703156668        1.5000000000000000                1
   5.9819581650353166        5.1324906251306412        32.195578176826942        1.5000000000000000                1
   2.3386247306541605        4.6356887107786093        23.586840784610704        1.5000000000000000                1
   5.2767818722829327        2.6110014030757442        20.538005923390326        1.5000000000000000                1
   2.3790195457272780        4.8528034771853941        39.752282515841905        1.5000000000000000                1
   3.5820971413100593        6.1163515700817941        35.478479284311057        1.5000000000000000                1
   4.1861479142993892        6.2485638757042388        10.038339270643293        1.5000000000000000                1
   4.9015620511799751        4.1804980008158310        19.637476082669295        1.5000000000000000                1
   6.2428873404872753        4.2198129275676637        5.8482815394658587        1.5000000000000000                1
   2.3528608580271566        4.5145535457704176        2.0068336423083331        1.5000000000000000                1
   4.3693491904053454        6.1902872402847988        11.745550116997553        1.5000000000000000                1
   2.9005826540594466        2.8097879962472163        11.042096618406420        1.5000000000000000                1
   2.3386040609070515        4.7819070539746509        17.951461353179180        1.5000000000000000                1
   4.6549474238114916        2.3079013653126452        7.5855557815697656        1.5000000000000000                1
   2.6808521798547358        5.4087998989842134        2.3217797542378897        1.5000000000000000                1
   2.4361608660407015        3.4517485111327120        16.965129997144448        1.5000000000000000                1
   5.0625245872437112        2.4887139365604911        28.698042403264029        1.5000000000000000                1
   2.3427753228505437        4.7507644449368520        34.576161325717237        1.5000000000000000                1
   2.2549512101663081        4.2552777269653017        28.362180344274698        1.5000000000000000                1
   5.4411075520803101        5.8381377672908625        26.701256272450333        1.5000000000000000                1
   2.8773550130024197        2.8299179090644926        32.034079548547908        1.5000000000000000                1
   6.0791551052820045        3.4457493830986210        29.341707890625376        1.5000000000000000                1
   3.7431703282404363        5.0540903085004105        8.9746746800644974        1.5000000000000000                1
   3.8973106714926078        4.7889870812410829        32.639617215526464        1.5000000000000000                1
   6.1988039607621497        4.4375215186055970        24.156689167087915        1.5000000000000000                1
   4.7029300416658364        5.0735577041723543        36.371819845797084        1.5000000000000000                1
   2.8989864867368325        5.6530889074857829        12.558352969038463        1.5000000000000000                1
   3.3641501218675312        6.0312096181318005        7.8935126671755533        1.5000000000000000                1
   3.5676064303614168        4.9563217873592338        12.203585375761394        1.5000000000000000                1
   5.7558293317304727        3.0584269245529638        23.374125587602997        1.5000000000000000                1
   6.1924616275154536        4.4020976184341478        8.0370101828266165        1.5000000000000000                1
   3.9151382720183685        2.2944897449847259        31.084959585592721        1.5000000000000000                1
   3.2171433920898465        4.2474097701425082        28.015817583381299        1.5000000000000000                1
   5.4280954938897645        5.8537214445769683        27.717166665319812        1.5000000000000000                1
   2.2600959948316262        4.1377372165713142        35.948489849175090        1.5000000000000000                1
   6.0942423150982563        3.6092830101604658        24.736980034929836        1.5000000000000000                1
   5.8726760212927500        5.3936354571843808        24.119006986959125        1.5000000000000000                1
   3.3249815296612710        3.9655262642737372        38.834080531652745        1.5000000000000000                1
   3.5056483763954627        2.4970904147601889        14.023105163416272        1.5000000000000000                1
   4.5121374695261194        2.2848081416312263        1.0062602708160135        1.5000000000000000                1
   4.2689831583626177        2.3395513304671574        11.979839169026715        1.5000000000000000                1
   3.4539205357661604        4.2048993465337414        29.627112805336701        1.5000000000000000                1
   5.2682575968819734        5.8452017347186835        32.311854739417818        1.5000000000000000                1
   4.6237310644616869        5.0237158763488790        30.267661646235712        1.5000000000000000                1
   6.1395320639117354        4.8828803718305993        20.195114714424498        1.5000000000000000                1
   3.8060346301568768        2.4941319659576520        17.477103287781155        1.5000000000000000                1
   6.1827818561077104        4.4774517097143098        1.3289883183910634        1.5000000000000000                1
   3.7886175142489926        4.5780887537194142        35.156340898378915        1.5000000000000000                1
   2.6817433709875167        5.2613486101641707        6.4858556091194259        1.5000000000000000                1
   4.0078818764544231        4.8120427896790314        31.085340931910746        1.5000000000000000                1
   5.1607475779814722        3.9262883443460144        4.3621517951941930        1.5000000000000000                1
   6.0564118865893919        5.0079260058984865        6.4400638951220408        1.5000000000000000                1
   4.0522276841126752        6.2397063106946922        27.255504803410695        1.5000000000000000                1
   5.4453048267303616        5.8223645576452743        9.2720064639325415        1.5000000000000000                1
   3.9504097725192322        2.2966695259908714        3.8945196281352215        1.5000000000000000                1
   2.2782047380379900        4.3760054401963258        21.171098508367105        1.5000000000000000                1
   2.4225954773599976        4.9043772600270694        30.618557670328904        1.5000000000000000                1
   3.7244487391790364        4.3127745482948763        24.595985899842923        1.5000000000000000                1
   5.6474909803420434        5.3000669580397268        3.9204438535243242        1.5000000000000000                1
   2.7436049143862964        2.9510764009070427        18.544492066742322        1.5000000000000000                1
   6.0400429915293676        3.4622729431971107        10.560243939952937        1.5000000000000000                1
   5.7497210015608955        5.5190750143106069        28.681427335297496        1.5000000000000000                1
   2.4158799094163155        5.0339814807918284        25.067539064187070        1.5000000000000000                1
   6.2477506996011201        4.2116322558477162        28.050528944940165        1.5000000000000000                1
   5.5257840144273862        2.7718119448591634        18.989575037210550        1.5000000000000000                1
   2.9602130223341856        2.7951128985653857        12.570016188474895        1.5000000000000000                1
   6.2433073441082438        4.2739408165828294        11.850504412586050        1.5000000000000000                1
   3.6567738679665402        3.3879355358743251        7.8850176880548171        1.5000000000000000                1
   4.5226327878799157        6.2282833428045938        38.308017690330352        1.5000000000000000                1
   5.2176567112179733        2.5053926163640403        31.813540959981744        1.5000000000000000                1
   4.9175427176403650        4.3511335712589387        12.723420864749048        1.5000000000000000                1
   5.6208635252046752        2.8583400537057324        17.949587238991633        1.5000000000000000                1
   4.4877966973369476        4.7543549127739944        13.565384001691230        1.5000000000000000                1
   5.9609068322066570        3.3380330445526121        20.317536317164368        1.5000000000000000                1
   4.6581010161126644        6.1573249540222914        7.0695838190087548        1.5000000000000000                1
   3.4981552950052093        2.4706547717232850        16.498532181122378        1.5000000000000000                1
   5.9681801962651617        3.2875235621848256       0.13186356753744438        1.5000000000000000                1
   4.1068337002532695        4.7962961499220444        7.4204560968367552        1.5000000000000000                1
   4.6144149294847709        6.2099686313290112        24.282636966014838        1.5000000000000000                1
   6.1590779777826414        4.8083993084755310        22.648981996321417        1.5000000000000000                1
   4.7952025265319458        4.5477405904781190        23.437420232487849        1.5000000000000000                1
   5.3590326057692632        2.6355854245578536        10.579558993127685        1.5000000000000000                1
   2.6387814065104322        3.1328325817872651        3.8642973186001375        1.5000000000000000                1
   3.8586046812350232        6.1968763018668191        6.4632381832288877        1.5000000000000000                1
   2.2743415878239102        3.9565254724729368        1.1697635409537053        1.5000000000000000                1
   6.2305304133905040        4.4838955566505261        9.0627043140901566        1.5000000000000000                1
   2.3450025140942508        4.0987323882411193        3.4532944565506063        1.5000000000000000                1
   5.0187625893623213        2.4600547718113610        22.859963130895203        1.5000000000000000                1
   4.2122821236199455        6.1772598514236687        1.4843074449922797        1.5000000000000000                1
   2.3240890373615772        4.7408779897919429        9.8917696108948139        1.5000000000000000                1
   4.2176022403780573        3.1603160178022636        22.994100203292746        1.5000000000000000                1
   3.5756481545302101        4.9734745290695352        10.685847841126570        1.5000000000000000                1
   5.9710336879879806        5.2397292856578179        17.647480359559008        1.5000000000000000                1
   3.4527849132417088        6.0030034998379858        30.357091049196779        1.5000000000000000                1
   4.4824552950020013        2.2636062614229018        20.012949389054210        1.5000000000000000                1
   2.2891404878282029        4.1109875133957496        25.465494065484375        1.5000000000000000                1
   6.0004586529287636        4.9948660564633363        25.564256613449704        1.5000000000000000                1
   4.7024024424518140        3.3805292780552856        14.250656400597503        1.5000000000000000                1
   5.9748276325347343        5.2394818738003135        14.330115136692237        1.5000000000000000                1
   4.4042545780721518        2.3153426410416520        39.173527205782392        1.5000000000000000                1
   4.9074563300283778        6.1005649857563293        36.187352878142057        1.5000000000000000                1
   4.1558470804855361        2.2954548596216946        29.207061416961505        1.5000000000000000                1
   5.0655988631210969        2.4530471802442437        6.6201292829861735        1.5000000000000000                1
   3.1952448813880512        2.5512853820754224        30.435923097462002        1.5000000000000000                1
   5.1226309442717737        2.4757922271635424        13.986219398033979        1.5000000000000000                1
   5.5009012244261823        5.7888902653682992       0.78545440687057078        1.5000000000000000                1
   2.4942349077158426        3.2953933811063445        30.514776210985985        1.5000000000000000                1
   3.6488912369526632        6.1424578833289516        37.050796048900352        1.5000000000000000                1
   2.3673231388477016        3.6180942966502108        26.934321366211812        1.5000000000000000                1
   3.5297323727440149        2.4140043276192489        2.3610703994131792        1.5000000000000000                1
   2.9405654654633504        5.7610700773843613        28.144640316582013        1.5000000000000000                1
   6.0465136086875848        3.4015790524959062        37.150871162423520        1.5000000000000000                1
   5.0986946243104700        4.5041259641241584        25.882677186846465        1.5000000000000000                1
   3.9055401050363536        6.0721765328082267        21.134136654076357        1.5000000000000000                1
   5.6216146528856710        2.8426298664899279        26.024173956128877        1.5000000000000000                1
   2.8282617556654315        2.8507990384140349        26.480940860343736        1.5000000000000000                1
   4.5030488808836857        3.4006472053411296        24.449012105494152        1.5000000000000000                1
   4.5391962543433140        3.7433199638578274        9.7434966048749487        1.5000000000000000                1
   2.6138342526898506        5.3452675474964240       0.65414048030437200        1.5000000000000000                1
   4.9233665274286995        6.1277046942589610        15.649554065621340        1.5000000000000000                1
   2.2609828127325753        4.1702970291497898        13.006156047366161        1.5000000000000000                1
   5.6526221024952328        5.6230756025958302        39.804065694716769        1.5000000000000000                1
   3.9290371922321605        3.3571338143229945        34.182899110048226        1.5000000000000000                1
   5.5082930487379462        5.5246655709930312        33.808158084391771        1.5000000000000000                1
   2.7077467339305201        5.4765635311068026        29.107943608844071        1.5000000000000000                1
   2.5684007584270656        3.1832868065908153        6.7846412935402221        1.5000000000000000                1
   2.9053029213154318        2.7877776999836970        8.1951648310349725        1.5000000000000000                1
   6.1234199223872032        4.8961799256878678        33.187966626645022        1.5000000000000000                1
   3.4733070280533500        6.0589099880577795        25.355029031612851        1.5000000000000000                1
   3.6799710438664892        3.8719091109698640        31.294021627880277        1.5000000000000000                1
   3.6679524558192678        6.0681987410748173        22.107114659359233        1.5000000000000000                1
   4.1144570277816355        2.3126378819446667        18.414620114998399        1.5000000000000000                1
   3.0625222318081171        5.8236567573958942        11.029416854704808        1.5000000000000000                1
   3.6122263392711451        3.5039398249700873        12.886599769341252        1.5000000000000000                1
   5.5710771412920863        2.7512168828967845        33.278652363747874        1.5000000000000000                1
   3.2947836910337078        6.0025268822412032        1.0710772265288260        1.5000000000000000                1
   2.7337865548617466        5.4976302182591139        3.9915064665200295        1.5000000000000000                1
   5.1686124728405733        5.9461865081577665        19.717771660922622        1.5000000000000000                1
   2.2669308419793102        4.2308018493613471        4.9737066162686707        1.5000000000000000                1
   6.1331212889767839        4.8784184696917983        36.855936244808895        1.5000000000000000                1
   4.8065988122404226        6.1378895216672449        33.180234305254203        1.5000000000000000                1
   6.2171493930405175        4.5961599163186833        27.107935218084400        1.5000000000000000                1
   5.6964779243186401        2.8769625782546280        5.3134202961364636        1.5000000000000000                1
   6.1213477996732486        3.6316864989015136        16.579052160741831        1.5000000000000000                1
   2.9462618534523903        5.7544519386991366        24.533661374435948        1.5000000000000000                1
   6.2240358101553621        4.4928306481293641        35.891832548429470        1.5000000000000000                1
   3.6371515410236799        6.1481255384117937        23.140968162224379        1.5000000000000000                1
   6.1827179505911722        3.9435023147043302        4.3381842948916791        1.5000000000000000                1
   4.6786682897087939        4.1851472745831559        33.003175385143280        1.5000000000000000                1
   3.6321245534533180        4.3540411933221481        21.999396134981655        1.5000000000000000                1
   3.4571547172271186        2.4146539507381286        6.6470964421372694        1.5000000000000000                1
   6.2295889835492053        4.1236986163806142        18.875355380513863        1.5000000000000000                1
   4.8231035412664456        4.4215999507334605        16.569716572216691        1.5000000000000000                1
   2.7601634737366334        5.2731994275211029        16.329503415870690        1.5000000000000000                1
   2.8843020620551556        3.7817219910506958        23.380583437422413        1.5000000000000000                1
   4.2102821728252886        3.6583143277748404        4.6849488177277552        1.5000000000000000                1
   2.7202157595234038        3.0442102558792081        2.3369775031968154        1.5000000000000000                1
   5.9098471549555773        3.1457696633166679        21.866170745380817        1.5000000000000000                1
   3.7947799270242841        3.8629552344102049        6.1741527221169674        1.5000000000000000                1
   3.4260564198030985        2.4564239331467403        34.291617011816520        1.5000000000000000                1
   6.0087269510695922        3.5961136301425713        31.095657387054104        1.5000000000000000                1
   2.6334204075285559        5.3004380598985392        8.2290708424437806        1.5000000000000000                1
   2.2559182243945348        4.2602400217373679        10.776118123024149        1.5000000000000000                1
   2.6238500502952422        3.0897395512694330        15.266403862121850        1.5000000000000000                1
   3.6462743714604744        4.4987080044804610        14.078815103834073        1.5000000000000000                1
   5.8556082271263836        3.0856452914467880        6.8184734219870178        1.5000000000000000                1
   2.3931102276182794        3.5151089727319262        38.768208043181190        1.5000000000000000                1
   4.8929344140840563        5.3256846342495745        11.527136025137560        1.5000000000000000                1
   6.1978829812266429        3.8174169410447298        14.958135306118345        1.5000000000000000                1
   4.6068057678443708        6.1611952762216768        14.175101270733833        1.5000000000000000                1
   2.3027766890656038        4.2321457744102364        11.813930205961858        1.5000000000000000                1
   3.9320521565595041        3.6848601367689451        1.5586703004534044        1.5000000000000000                1
   5.7555286476636489        2.9676055908369712        38.599224644247464        1.5000000000000000                1
   6.0086978293595648        3.5681744876225707        13.448043089965285        1.5000000000000000                1
   4.5715170673878864        3.7997962034059678        11.303525041564235        1.5000000000000000                1
