     1000000
           1
  0.10000000149011612     
   3.8826689367635723        5.4512650916680245        27.559103099708445        2.5000000000000000                1
   5.9905716008635705        7.6968670335942848        3.3434052420282812        2.5000000000000000                1
   6.6242304112790995        8.7156037701026108        25.160724275400153        2.5000000000000000                1
   3.9835723442059434        7.1941651001633131        16.744383811457265        2.5000000000000000                1
   8.2684997278285834        4.7768270130761410        18.836823171948346        2.5000000000000000                1
   7.0666974637152320        8.6106437182929962        19.570933166199410        2.5000000000000000                1
   8.3222657912679843        4.8680900951442725        11.362340477673989        2.5000000000000000                1
   8.7477644996087829        6.3409342336526047        26.895866486780502        2.5000000000000000                1
   4.2213157479944590        7.6980205785590323        25.316705533952522        2.5000000000000000                1
   8.2963346484326088        4.8186763405281861        31.790278165440586        2.5000000000000000                1
   7.4061323161999173        6.7185067094693016        31.615867226194407        2.5000000000000000                1
   6.1706950765683386        3.7608225300211475        30.489717875288104        2.5000000000000000                1
   7.0328858225540163        8.6052924507655657        26.114586649891898        2.5000000000000000                1
   4.0186307567092738        7.3522490563809910        20.509457737277405        2.5000000000000000                1
   6.2497360490904343        6.2507199393096062        16.235320738541780        2.5000000000000000                1
   8.7364304587428059        6.4443469753660576        19.313789502725612        2.5000000000000000                1
   6.2514079265476772        6.2580983576881364        39.291138045094470        2.5000000000000000                1
   7.5268545914486511        4.1082931898962745        31.990293636162555        2.5000000000000000                1
   7.5266818029354292        8.3858089891291065        1.4369178729657228        2.5000000000000000                1
   7.2013093374786576        8.5268006155001395        27.097996399007148        2.5000000000000000                1
   7.5620925733132500        8.3777491122507595        21.529909574953614        2.5000000000000000                1
   6.6183281221737777        8.7196073874953051        31.479060187588978        2.5000000000000000                1
   6.2498073562387644        6.2427883709326446        17.260962510586822        2.5000000000000000                1
   8.0892012538632319        5.8149235937452781        9.6456463021448897        2.5000000000000000                1
   7.3526691190624565        8.4897759505493635        2.4289146301219899        2.5000000000000000                1
   7.4897534070818672        6.0307113365070730        30.146687323007889        2.5000000000000000                1
   8.4184120478085962        5.0436712763415672        38.471400607558508        2.5000000000000000                1
   6.9288397363310574        7.7461150242695105        11.682415820207199        2.5000000000000000                1
   8.3675839973370927        7.5688358303722820        5.6996634370658006        2.5000000000000000                1
   6.3640721662615203        8.7422663635866851        2.6435957056043260        2.5000000000000000                1
   4.3247738895591299        4.7140023717096096        24.510054071143635        2.5000000000000000                1
   3.8961231067019058        5.4129296397734405        20.151942155054208        2.5000000000000000                1
   7.5087110937752817        5.3441801477828399        1.3164006746423333        2.5000000000000000                1
   4.6449517859952918        4.3757701167267031        26.210857256059860        2.5000000000000000                1
   3.7716876932400583        6.5611874542638899        11.137963385851105        2.5000000000000000                1
   8.7450594694170896        6.0937796828622650        13.832989540197131        2.5000000000000000                1
   7.0115788495533025        7.4739734020909721        33.170638325336064        2.5000000000000000                1
   4.3090369456057296        7.7557439508340913        12.372332746002645        2.5000000000000000                1
   8.0323187864370293        4.5197529602265956        37.527321276150012        2.5000000000000000                1
   5.2067141862157333        8.5212479099994507        16.335879291554345        2.5000000000000000                1
   4.8562510493341486        4.1789749849078142        5.5354924174832174        2.5000000000000000                1
   6.2766010568493860        7.6062366911121231        5.9683725223211956        2.5000000000000000                1
   4.6322084565638324        4.5550657430853541        30.095161932763592        2.5000000000000000                1
   8.0869789011107844        7.9371854780187485        17.155229542330751        2.5000000000000000                1
   4.4952123226457008        4.4711422178745526        23.544248029612064        2.5000000000000000                1
   5.8994390450031569        8.6994088486519363        38.773759835092577        2.5000000000000000                1
   4.0470065403556701        5.1679168500286830        22.777149255638165        2.5000000000000000                1
   5.4111959677370356        8.6005178929834489        8.1020272452994018        2.5000000000000000                1
   5.9058610736187092        3.7749195219215030        21.318569421981540        2.5000000000000000                1
   6.3479753564375407        7.5140042645862648        29.224004346614414        2.5000000000000000                1
   6.2179027684790977        4.9452044553751131        5.4808320901428642        2.5000000000000000                1
   3.7773793948687802        6.6163839239099822        21.206835677841067        2.5000000000000000                1
   8.6641789296664662        6.6408080985042641        28.540034253820401        2.5000000000000000                1
   4.4464739403941866        4.5524228899777919        33.765811387553143        2.5000000000000000                1
   5.7609729036050767        8.6819791934360353        11.935633757943952        2.5000000000000000                1
   4.8271763365184395        8.3043894892884218        11.715710353465903        2.5000000000000000                1
   8.6107571068012234        5.4726673789337630        15.841799930200775        2.5000000000000000                1
   4.4935907239806836        8.0134266669809531        13.341415183304814        2.5000000000000000                1
   5.0749081863178178        4.0477132362372936        34.567545792772997        2.5000000000000000                1
   3.9527792945132183        7.2123230738135762        27.096068553784473        2.5000000000000000                1
   3.7846685650263696        6.2758572256612863        2.9085302372134088        2.5000000000000000                1
   3.8371988242499206        5.7512962415659246        28.615063738695614        2.5000000000000000                1
   5.0943624715500180        8.4664892855623410        12.675330419993344        2.5000000000000000                1
   8.6344019544793635        5.5068133728574669        32.511819479471967        2.5000000000000000                1
   4.8682482070561814        6.0933275291440419        24.401969078876750        2.5000000000000000                1
   5.5609004404267628        3.8513279949738282        32.433093419545145        2.5000000000000000                1
   5.8609970895573804        3.7819239967109182        14.828539572584424        2.5000000000000000                1
   3.9247850484211217        7.1618432926421578        33.553737147840991        2.5000000000000000                1
   3.9036346169877358        6.9636656627135416        9.3083089185278762        2.5000000000000000                1
   5.1500445217354072        4.0106217273628157        38.106706801045696        2.5000000000000000                1
   8.7338100440765754        5.9776627098081594        38.114064105931121        2.5000000000000000                1
   4.2935397198435137        7.8034771595853378        29.054834495928070        2.5000000000000000                1
   6.9931319784664057        3.8635730068757921        33.989794669343759        2.5000000000000000                1
   6.3279175781388206        3.7720439835603399        12.839994221727030        2.5000000000000000                1
   5.9377788087795560        3.7753008223535476        17.561503395887470        2.5000000000000000                1
   7.7114235554197501        5.9316245103508871        23.728537740532900        2.5000000000000000                1
   6.2353529237401721        6.2552102985747187        18.781040600961941        2.5000000000000000                1
   7.8753999997075796        4.3598471747017378        2.7440745949337808        2.5000000000000000                1
   5.1267818256144828        4.0168673928038938        24.225848534724317        2.5000000000000000                1
   5.6503015215325636        3.8249277305263614        18.603644287374049        2.5000000000000000                1
   7.7942370502925309        5.9111196087448121        37.723256137122725        2.5000000000000000                1
   7.9990822271550961        8.0240069640098817        8.7352582817263489        2.5000000000000000                1
   3.9119126860443476        6.9584868779345275        26.058682789375652        2.5000000000000000                1
   6.8164357946825396        7.9838088964564564        39.858462693478288        2.5000000000000000                1
   7.8360534290555242        6.0672327536572013        11.696553500073678        2.5000000000000000                1
   3.7668549930259903        6.4170648570817459        30.561799957772855        2.5000000000000000                1
   5.6096340063950443        3.8609691975351814        22.289015944224836        2.5000000000000000                1
   6.9814729130311086        3.8961428515142824        7.1739450181768092        2.5000000000000000                1
   4.0151599294986609        5.1305571244454367        26.577683517934528        2.5000000000000000                1
   6.7540341205622463        8.6937285201397128        28.817861736554754        2.5000000000000000                1
   7.3593468950166878        8.4618108829382646        37.284617587480263        2.5000000000000000                1
   6.8552658851809234        7.2135946780997484        16.437146719407430        2.5000000000000000                1
   8.2456580890448539        7.7001298685458890        34.766656170483216        2.5000000000000000                1
   6.0396455148247945        8.7263138699202702        23.061646556945597        2.5000000000000000                1
   8.7298139530833314        6.1348836975023087        1.1850713981225238        2.5000000000000000                1
   5.1538144532707024        5.5447809391970884        33.453970174073469        2.5000000000000000                1
   5.7031840586560962        3.8165626112472206        8.9772567558520784        2.5000000000000000                1
   4.1531479922080532        7.5403854357901743        17.705298985036979        2.5000000000000000                1
   5.6304301448079093        4.7929890966788831        11.639911639469883        2.5000000000000000                1
   7.2992402716443552        5.3662822522094560        10.961472475933434        2.5000000000000000                1
   8.7460778119695917        6.1917342943212343        20.343230821009854        2.5000000000000000                1
   3.7714683069870691        6.4133242072666308        20.196372326986435        2.5000000000000000                1
   6.5717302745185764        8.6807338393419897        7.5125748188181145        2.5000000000000000                1
   8.5098981548764261        5.2410495424174135        20.562081805702295        2.5000000000000000                1
   8.6805676383333221        5.6793141415545065        18.544414426728977        2.5000000000000000                1
   8.0962821922111790        4.5645445288448654        26.166525285679249        2.5000000000000000                1
   7.4762234010470801        5.8673559362283134        24.728087959393509        2.5000000000000000                1
   6.1887515514810874        3.7513954169816777        3.0889532257045960        2.5000000000000000                1
   6.2594684506432454        6.2458391268482272        19.805405094281948        2.5000000000000000                1
   4.1144490638932947        4.9533412342282057        35.835049442449453        2.5000000000000000                1
   4.8064406814110416        6.5680518317860175        19.927467944083180        2.5000000000000000                1
   6.6268011028578755        8.7189980635604716        38.046019576282852        2.5000000000000000                1
   8.6078758068479502        7.0602900172800140        30.256044128711654        2.5000000000000000                1
   4.2100688814827407        4.8145933670936172        6.3291121995409876        2.5000000000000000                1
   4.5027884942283887        8.0279374988356906        8.0237188234717713        2.5000000000000000                1
   3.8728409039274636        5.5523022813504070        2.2036786405899198        2.5000000000000000                1
   4.4382207431602447        4.5319395345430493        17.049865668227252        2.5000000000000000                1
   4.7055717930689660        8.1592733884297601        14.322137493764407        2.5000000000000000                1
   7.3877070569812915        4.0376200724923095        36.845387732929538        2.5000000000000000                1
   7.5983648687438512        5.8736484171782513        7.4915065307013506        2.5000000000000000                1
   4.3455642705601818        7.8683267466897684        26.406465077606949        2.5000000000000000                1
   8.7163312392585581        6.2410706869621597        2.2746354856072664        2.5000000000000000                1
   6.2832330996872354        3.7516935126869018        13.885557698373821        2.5000000000000000                1
   7.5809826884679010        6.8391053748727435        1.4090063816198515        2.5000000000000000                1
   4.9616177935215031        4.1230347149699851        21.536567992055655        2.5000000000000000                1
   6.9445146077586521        3.8838906271962399        27.536256365721648        2.5000000000000000                1
   4.6206037055202120        4.3584947714111166        32.791370613277522        2.5000000000000000                1
   8.3462081493610256        4.9310596144293068        21.513026854136740        2.5000000000000000                1
   4.1812006399924746        7.6452627490268670        15.046264652292292        2.5000000000000000                1
   7.2366474611716418        4.6762193442904501        9.0284183673441571        2.5000000000000000                1
   6.6723573925862674        3.8006133891315375        11.772581617928827        2.5000000000000000                1
   7.9256285859660682        8.1038271250928862        4.0681863505610165        2.5000000000000000                1
   3.7603419175333879        6.4179344381764443        37.112122275229630        2.5000000000000000                1
   3.8503969797892994        6.9016166262021459        4.6128932817461781        2.5000000000000000                1
   6.2556813485144040        6.2542251925805727       0.80360764890438841        2.5000000000000000                1
   5.2313332469913254        7.0409210929681532        2.9632393816000420        2.5000000000000000                1
   6.2838262815843162        8.7357633286609460        16.630134935808247        2.5000000000000000                1
   3.8266040709486537        6.6947286226937583        25.088796345916936        2.5000000000000000                1
   8.1797160719942337        7.8393853137358374        20.776810779183474        2.5000000000000000                1
   5.6897000969607667        3.8215836489528217        1.1292421118409781        2.5000000000000000                1
   8.7419408559451988        6.2795346302831891        16.591264785215234        2.5000000000000000                1
   7.7338329016137326        6.0627169183547478        32.837535047904403        2.5000000000000000                1
   6.8010640185193907        8.6792664584209067        12.167552320981855        2.5000000000000000                1
   5.7081095898372451        7.2966916199052303        27.898944095594150        2.5000000000000000                1
   4.2283393388675901        7.6351985419654742        35.547754467526708        2.5000000000000000                1
   6.2614610738816623        3.7540022789431933        26.705306516440331        2.5000000000000000                1
   6.7479898624922114        8.6980529462852871        35.347409116732820        2.5000000000000000                1
   6.0416325799032995        8.7342141955220480        12.961913572921254        2.5000000000000000                1
   5.6192422872151226        8.6624068214953009        21.058944069991565        2.5000000000000000                1
   6.2459836188335407        6.2432263702090411        30.116980671981086        2.5000000000000000                1
   3.7567080951824368        6.4029432743590995        7.6162491538178809        2.5000000000000000                1
   5.7394894993092729        4.8600753422148806        18.275771917934978        2.5000000000000000                1
   4.2243664266532228        4.8132156126480838        18.171665605643774        2.5000000000000000                1
   5.1976055024785373        7.1507174442731900        24.926230447573321        2.5000000000000000                1
   7.0235719728256178        8.6165689290963261        32.401108222013562        2.5000000000000000                1
   8.6734763074936438        6.8618463676780284        22.199698326538194        2.5000000000000000                1
   4.3263809136396274        7.8465404288713412        32.842108877976777        2.5000000000000000                1
   4.8435425662067386        4.1889436308680166        15.074530822857872        2.5000000000000000                1
   5.2022971449260194        5.0971228120183101        35.248993951280760        2.5000000000000000                1
   8.7117522209108653        6.4906765556095927        15.594550997651845        2.5000000000000000                1
   6.2723721525427942        3.7574135293092183        39.498296988234308        2.5000000000000000                1
   6.2320001311708424        6.2526969934365084        24.503568086662405        2.5000000000000000                1
   5.2746250331891353        8.5419538275802456        32.997254472297655        2.5000000000000000                1
   4.9627555608891276        5.4365206919214781        10.006708626959986        2.5000000000000000                1
   3.9085807374422163        7.1190966252413963        8.2989221037544549        2.5000000000000000                1
   6.7012595338683223        3.7922064275752616        9.0444401359233400        2.5000000000000000                1
   4.8821533035561888        6.3983332614950008       0.45291709592263230        2.5000000000000000                1
   5.5164708290386644        3.9123064240870868        26.047177808279269        2.5000000000000000                1
   6.2233854019148023        4.9054054605643316        35.728717937309852        2.5000000000000000                1
   7.5714865569934711        8.3694106398319157        11.187087983133226        2.5000000000000000                1
   4.2795857010228158        7.7306340978499506        4.1811369555592899        2.5000000000000000                1
   6.2379150372071202        6.2484868998515060        20.856015312534876        2.5000000000000000                1
   4.0588742694667213        6.4321201753408941        34.359430354092417        2.5000000000000000                1
   7.6681721388425732        4.1912541870561295        21.760209632137155        2.5000000000000000                1
   8.5518005199556093        5.2999763596029652        16.861590912535767        2.5000000000000000                1
   6.5226430251231200        3.7845207814096375        36.001340519759388        2.5000000000000000                1
   8.5205225703463459        7.2650778240555116        36.774657603048468        2.5000000000000000                1
   8.7169702286290338        5.8597246471794691        27.820740189860231        2.5000000000000000                1
   7.9170777286626919        8.0670274235994022        36.453733975070044        2.5000000000000000                1
   4.3144881924552134        4.6743683056986374        2.4915218165610096        2.5000000000000000                1
   5.3264846924169547        3.9292142705720332        39.120463072843258        2.5000000000000000                1
   4.7023670638410415        4.3040904168398688        22.569103266457034        2.5000000000000000                1
   7.0210062486024203        3.8892716346320837        38.841999632600313        2.5000000000000000                1
   8.1314665773172674        4.6093692443163521        16.096714322048534        2.5000000000000000                1
   6.4112417753839530        8.7155381175464388        30.483953895936381        2.5000000000000000                1
   6.9098822352519766        4.8610324930276567        21.400753311704584        2.5000000000000000                1
   4.0014797475891628        5.1578812053629139        16.328878616532243        2.5000000000000000                1
   5.2045273345815612        5.2105917169730906        5.9127457608664686        2.5000000000000000                1
   6.6719061170493603        3.7903335436446532        1.4846638872016811        2.5000000000000000                1
   8.5656285245188908        5.3160472096623419        29.827574344172177        2.5000000000000000                1
   7.8225138844487283        5.9760706252281315        26.480531175560746        2.5000000000000000                1
   3.9465215017472715        5.2823674587724705        30.356024046776458        2.5000000000000000                1
   5.2124575752155975        3.9851286255837532        7.7122860970267242        2.5000000000000000                1
   6.7163088864228699        3.8213119721358244        6.1977250898771779        2.5000000000000000                1
   7.3556258821592966        8.4742969191030451        30.730316776590474        2.5000000000000000                1
   4.7476396796546059        8.2275008027757561        24.599129650225272        2.5000000000000000                1
   7.3430479497352561        4.1118364066618369        22.726476945559192        2.5000000000000000                1
   8.6194594878295003        5.4550537845952931        19.526353490645160        2.5000000000000000                1
   7.2706800578147108        3.9727552819235403        20.054560267106236        2.5000000000000000                1
   7.3576151042497946        8.4659751794290639        14.144817678566355        2.5000000000000000                1
   4.1890610067400162        4.8407766757199449        11.549602232387778        2.5000000000000000                1
   4.8840596743541722        8.3401191215031449        15.294641731817622        2.5000000000000000                1
   4.1209210917932761        7.5571667534589899        21.527611495936107        2.5000000000000000                1
   8.0816277624637696        4.5979791292885439        4.8930570918778118        2.5000000000000000                1
   7.0422484501467322        3.9062038020370808        17.239027649797595        2.5000000000000000                1
   8.6932829031831780        5.9204628980239322        21.311041272047323        2.5000000000000000                1
   8.0110331400308397        7.9720517618817794        19.795587728728083        2.5000000000000000                1
   5.5109688027810462        3.8862866681176911        26.010703593093471        2.5000000000000000                1
   4.0307262978106992        5.1024931495116199        39.465769310600948        2.5000000000000000                1
   4.1058355746609712        7.4589719757671213        28.064999970822686        2.5000000000000000                1
   7.8521760030913814        6.1418613200884460        18.931679654299415        2.5000000000000000                1
   3.8829830933067115        6.9893156729850219        38.851492817511847        2.5000000000000000                1
   6.2471564458476259        6.2439226111470560        1.8045875574648083        2.5000000000000000                1
   7.0355541034249018        3.8924480409604434        2.4108398162943203        2.5000000000000000                1
   5.0583228964872395        4.0590826925510664        6.5363612907945674        2.5000000000000000                1
   7.7108495566240993        5.7081121326317898        38.732271998015825        2.5000000000000000                1
   7.9305718798827831        8.1003764571876538        23.652341138660873        2.5000000000000000                1
   7.0899981977770459        8.5963350853038740        10.252766485558809        2.5000000000000000                1
   3.9359495422739732        7.1510860493042925        19.522288122710275        2.5000000000000000                1
   6.2349885734129415        6.2203691736626423        36.748304691423535        2.5000000000000000                1
   3.8165768142759888        5.9870052323283280       0.20208519250848408        2.5000000000000000                1
   6.4390679697561595        8.7230746389251461        27.864238522403181        2.5000000000000000                1
   7.9903754500658062        4.4616416489749176        33.860696208679620        2.5000000000000000                1
   8.5875878946695803        5.3757169684968975        13.125476753117569        2.5000000000000000                1
   7.7208778366979969        8.2705892326208073        29.033414583427593        2.5000000000000000                1
   4.7047557368323023        8.2042410098704313        7.0450269003134212        2.5000000000000000                1
   3.7647929022108220        6.4707984885190362        27.768946079084060        2.5000000000000000                1
   6.2322574916065321        6.2498996840722372        8.6259343576140441        2.5000000000000000                1
   8.7337550636789665        6.0427470830988073        34.319249233420102        2.5000000000000000                1
   8.5902599755606559        5.4337808849630322        5.7329057707456985E-002   2.5000000000000000                1
   7.3537133933359904        4.0178631080139304        4.4797640170743458        2.5000000000000000                1
   4.6275433500806402        4.3616454135588159        39.793600503768111        2.5000000000000000                1
   7.9826585443672302        4.4778548516428751        30.056045354746821        2.5000000000000000                1
   6.6196987794777495        3.7920152076279723        32.313420693236424        2.5000000000000000                1
   5.7348053149047828        8.6960081957923592       0.96875183214991589        2.5000000000000000                1
   3.7606750533791815        6.0785877737562988        36.090506267797309        2.5000000000000000                1
   4.8419932914612538        4.1887544817050859        31.823941068558497        2.5000000000000000                1
   4.8479038365650045        4.2100521683822913        25.202521124339217        2.5000000000000000                1
   7.8210567825972044        4.3060895587127215        27.282384880469337        2.5000000000000000                1
   7.8607720692691689        8.1336572651362360        32.686976308522077        2.5000000000000000                1
   6.5594463265692946        3.7765138623677172        5.1458061397105013        2.5000000000000000                1
   8.1239676818483506        4.9980716695233349        15.056083631523098        2.5000000000000000                1
   5.4967178298791755        7.2073902234651008        19.452906243727568        2.5000000000000000                1
   7.7102262745800765        8.2680143061927467        12.347292930844546        2.5000000000000000                1
   4.1598887628297589        7.6155004092476979       0.60817589808654293        2.5000000000000000                1
   3.8394439236822127        5.5898296440902682        31.322398660245426        2.5000000000000000                1
   5.1437691051285528        8.4856501303465564        5.0349210488437981        2.5000000000000000                1
   6.2740383109373985        6.2484118290538309        26.517433883294025        2.5000000000000000                1
   7.0651774401305181        7.5487705717504063        5.3372004069135270        2.5000000000000000                1
   3.7881581172139347        5.8995313132579534        9.1989521534942469        2.5000000000000000                1
   6.2477219434593971        6.2506237542643168        13.726547228069133        2.5000000000000000                1
   4.2964791440301662        7.4460732133613723        11.417827988594009        2.5000000000000000                1
   3.7597152181692648        6.1257440440118858        12.807578398234162        2.5000000000000000                1
   6.2623602877239311        6.2525111424105528        21.935287234531561        2.5000000000000000                1
   8.3015717554599178        4.8358116183972140        25.178298937367995        2.5000000000000000                1
   7.8286386038036344        6.0494699463751758        8.5989820062748468        2.5000000000000000                1
   8.4588534613218940        7.3875129500202643        19.098560804905112        2.5000000000000000                1
   4.1832596149183825        7.6564414894431323        5.1863673101754584        2.5000000000000000                1
   8.5716145517974169        7.1739827041607525        3.6859554110263297        2.5000000000000000                1
   4.1484443956572088        4.9080439147161590        5.2289510762520539        2.5000000000000000                1
   8.5760919255633272        7.1534018602785281        20.079553091275933        2.5000000000000000                1
   6.3277895366058843        4.7477183210181781        34.667153653530193        2.5000000000000000                1
   8.7370648089317857        6.3876510090933696        29.510324554813010        2.5000000000000000                1
   3.8868603188022428        6.9744908544423270        39.876429128533744        2.5000000000000000                1
   8.1973340610267265        6.4549657439518207        39.793771713195710        2.5000000000000000                1
   4.3365606922349311        7.8587480180087912        16.060024290228437        2.5000000000000000                1
   7.0059675238552890        8.6323323572801165        5.5208122267588102        2.5000000000000000                1
   3.8292135248701125        5.6343995744535862        14.599986223720268        2.5000000000000000                1
   4.5047287085226628        4.4759593245320444        13.320250661230849        2.5000000000000000                1
   3.9453604715957820        5.3299807152440444        3.2563634051218684        2.5000000000000000                1
   8.0461937473499479        7.7334964260707579        7.7421167479451656        2.5000000000000000                1
   8.2580208378291271        7.7313587658245355        18.153718388285228        2.5000000000000000                1
   4.4202591057444049        4.6613573880265919        10.579649470529214        2.5000000000000000                1
   8.4668911422273769        5.1199504956646811        3.0867757463017731        2.5000000000000000                1
   8.0867432668396475        7.9223897979881359        33.747076588232893        2.5000000000000000                1
   6.2630570112492743        6.2488746641956148        25.507897524877851        2.5000000000000000                1
   6.0379635388758688        8.7091705656994574        29.548118371601767        2.5000000000000000                1
   8.5124865282080542        7.2869499225218730        32.994549221722870        2.5000000000000000                1
   5.9255117409920413        7.6999127372107461        23.473660991482898        2.5000000000000000                1
   7.9748310295040934        4.4406307210121971        23.642094729417558        2.5000000000000000                1
   6.7582958154775206        3.8463061717990037        35.012756340288121        2.5000000000000000                1
   4.1557255027854838        4.9076078502698000        15.296466001272748        2.5000000000000000                1
   3.8528359984351197        5.7191830812112530        6.0102069361420618        2.5000000000000000                1
   4.7591408566202222        4.2617456628232748        18.815024413740002        2.5000000000000000                1
   5.3270281833399320        7.9860741641641040        39.387408819232689        2.5000000000000000                1
   5.5604934192113440        7.6390331981782662        7.3890042765228801        2.5000000000000000                1
   7.2128853641076800        5.3829012662504123        14.731148690177115        2.5000000000000000                1
   8.2862938747158523        7.6989823526982724        6.7518991604838154        2.5000000000000000                1
   5.0403822261401423        8.4187858421945840        3.9166701336837142        2.5000000000000000                1
   3.9029227956621355        5.5362538599687099        10.702106792542532        2.5000000000000000                1
   8.6810713731450644        6.7016341646440249        18.314380988964260        2.5000000000000000                1
   6.9317620866558478        7.6543608369850569        32.109474396743224        2.5000000000000000                1
   7.5004595488029464        8.4094577007101794        17.870934604654170        2.5000000000000000                1
   3.7944209488215206        5.8809841456808618        32.382190298290375        2.5000000000000000                1
   8.5668058667673073        7.1460697762947181        8.4394052724017872        2.5000000000000000                1
   5.9755656106755017        3.7922151922748641        6.8715945838271582        2.5000000000000000                1
   4.9279913050547695        8.3579961727502123        8.9626343520899052        2.5000000000000000                1
   7.2240415475530870        3.9517975837337924        13.562629372386835        2.5000000000000000                1
   7.7766376751188098        8.2048332049797921        22.610828308214682        2.5000000000000000                1
   7.5359905363142108        6.9521292688642387        11.247016617042007        2.5000000000000000                1
   7.6223161528716465        4.1626881283968755        15.323132338931824        2.5000000000000000                1
   7.8668747727872663        4.4000469247006357        10.578035790297346        2.5000000000000000                1
   5.4372125123372994        8.6119664218796768        3.0024847718989429        2.5000000000000000                1
   6.7668216694851671        3.8115743118637204        24.747341696895869        2.5000000000000000                1
   8.6729365360645829        6.8381508263032158        11.972479916652796        2.5000000000000000                1
   6.2366155658494309        6.2634447796878572        35.608108340647526        2.5000000000000000                1
   3.8589599851908591        5.5406833047237614        21.176037283190187        2.5000000000000000                1
   7.6630241572394224        6.8107246606525296        14.960880770354876        2.5000000000000000                1
   7.3294793147233843        3.9958677793985329        16.279831420522804        2.5000000000000000                1
   6.6235372000808832        3.7799930265539810        22.019300218274367        2.5000000000000000                1
   4.7130521227680529        4.3183701131105527        4.5455919904141568        2.5000000000000000                1
   6.2293034866981500        4.7303929574224446        15.235382029085251        2.5000000000000000                1
   6.4145650636871530        3.7721575379786128        23.006006729962870        2.5000000000000000                1
   7.2914418275508224        8.4884974365003067        16.845585620623524        2.5000000000000000                1
   6.5123033913304136        3.7684779583027694        25.716255567150839        2.5000000000000000                1
   8.2903203386780611        7.6841699858262311        14.416486364814574        2.5000000000000000                1
   8.7487202135977498        6.2954171126223137        37.008236155735332        2.5000000000000000                1
   4.5877359466740595        8.1109217654917245        17.006568014404291        2.5000000000000000                1
   7.1295596529066723        8.5748765408487735        9.0977396826185206        2.5000000000000000                1
   8.6483081737993519        6.9400783470322214       0.56473225109419734        2.5000000000000000                1
   6.5635021701150063        8.7171857825899721        1.5900328545700220        2.5000000000000000                1
   3.7928300632818330        6.6385567795973826        14.784724288715033        2.5000000000000000                1
   5.4506679109964642        8.6158676854235843        10.979068494822000        2.5000000000000000                1
   8.7341594095369679        6.3773995081573984        10.184749892561026        2.5000000000000000                1
   3.8344055368187080        6.7798285072791060        28.759582148700964        2.5000000000000000                1
   7.5123890002304279        4.1038246700846175        19.061321582840499        2.5000000000000000                1
   4.5022669539060391        8.0274377715558920        36.508560093037381        2.5000000000000000                1
   8.3657936080261219        7.5789308329176794        12.678885709291114        2.5000000000000000                1
   6.8697375427035299        8.6713445022878837        39.030210168544926        2.5000000000000000                1
   5.8590639318108320        3.7838455073849424        31.447949142964823        2.5000000000000000                1
   3.8148257559062975        6.8103908172641967        18.460291902553681        2.5000000000000000                1
   7.3858651128504329        4.0246688431542257        29.320037588573321        2.5000000000000000                1
   4.3351677627357770        4.6581579206678514        37.604395855171916        2.5000000000000000                1
   8.6439486059501931        5.5463905069002406        26.086756192506069        2.5000000000000000                1
   3.7515249633584116        6.2200947520700094        16.522003963247993        2.5000000000000000                1
   8.5896041628712023        7.1090253029557999        23.937071074480755        2.5000000000000000                1
   6.6624112572953136        5.0262576460186077        18.687937861049040        2.5000000000000000                1
   6.1868027541867239        7.7715916469594895        34.671310822293115        2.5000000000000000                1
   3.8146922649849877        5.7363410170848947        1.2158320831512797        2.5000000000000000                1
   6.6212665286145080        3.7785754801824734        15.512221382665849        2.5000000000000000                1
   7.2389234667177345        8.4986982460540013        3.4233144368773449        2.5000000000000000                1
   8.4960502008395906        5.1598585813679261        7.8030138993914795        2.5000000000000000                1
   8.7208734133855401        5.9931966393096037        7.1470283415645124        2.5000000000000000                1
   3.8371205173126173        6.8859507684978212        32.514113009704147        2.5000000000000000                1
   3.9075179050990729        7.0987902755767953        29.726562179100032        2.5000000000000000                1
   5.6011240313233932        3.8833349892943803        4.8134570182057432        2.5000000000000000                1
   4.1719549523840493        7.6333679319795342        31.837210961670582        2.5000000000000000                1
   8.5732662402190059        7.1608989073080860        13.563953596701188        2.5000000000000000                1
   7.8322748167016796        8.1725188479948105        5.0641886815611770        2.5000000000000000                1
   7.2665974952048424        3.9692038626974844        9.8755143475140592        2.5000000000000000                1
   4.9299018481018431        6.2823985462357319        25.382874794109739        2.5000000000000000                1
   4.9221732746279843        8.3600334362524631        25.678280072124224        2.5000000000000000                1
   4.3285621691365268        7.8384272590318043        22.580526116631997        2.5000000000000000                1
   7.9268825214960179        4.3973803813736128        17.074288764218448        2.5000000000000000                1
   4.9041176024974780        8.3370866269096613        32.011647278997394        2.5000000000000000                1
   7.0903971970724653        3.9145806148546760        23.796659146459202        2.5000000000000000                1
   7.0785593241837548        8.5967974316227949        36.292923865346474        2.5000000000000000                1
   8.4639096836354017        5.1075634610814733        14.103725311321535        2.5000000000000000                1
   7.1501993024231822        3.9284225137378503        37.844054630136483        2.5000000000000000                1
   7.4966636673130722        7.1551851345568434        25.945881793202279        2.5000000000000000                1
   6.5715946254260871        7.6453133769608916        13.486613808576504        2.5000000000000000                1
   5.1219804305826839        8.4336411302756460        22.755519641956653        2.5000000000000000                1
   6.3702685054221950        8.7404879055344704        13.938444515352595        2.5000000000000000                1
   3.7904736161867207        5.9025698614959419        25.788466166897681        2.5000000000000000                1
   8.2326435579411328        4.7429052571013228        35.498435937950326        2.5000000000000000                1
   8.6173697026689133        7.0519300917098606        1.6479243615264443        2.5000000000000000                1
   3.7705704580683217        6.5240320784552139        17.483350272997296        2.5000000000000000                1
   4.5204096469184627        4.4574060881974713        3.5229284893605506        2.5000000000000000                1
   7.8450901987920520        4.3372138046773525        14.306730953435713        2.5000000000000000                1
   5.2902896109964122        5.6226980988088551        38.084099215283366        2.5000000000000000                1
   3.8919890424803438        6.9947606336942671        3.6139914971916216        2.5000000000000000                1
   4.1303428252479097        4.9267041494694368        25.543806431971589        2.5000000000000000                1
   7.1932253461386546        8.4995632082494588        33.512943494175175        2.5000000000000000                1
   6.0467394921681858        8.7274178442821295        36.080738301176439        2.5000000000000000                1
   8.5969964689905183        5.4176292907702290        8.7759441609621227        2.5000000000000000                1
   8.0598010452984905        7.9582665088975633        3.0771468265085402        2.5000000000000000                1
   5.6098749458547577        3.8345626051077706        12.020396817316547        2.5000000000000000                1
   4.6252375984560876        5.4705322341116247        8.8208421590695245        2.5000000000000000                1
   5.7631777361364049        3.8044946189791040        25.018541069015203        2.5000000000000000                1
   4.7960602916332871        8.0251632390597489        20.801924688978389        2.5000000000000000                1
   7.8957855250389475        4.3929585105681568        39.030401356483246        2.5000000000000000                1
   4.8406293476253692        8.2696526937783048        34.748569574601540        2.5000000000000000                1
   6.9603103767146353        5.0194324816143361        7.9200940611537840        2.5000000000000000                1
   7.7207900810408701        4.2441651976601555        1.7507105555819298        2.5000000000000000                1
   5.3507268078078702        8.5813937938773339        20.059823966437161        2.5000000000000000                1
   5.3662226585321546        8.5874259974145772        30.324472903745942        2.5000000000000000                1
   8.4229575895734339        7.4829286976625200        29.306193207901099        2.5000000000000000                1
   7.0593064354366497        8.6100551915447774        23.265618679742747        2.5000000000000000                1
   7.9351200100077843        8.0958886695134993        16.139842574381024        2.5000000000000000                1
   8.1846210305261806        7.8158712619899768        24.581069046994006        2.5000000000000000                1
   7.3731683475620873        8.4550500495274274        8.0743164124919478        2.5000000000000000                1
   8.1430557159904460        4.6202085100657717        19.828185995816661        2.5000000000000000                1
   3.7624719685446220        6.2256115952622322        38.187362407846088        2.5000000000000000                1
   3.8487744941619897        5.6624359539817419        35.163253267196716        2.5000000000000000                1
   5.6131130608857038        8.6651776354324550        7.0477602495242060        2.5000000000000000                1
   5.8570411365340149        8.7167345635621949        22.060950254344757        2.5000000000000000                1
   8.6806747704199356        6.7701799294920866        24.937838744504823        2.5000000000000000                1
   4.1968452296481846        4.8459718345673872        21.824713985856629        2.5000000000000000                1
   8.0831269653945697        4.5683718640664734        8.5062140837740383        2.5000000000000000                1
   5.9748995885896123        8.7182591315924629        15.668740577611944        2.5000000000000000                1
   5.7604508095855058        8.6952663517582032        18.305526201285790        2.5000000000000000                1
   7.5234488633833552        8.3819904712623750        34.456608082361491        2.5000000000000000                1
   8.5179427704546509        5.3761153536586423        33.500451361974861        2.5000000000000000                1
   5.4925379904300460        3.8819328739377124        15.777440303157356        2.5000000000000000                1
   8.6445507610704055        5.5528393685703739        22.242638829923585        2.5000000000000000                1
   3.9113412774983400        5.3692977957479666        13.503820839847668        2.5000000000000000                1
   5.4967694719924935        8.6335804414928852        33.973254857282924        2.5000000000000000                1
   7.7523593811825462        6.6337251595015045        15.958286841671272        2.5000000000000000                1
   4.0375145009532911        5.0987655780518235        29.350358819495312        2.5000000000000000                1
   5.6322674419301668        4.8158267738397029        28.468987779369257        2.5000000000000000                1
   7.4085061689298088        6.6043784643758787        5.0982024776710135        2.5000000000000000                1
   3.9342755436570478        5.4760920069187087        17.279587298875853        2.5000000000000000                1
   6.2445727359047769        6.2589518878828709        11.382612252345414        2.5000000000000000                1
   5.3325176080739931        8.5709992142866120        36.784538405403261        2.5000000000000000                1
   8.6721800105802309        5.7532260901663026        35.310186277415291        2.5000000000000000                1
   5.9925653462602266        3.7713497503686209        37.453089911450505        2.5000000000000000                1
   6.3115123747948916        8.2736339154023746        8.4500154925201905        2.5000000000000000                1
   8.7277506634663524        6.5812121657398670        25.919585048568543        2.5000000000000000                1
   4.0961192931413164        5.0758817697187224        12.525001305827208        2.5000000000000000                1
   3.9227989197144475        7.0934837064166540        36.334619721336949        2.5000000000000000                1
   7.7185413539584822        8.1833421232372832        15.143918958627985        2.5000000000000000                1
   4.6293791344287794        4.3471632434415906        16.070706478771690        2.5000000000000000                1
   5.1579447594707677        6.1894859024875890        6.2409556058016147        2.5000000000000000                1
   7.1426124761707550        3.9149934439561416        30.292027245347580        2.5000000000000000                1
   7.3019785180357522        8.5143796084218302        24.316017493148422        2.5000000000000000                1
   4.3146157181455340        4.6686613199208313        34.787379373043628        2.5000000000000000                1
   4.5272178613943250        4.4407651804111747        19.849207499476421        2.5000000000000000                1
   5.0079137264874829        8.4014614627220148       0.24121620006942124        2.5000000000000000                1
   4.2394355812761297        7.7338475634068873        38.273748748128277        2.5000000000000000                1
   4.1344735138693016        4.9213744991500992        32.045178068172255        2.5000000000000000                1
   8.5600352440694270        5.3501726272113928        37.342651682052292        2.5000000000000000                1
   4.8903296431203502        5.4575066054830614        2.8531608498398731        2.5000000000000000                1
   5.7822158172874509        7.5546101053587549        22.407667681056594        2.5000000000000000                1
   4.7415031460458525        8.2424397992668705        37.539174220678440        2.5000000000000000                1
   4.7982726087788459        4.3888200516741742        12.308109667588772        2.5000000000000000                1
   3.9475101518897748        5.3782227198477939        34.165836016179867        2.5000000000000000                1
   5.9581440712315086        7.4003688898369040        36.391055838934797        2.5000000000000000                1
   6.2957656294063042        6.2606131778523286        9.6362276379617988        2.5000000000000000                1
   8.7245013255952095        5.9828421462649368        17.583066043308740        2.5000000000000000                1
   4.7236523586891073        8.1858379747679955        1.2186414406285717        2.5000000000000000                1
   6.6934343020698233        4.8653860847494590        22.397480995140178        2.5000000000000000                1
   7.5841723481320136        4.1484224951973809        11.521377648510015        2.5000000000000000                1
   6.2609296457200054        6.2282264695243335        3.8648354273372152        2.5000000000000000                1
   7.3814100123574340        8.4686072208793295        20.543760034216987        2.5000000000000000                1
   8.1594854239724466        7.8512820673310557        2.0404254296639612        2.5000000000000000                1
   7.5830540641458795        8.3575376737567346        7.0894207044618618        2.5000000000000000                1
   6.5431947859319237        8.7211932888051216        17.604632563752435        2.5000000000000000                1
   4.1949550415570878        4.8407122097512234        1.4889777839508529        2.5000000000000000                1
   6.2348391282063753        6.2503744818320310        12.466030952489763        2.5000000000000000                1
   6.2562718327196896        6.2451530211914328        29.096805556208089        2.5000000000000000                1
   5.6130621438221660        8.6641049859852277        31.347457237730730        2.5000000000000000                1
   4.0618707681365755        7.3904416980946515        30.715983561821137        2.5000000000000000                1
   7.2066792880048212        4.9718787163068727        36.221842048400710        2.5000000000000000                1
   4.8658636231181793        8.2053831911344055        28.336789167819603        2.5000000000000000                1
   8.7112456421325319        5.8128329540274404        39.107714101273210        2.5000000000000000                1
   7.7815815083776858        5.9491712600181819        19.920116752543983        2.5000000000000000                1
   6.2301561531548533        8.7479903345955581        33.295362201160657        2.5000000000000000                1
   8.4372925812684691        5.1108547059843499        34.549322356425684        2.5000000000000000                1
   6.2584008187424107        6.2504124760952049        23.473097481051813        2.5000000000000000                1
   4.2305040613363358        7.7095445855874258        18.688384610721517        2.5000000000000000                1
   8.3201088765887281        4.9160522444147876        5.8200840440427966        2.5000000000000000                1
   5.1244806021426843        4.0425471230835690        30.808444938276885        2.5000000000000000                1
   6.9836249962256307        8.5661225498217561        4.4677141444672150        2.5000000000000000                1
   6.1884734664631766        3.7648802056679171        10.030022236973592        2.5000000000000000                1
   5.7981155982988950        4.8491894828828483        1.3973975330631330        2.5000000000000000                1
   8.7350757421718939        6.5063862763935960        23.133097290272456        2.5000000000000000                1
   4.7667688394002496        4.2540588792718683        9.1784550219070429        2.5000000000000000                1
   7.9277700092254495        8.1019474326255860        26.232622845466778        2.5000000000000000                1
   8.3805488572863425        4.9491655569418320        2.0547614508531296        2.5000000000000000                1
   7.2176164294887215        7.3870827699357076        21.294824804393869        2.5000000000000000                1
   8.6790932404428691        6.8287468601628767        6.3624240847859053        2.5000000000000000                1
   8.5570595430687870        7.1823717790282737        2.6703329563759235        2.5000000000000000                1
   3.7959309243469668        6.7135411858463669       0.94187124319412874        2.5000000000000000                1
   4.4839807789589967        8.0174271101466950        30.038495000323749        2.5000000000000000                1
   3.7948200609319147        5.9030138634454286        15.573741838244029        2.5000000000000000                1
   8.6533059592293391        5.5667901028288860        28.814468243116238        2.5000000000000000                1
   5.2772726530175733        6.9062974755973512        16.421581330227070        2.5000000000000000                1
   5.8803840302354589        3.8023969207192025        11.056769519518818        2.5000000000000000                1
   5.1129644310483133        4.0315201904554216        14.013282228849137        2.5000000000000000                1
   5.1513660205534633        8.4808674734943370        26.663010669510971        2.5000000000000000                1
   8.7375268005771662        6.0818259339200926        30.463070033177925        2.5000000000000000                1
   8.3842951084314148        4.9548557620423326        17.816165327490506        2.5000000000000000                1
   4.4081964014185528        5.7203215142620474        37.606685112172890        2.5000000000000000                1
   4.7229812222877943        6.4275112141897770        32.937256781485637        2.5000000000000000                1
   8.5041783578649621        5.2278919402327677        4.2293667010556604        2.5000000000000000                1
   6.2509242091211199        6.2525803859471125        5.3779490909144911        2.5000000000000000                1
   8.0119624051643168        4.4794827950690079        3.7430452205904339        2.5000000000000000                1
   6.7184085786932979        3.7949977930587355        28.507967059153465        2.5000000000000000                1
   5.3271533423626458        3.9323285848106750        13.028641736004664        2.5000000000000000                1
   3.8336274576648393        6.8568141097840929        12.108363869371388        2.5000000000000000                1
   7.7453203530913823        5.8565560567535284        27.512884130442597        2.5000000000000000                1
   8.6323523013382406        5.5423995813883344        12.125587702231737        2.5000000000000000                1
   8.4112618846449614        7.4890533065466114        25.603957786789515        2.5000000000000000                1
   5.3473320401599249        6.6164493482835720        9.9349983533164430        2.5000000000000000                1
   8.5038258707251355        5.2925771857832089        10.452343026039809        2.5000000000000000                1
   6.9285868511612971        4.8795862336780180        13.870007100800221        2.5000000000000000                1
   4.0716493743922619        5.0411595734094217       0.50340995598616411        2.5000000000000000                1
   3.8439557203735508        6.9087003451927558        22.239580488925583        2.5000000000000000                1
   3.9290045629160688        6.5414715241625609        6.5977460278444280        2.5000000000000000                1
   6.7123864357234018        8.7058868470568314        14.895274876308426        2.5000000000000000                1
   8.5240502362982635        7.2850964960761466        16.395520925364128        2.5000000000000000                1
   8.7380042600124792        6.0836056184248362        24.041771648091167        2.5000000000000000                1
   8.1704906954627194        4.6564629220417055        36.505530954308838        2.5000000000000000                1
   6.0273066608664427        3.7626081766460842        34.324748304901568        2.5000000000000000                1
   8.4355570387580734        7.4248018673631639        4.6661092872409444        2.5000000000000000                1
   7.7207438912109412        8.2283255534366937        6.1034389865182153        2.5000000000000000                1
   7.7309237961015276        4.2441438618748144        24.597777549885194        2.5000000000000000                1
   4.9765445598680937        8.3888216799553597        38.525227686289384        2.5000000000000000                1
   6.8552477707526540        3.9077659790078956        10.785484101492630        2.5000000000000000                1
   5.7403097157630461        8.6512473416509277        35.048115998247290        2.5000000000000000                1
   5.8967627263953295        8.7230107154511032        25.848378939274379        2.5000000000000000                1
   4.9791073556057999        7.1004902015720788        36.957696348981926        2.5000000000000000                1
   6.3111498313638794        8.7393606448146244        24.101228929459960        2.5000000000000000                1
   4.1227671207573842        7.4167976865298888        24.304286460301505        2.5000000000000000                1
   4.9817625963609666        4.1200376933097900        1.8056539499191866        2.5000000000000000                1
   8.3799429539715398        5.1001159170557306        30.818005655695629        2.5000000000000000                1
   6.2498670721732994        6.2493715236567882        31.628480045401663        2.5000000000000000                1
   5.1817439299088166        4.0771740200614994        2.8227834571050092        2.5000000000000000                1
   8.7326412379179175        6.0125087374238158        11.227393939732695        2.5000000000000000                1
   6.2594171921325286        3.7636143523495211        7.9245093715397061        2.5000000000000000                1
   5.3467431844178668        8.5626000223523686        23.778013645265609        2.5000000000000000                1
   6.3987433040806687        8.7278906248246209        37.057580882001602        2.5000000000000000                1
   4.4039582056108468        4.7315460216687137        20.813940465714108        2.5000000000000000                1
   8.7190922765140719        6.4282587479908724        4.3936238346693886        2.5000000000000000                1
   8.0444912341990538        4.5204682201592146       0.14710986380815755        2.5000000000000000                1
   6.6003953828033719        8.7225032655739145        11.126668298914566        2.5000000000000000                1
   6.3143101708320213        3.7611634815753128        16.552787782950016        2.5000000000000000                1
   5.5895161233763702        8.6576429514160651        1.9720468200432797        2.5000000000000000                1
   3.7606279639191769        6.4345494516495396        13.773834295925539        2.5000000000000000                1
   4.0447011218244073        7.3770481635553891        7.1877485692832712        2.5000000000000000                1
   8.7489037866353989        6.2089904825854578        8.1270364730290279        2.5000000000000000                1
   7.1012444491589672        4.9430528598213517        24.206590226319726        2.5000000000000000                1
   3.8483264648823834        5.5616319707167303        24.819235488560182        2.5000000000000000                1
   6.2236719303001466        8.7339049362421051        26.794221908256940        2.5000000000000000                1
   8.7025256478012505        5.7828907893785093        14.812094389383796        2.5000000000000000                1
   8.3000944866759152        7.6628931047301938        38.493569652003089        2.5000000000000000                1
   6.8731553047014708        5.0203853751501848        17.675976560110026        2.5000000000000000                1
   7.5864636789801745        4.2227715949400508        28.254367109226390        2.5000000000000000                1
   5.7255573118889638        8.6596626695009924        28.582008021614158        2.5000000000000000                1
   8.4984937571936090        7.2904975629461335        9.4934522047318577        2.5000000000000000                1
   7.3236050129361230        5.3256470183610727       0.32581476811640386        2.5000000000000000                1
   3.7590081603327477        6.0447198369417272        39.178127213656019        2.5000000000000000                1
   5.4801096638027085        8.6208334253544496        17.324823406219327        2.5000000000000000                1
   6.9197333652243227        7.7084834963152007        38.744417360554209        2.5000000000000000                1
   4.0815048254746111        7.4837201976998591        37.257761808212273        2.5000000000000000                1
   7.1679009085285070        8.5683155490260106        13.147699195840248        2.5000000000000000                1
   7.0168186368411281        5.2237713448412961        4.1491340593549433        2.5000000000000000                1
   5.8874731666849822        8.7198168403286740        9.2384848891440345        2.5000000000000000                1
   4.3826998568944138        4.6555665871976553        14.299873206763843        2.5000000000000000                1
   3.8559416965151638        6.1761716174043437        33.382128043510157        2.5000000000000000                1
   8.6400274058114626        6.9505267449264219        21.196816930697764        2.5000000000000000                1
   4.0142660922085946        7.3317408027214279        10.400793788404728        2.5000000000000000                1
   8.6973956971577362        6.6407526422469241        5.3711571169970025        2.5000000000000000                1
   6.2600422576452663        6.2509965545062327        15.131677293289350        2.5000000000000000                1
   4.0629947426693294        5.0506636102835527        9.6982349697129919        2.5000000000000000                1
   8.6127887290042384        5.5601936551821884        36.332453183810614        2.5000000000000000                1
   4.7115273010547565        8.2172752905303881        5.9032443264069681        2.5000000000000000                1
   4.8162987842992147        4.2021695305115747        35.547161433700275        2.5000000000000000                1
   8.0642472473049551        7.9595674491248332        27.277501844726544        2.5000000000000000                1
   4.6037616754347406        4.3796453777207178        36.560420153727613        2.5000000000000000                1
   3.7750707640873862        6.1503052649221601        23.120532548603173        2.5000000000000000                1
   4.7471501194783201        6.2631550507107763        31.935644055921433        2.5000000000000000                1
   7.6753542292328456        8.3029971129498268        31.668458574187834        2.5000000000000000                1
   8.7396611782489408        6.3308716900853295        33.246941108078666        2.5000000000000000                1
   5.7440106977069387        3.8223875792311799        35.299552465338529        2.5000000000000000                1
   5.2112720866038371        5.4815924280569082        12.931712646130009        2.5000000000000000                1
   7.2018591923917450        3.9487311615289489        39.825813710140565        2.5000000000000000                1
   6.2388284545102337        8.7434470887123066        3.7191903506953339        2.5000000000000000                1
   8.7283336982634605        6.0004706649322124        3.4892826451164933        2.5000000000000000                1
   4.8270643601027867        5.7747482823900596        15.937641164756954        2.5000000000000000                1
   7.6167999919429965        8.3398353254469288       0.43624938231229649        2.5000000000000000                1
   5.0686569199970259        8.4434626278835925        19.103557449267182        2.5000000000000000                1
   3.9417065203752402        5.3115743110111584        23.769830374117365        2.5000000000000000                1
   3.7646194444996679        6.0401107045081561        3.9390910169999196        2.5000000000000000                1
   8.7225386096873034        6.5723307195936762        32.275439231092861        2.5000000000000000                1
   8.3493561301467594        7.6046125152448933        31.990974181147699        2.5000000000000000                1
   8.6451022567531393        6.9085391653267498        31.333976819388361        2.5000000000000000                1
   3.7623970806570917        6.3760465631581855        10.132993913429608        2.5000000000000000                1
   8.4346615383624961        5.0752387328642943        27.047861034593570        2.5000000000000000                1
   6.2582941371668461        6.2436291376540556        27.523827356539243        2.5000000000000000                1
   5.7796158945352420        3.7981838314458218        5.7975283570584679        2.5000000000000000                1
   6.9160442413530685        7.5551772419831522        22.945138541911568        2.5000000000000000                1
   6.8727824549022563        3.8291644095328352        31.273260904930936        2.5000000000000000                1
   5.3943545082816806        3.9023824538775180        19.590573277481294        2.5000000000000000                1
   5.3530243913230962        3.9251638933056165        23.254256465617008        2.5000000000000000                1
   8.1592713833335822        7.8633895449234252        37.506291892626265        2.5000000000000000                1
   8.6140177255626629        7.0026872512878757        37.743879558417539        2.5000000000000000                1
   3.7810830764840242        6.1127319857322595        29.564201491523463        2.5000000000000000                1
   6.9957172926655851        3.8836288493083577        14.590024160730168        2.5000000000000000                1
   8.7135717578273031        5.8477038213591168        31.443418830562965        2.5000000000000000                1
   7.5130089766798882        6.9432661238264215        34.462269299989877        2.5000000000000000                1
   6.3415288722886434        8.7093043573041982        20.255680777223350        2.5000000000000000                1
   4.0219777240226868        7.3630005904919074        14.095293228332165        2.5000000000000000                1
   8.6399843514514032        6.9767592723696703        7.3884618545908465        2.5000000000000000                1
   4.7611654729766819        6.1608716754237411        7.4542602618244542        2.5000000000000000                1
   7.5058651509838530        6.8439584095531716        38.294054529793144        2.5000000000000000                1
   7.4023213179108716        8.4668411974377928        28.084427618573361        2.5000000000000000                1
   7.8314354906424555        8.1846091222852504        39.224851596822212        2.5000000000000000                1
   4.0065517086343911        5.1530978564602599        33.044581089785169        2.5000000000000000                1
   7.2789635985400274        3.9737468405621539        8.1290959814257224        2.5000000000000000                1
   8.6678699971040878        5.6156338424748116        5.1394876820277879        2.5000000000000000                1
   5.1381058804128168        4.0218336067421330        10.285293206854639        2.5000000000000000                1
   5.9050727714824740        8.7097568638754286        39.882824923749624        2.5000000000000000                1
   7.4641683388576938        4.0805304217657499        25.550911396442419        2.5000000000000000                1
   4.4549526095709062        7.9768917028890485        3.2137305353119530        2.5000000000000000                1
   5.2294764514929257        5.7219894106038458        27.879417028806845        2.5000000000000000                1
   4.2788903491511494        4.8752531483539236        28.301954798345797        2.5000000000000000                1
   3.7770334318946173        6.5014752369088047        24.093811445053198        2.5000000000000000                1
   6.2402679256722626        6.2489531206188680        2.8391890457906275        2.5000000000000000                1
   5.2753575654902090        4.0042973219228530        33.472430926762165        2.5000000000000000                1
   7.6018705928626051        8.3515069689736663        38.255349550142355        2.5000000000000000                1
   5.9000165245104093        3.7763045749236377        2.1226339845580346        2.5000000000000000                1
   4.5535191454053603        8.0853576584194311        27.374915206147193        2.5000000000000000                1
   8.4049902961649003        7.4732257721999806        23.006707774070364        2.5000000000000000                1
   5.6901716623983507        8.6747513960187721        14.672175144471884        2.5000000000000000                1
   3.7884306654015734        6.6799664712797835        31.534323068709071        2.5000000000000000                1
   4.4141016568481071        4.5554927788892305        8.2392205980151960        2.5000000000000000                1
   5.3039249494717877        5.3775299439525002        32.457389662996974        2.5000000000000000                1
   7.3335122632293892        4.0211823431245000        33.047199177406341        2.5000000000000000                1
   5.2529871086318831        3.9602230317295657        27.037310131965519        2.5000000000000000                1
   3.7707405890759138        6.1455118323283706        26.776415644512653        2.5000000000000000                1
   8.2769609759985769        7.7048752003600649        11.591286781732018        2.5000000000000000                1
   8.1675250989679977        4.6574998684236375        32.820213020175736        2.5000000000000000                1
   5.6286625198598799        8.6670385798123721        37.765148026854888        2.5000000000000000                1
   8.4216270623344514        7.4712552225112958        35.777180435895858        2.5000000000000000                1
   7.9232221339019775        4.3992548683134904        7.4652137887631076        2.5000000000000000                1
   8.4301837891270335        7.4692090805746281        15.411814585942018        2.5000000000000000                1
   5.6096061290721542        8.6602279952342212        24.875407177175063        2.5000000000000000                1
   6.9036564330366765        7.2502434004372915        26.759019741590421        2.5000000000000000                1
   6.4843143464878628        3.7662354337296162        19.185225234980631        2.5000000000000000                1
   7.6684525580051206        4.2034092955379778        34.784683142001555        2.5000000000000000                1
   4.6321930840047720        8.1549906247016537        31.056313132344123        2.5000000000000000                1
   8.1094869532649465        4.5977101064626096        9.5873134574643188        2.5000000000000000                1
   4.3433820268720824        4.6688691601515107        31.057928414911657        2.5000000000000000                1
   6.2112262934978419        3.7719206837080983        20.166429211913982        2.5000000000000000                1
   4.0685887996194658        7.4588532755181376        1.5916490398277212        2.5000000000000000                1
   6.7385372723806132        3.8638683633495199        18.216735968321387        2.5000000000000000                1
   8.3535799997866214        4.9397983792443956        28.048176706736896        2.5000000000000000                1
   5.0530393743892681        8.4431659821609557        29.306435266001472        2.5000000000000000                1
   6.6733528527686232        8.7106770442942167       0.55601730042291309        2.5000000000000000                1
   8.1879092902792330        4.6836129819597510        22.635565102243312        2.5000000000000000                1
   5.4823597201653582        3.8746896768728627        36.299437811811494        2.5000000000000000                1
   8.2178691687980781        7.7907786901736484        30.962102567139095        2.5000000000000000                1
   3.7957684643637819        5.8261205955665112        4.9452066309940426        2.5000000000000000                1
   4.0775430083838442        7.4608318328401513        6.1873619825077775        2.5000000000000000                1
   5.3777962398365231        3.9179737540971709        29.781373166332781        2.5000000000000000                1
   4.4323275661941128        4.5437491973674060        27.277279209129492        2.5000000000000000                1
   6.2420172602770991        6.2524092642898799        34.155853890140357        2.5000000000000000                1
   7.7087008817880545        4.2238861733403210        6.4964817382691660        2.5000000000000000                1
   6.3929293056211307        3.7666147031990946        29.457693740361691        2.5000000000000000                1
   5.8395675768179931        4.7193377985790734        38.758396832741347        2.5000000000000000                1
   3.7680609450015115        6.1385138594708346        19.212381085306546        2.5000000000000000                1
   4.5790735432941299        8.0934374823078290        33.784518614795864        2.5000000000000000                1
   3.9586835462320806        7.1459690688812731        13.098920430282279        2.5000000000000000                1
   3.8638588459056642        6.9676048072083976        15.756772914648590        2.5000000000000000                1
   7.6864158435442009        4.2139744579102860        18.047559544273792        2.5000000000000000                1
   8.6417155206450467        6.9746092398378368        17.347230749139303        2.5000000000000000                1
   8.1418208353197823        4.7208949436696477        29.045782483826834        2.5000000000000000                1
   7.7360199358412132        8.2563753353876344        18.868863737413932        2.5000000000000000                1
   5.7375802922078423        5.0144468479518221        21.992694965146974        2.5000000000000000                1
   3.8310396313814175        5.7734656768958867        18.252263830274995        2.5000000000000000                1
   8.2307388079362926        7.7712821782757215        1.0307337931426896        2.5000000000000000                1
   3.7762856785803822        6.0997202302902780        23.149038910859673        2.5000000000000000                1
   7.8446009917568791        6.5376933850118126        20.739552006430227        2.5000000000000000                1
   8.2425646244933777        7.6756888899018785        21.771357953401264        2.5000000000000000                1
   6.0562132099178427        7.7109543193521999        10.374992584408625        2.5000000000000000                1
   4.7227819854589681        4.2766105780273316        9.1493628854840932        2.5000000000000000                1
   3.9273688075131257        7.1307375393566907        23.246908436898558        2.5000000000000000                1
   5.0570076561252391        6.9417108987506895        26.759905573582166        2.5000000000000000                1
   4.4856055029305297        8.0142791700364810        23.575636771929361        2.5000000000000000                1
   7.5258686738304910        7.2058387669593547        29.662081912647192        2.5000000000000000                1
   3.7686204890743431        6.5495125613176652        1.9448909739677773        2.5000000000000000                1
   7.9819629836568122        8.0389372621341817        13.490482109905011        2.5000000000000000                1
   4.8410459056586790        8.3075428730537322        21.768954854437712        2.5000000000000000                1
   8.6027443233764505        7.0773656094172992        33.973260066774031        2.5000000000000000                1
   8.6883903276773662        5.8120382525438234        6.1385943376649754        2.5000000000000000                1
   5.4939978090233019        3.9547490706298971       0.15427199841824130        2.5000000000000000                1
   6.2484731143877319        3.8115555383371551        33.309887213706808        2.5000000000000000                1
   6.8911569956207295        8.6543999077573730        22.270297416081533        2.5000000000000000                1
   8.1911374739180829        7.8131760076103829        10.588279491391278        2.5000000000000000                1
   8.6177806199824207        6.9833217135279977        10.972385837258440        2.5000000000000000                1
   8.6939782382455739        6.7646699984425673        38.736812200197612        2.5000000000000000                1
   5.0791771664865513        6.2165319662228100        1.5215952296218225        2.5000000000000000                1
   4.8276849411651286        6.7058151433767961        20.921051514800482        2.5000000000000000                1
   7.1258106480757739        5.4111282691075626        35.197497484936740        2.5000000000000000                1
   8.7106990372055844        6.5449488613722409        36.035205873822605        2.5000000000000000                1
   5.1427831039402623        8.3908200116076603        35.813227085910334        2.5000000000000000                1
   5.1488524943936200        7.3729713121511420        35.224893988819844        2.5000000000000000                1
   6.4695068631339216        3.7753898183680636       0.49953783360182469        2.5000000000000000                1
   6.8304366494309798        4.8881572119163286        31.670179621598439        2.5000000000000000                1
   6.4338148112759450        8.7413048063545293        34.322285206775014        2.5000000000000000                1
   4.7811079819467075        4.2345322894152826       0.81122242668220590        2.5000000000000000                1
   5.0460580484253148        5.4958883684098350        39.051170796108337        2.5000000000000000                1
   4.8369110594363027        8.2281822575689318        18.033495955302026        2.5000000000000000                1
   7.4697609326834247        4.0950925758943111        35.801056318954473        2.5000000000000000                1
   8.5925173452649268        5.3822644900264516        23.240550090232396        2.5000000000000000                1
   7.5834452285940852        8.3616440644100116        25.275813098689870        2.5000000000000000                1
   5.1351934059290576        4.0133697196287361        20.554227301620742        2.5000000000000000                1
   6.2559420278015407        6.2671082277284658        32.648996101581361        2.5000000000000000                1
   4.3664336250153628        7.8702778896020931        9.6335020991175710        2.5000000000000000                1
   5.1400413861004690        7.3295347188794855       0.83850284626391502        2.5000000000000000                1
   3.7906265584016023        5.8955779789463527        22.123461539118679        2.5000000000000000                1
   5.3792920512827251        6.9138318823451126        13.753254279691221        2.5000000000000000                1
   7.0860315489937848        8.6005872066069351        15.863656639635067        2.5000000000000000                1
   5.5038012894464137        4.8462183101882372        4.1556898456523976        2.5000000000000000                1
   5.8424280616437301        8.7115698596771658        5.9445420099493340        2.5000000000000000                1
   5.6685550200860373        3.8363535270177662        28.770875872006972        2.5000000000000000                1
   4.9450890113286281        4.1230256685904090        28.091332198336591        2.5000000000000000                1
   7.3898294250064192        4.0257378400565926       0.82144202883189998        2.5000000000000000                1
   3.7897578393613429        6.6559721042338058        5.5818350325299075        2.5000000000000000                1
   8.4733698292253123        7.3219261480500624        26.622300966081834        2.5000000000000000                1
   6.0168110150147198        8.7339424603663556        32.286145019077054        2.5000000000000000                1
   3.9693032832009503        7.2735067304366368        2.6273349301144218        2.5000000000000000                1
   8.2594406847746686        7.6871823238483419        5.8196294004962401E-003   2.5000000000000000                1
   8.3917964664510567        7.0422057485457250        27.615866952451348        2.5000000000000000                1
   4.6686800222863720        4.3143751940685142        29.043238851749553        2.5000000000000000                1
   7.2242289024560922        3.9477655186941329        3.3937141265582396        2.5000000000000000                1
   4.4921489954223812        4.4990225994668105        7.2410758849132115        2.5000000000000000                1
   3.8263229665448892        5.7867573006827859        11.842829116561845        2.5000000000000000                1
   8.7285123670896265        6.3879953324433236        12.868627836887510        2.5000000000000000                1
   5.6641380116027600        7.4509576865368450        17.595852126668625        2.5000000000000000                1
   6.8086053243452209        8.6641283587284512        6.5324557207912246        2.5000000000000000                1
   6.2536601294506164        6.2645906015760424        7.6206843720293556        2.5000000000000000                1
   7.7855848340579810        8.1100079538894292        9.7084492731072061        2.5000000000000000                1
   7.7771609449699728        6.0007004259520134        3.8145207085425610        2.5000000000000000                1
   6.0301522159069227        8.7194906298769634        19.300066526952318        2.5000000000000000                1
   8.4431020859864052        5.0846154433014039        6.7997565351499807        2.5000000000000000                1
   7.6987967824742158        8.2871384862352553        35.470884233685290        2.5000000000000000                1
   8.6858397699037884        6.7987940625652490        35.059417688003165        2.5000000000000000                1
   6.8654838223444923        5.0026821130102759        27.874297135731879        2.5000000000000000                1
   6.4327560570320941        3.8339443220351512        4.0936554280574464        2.5000000000000000                1
   8.1236293456645576        4.6051159158225907        12.312823742254853        2.5000000000000000                1
   3.8731328072601929        5.4866007462366131        7.1291385854849478        2.5000000000000000                1
   8.4629436517999235        5.1266045243730813        24.209474259192913        2.5000000000000000                1
   3.8476512718172979        5.5739092345499435        8.1817105802658414        2.5000000000000000                1
   4.5494977581243399        4.4748300839177695        38.776029525035078        2.5000000000000000                1
   3.9667019394398482        5.2327273212269843        38.435828884166554        2.5000000000000000                1
   6.1184780115775199        8.7455971870151608        4.9373427415848132        2.5000000000000000                1
   5.4651630625914098        3.9129333452993489        3.7735608824895106        2.5000000000000000                1
   6.2439109292747972        6.2618608582243667        6.5837213465313296        2.5000000000000000                1
   7.1005309467961224        8.5984465167864723        29.755917487126734        2.5000000000000000                1
   6.0981631759298898        8.7432051819093424        10.224981373792055        2.5000000000000000                1
   6.0896827100753459        3.7999466641560504        23.963840954145777        2.5000000000000000                1
   5.0385669087070353        6.3447161353687029        29.249553929955546        2.5000000000000000                1
   4.0357886350286627        5.1016554469494562        19.114073407875551        2.5000000000000000                1
   7.8346022744292751        5.9185190711640931        2.7274305084790251        2.5000000000000000                1
   5.3988550425418609        8.5710116792057480        13.719240417587182        2.5000000000000000                1
   6.0879773644457646        3.7563171161077973        38.479610742589465        2.5000000000000000                1
   3.8003240021422631        6.7472661318776774        35.289403443557411        2.5000000000000000                1
   3.9591110873877700        5.3100316831879768        36.776906273640797        2.5000000000000000                1
   7.3428413054470232        4.0072687063755037        12.558572880128745        2.5000000000000000                1
   5.9618071644992980        3.7722081979695821        27.808324780332118        2.5000000000000000                1
   6.2479041526520342        6.2461435545852630        38.152450098754663        2.5000000000000000                1
   8.6735109968731319        6.7639377729649963        14.578210230269283        2.5000000000000000                1
   7.2410582416932341        3.9713782146262155        26.522678122094440        2.5000000000000000                1
   5.0808592710189924        5.3724831506186392        29.599108953060739        2.5000000000000000                1
   4.0279538895205507        5.1114060878164471        4.2539770814909579        2.5000000000000000                1
   8.2226488645616076        7.7844510135578568        28.279070078501004        2.5000000000000000                1
   6.6382875945001079        8.6995772384480716        21.261267475469101        2.5000000000000000                1
   4.9432114717804190        6.5184184290015423        30.236390105776568        2.5000000000000000                1
   7.4509460103401839        4.0633614913073215        5.5316517882923764        2.5000000000000000                1
   5.9072175920870711        7.7279907287697638        9.3739055985107687        2.5000000000000000                1
   5.1601610806473621        8.4797726124990280        9.9824056602960187        2.5000000000000000                1
   7.6301584857693738        6.1699406622165052        29.149499115693295        2.5000000000000000                1
   8.7387701310525117        6.3940596013138737        9.1143694108492586        2.5000000000000000                1
   5.2551580654357632        3.9591296040681332        16.829550985658997        2.5000000000000000                1
   8.6800715800328163        5.7603721248895656        25.086911713390503        2.5000000000000000                1
   4.9142969949291890        4.1381733595027734        11.329554863008298        2.5000000000000000                1
   6.8577947795719174        3.8264975455348882        20.985680550249924        2.5000000000000000                1
   4.6202219743807209        8.1118968199231691        10.739599135358255        2.5000000000000000                1
   7.8829995117202749        4.3616602518234817        20.789943197468794        2.5000000000000000                1
   4.3239618937916120        7.8423837771239970        39.624185247323169        2.5000000000000000                1
   4.6819481016484739        8.1792003298947034        2.2285771149016567        2.5000000000000000                1
   5.3704846553336445        5.2874293652298201        21.074627355424838        2.5000000000000000                1
   7.9604854931162441        8.0719774328704261        30.036477493213528        2.5000000000000000                1
   8.0209425647370018        4.5148725545683908        13.326922941449935        2.5000000000000000                1
   5.4548237644141100        8.6157317303954457        27.607875551188499        2.5000000000000000                1
   5.8804484726624251        7.6936128817656853        4.3778757688658381        2.5000000000000000                1
   4.9652888526577899        4.1168368411941181        17.836501505888975        2.5000000000000000                1
   4.4340592031218007        7.9666729500399658        19.824923964820954        2.5000000000000000                1
   7.8104111552048119        4.2977537999459345        31.026910565471656        2.5000000000000000                1
   4.9917258071432160        6.3671424288399496        12.509488767637293        2.5000000000000000                1
   8.4873372851337052        5.1477403263301973        1.0677019969866137        2.5000000000000000                1
   4.1104772436450494        7.5338642069621704        34.554420713112066        2.5000000000000000                1
   6.7890638047156262        8.6858435476116149        18.586011338141518        2.5000000000000000                1
