     1000000
           1
  0.10000000149011612     
   5.5615323340074108        5.2887527523404039        31.645698053391786        1.5000000000000000                1
   6.0179075290342707        4.8829806045829587        24.781720257994191        1.5000000000000000                1
   5.9959592402968154        3.3663254715372317        30.205886013560892        1.5000000000000000                1
   3.8991673820149044        6.0271088586628023        13.335876222302707        1.5000000000000000                1
   5.5200742578269342        5.4240413214319299        18.028254724048494        1.5000000000000000                1
   2.7764406387026912        3.4059829059554150        11.408796383732108        1.5000000000000000                1
   4.1040128108716898        4.7870571490948315        8.9775602268987509        1.5000000000000000                1
   5.4734515000850825        4.9009316727171521        28.784956070603773        1.5000000000000000                1
   2.7734936937617283        3.2613107908340173        19.850471091243399        1.5000000000000000                1
   3.1227737294641886        5.3756282332977809        14.538880104944608        1.5000000000000000                1
   3.9877719829485785        6.1179435198937462        32.131575003019350        1.5000000000000000                1
   4.5552129081497608        3.0986671568135886        14.465375793301490        1.5000000000000000                1
   3.5599001636437912        4.6911527456374236        11.571492451622168        1.5000000000000000                1
   5.7500955071579964        3.7524793624047108        16.895161665584265        1.5000000000000000                1
   3.8800552233423335        4.0596169282665358        30.849524858743443        1.5000000000000000                1
   4.9022933456236331        4.4744770313755833        7.5869637381017654        1.5000000000000000                1
   4.7212855088839598        5.8953297029766434        26.328425046727219        1.5000000000000000                1
   5.0159382788601841        2.4663285031267512        6.0600424508680844        1.5000000000000000                1
   3.7767061931748769        2.5095208058478615        9.5859047148036680        1.5000000000000000                1
   5.1267108157395977        4.6833205687227188        4.5108309814339478        1.5000000000000000                1
   5.2722039312831344        4.0262963988417635        15.422521113145939        1.5000000000000000                1
   4.6258232541920581        4.6642258247274091        14.158306767210821        1.5000000000000000                1
   3.7598892088214235        3.7002742202984802        2.1940547823940983        1.5000000000000000                1
   6.0355868881711521        4.7478576205989027        8.7599106178820900        1.5000000000000000                1
   2.8831934517708127        5.5402603177937904        6.0841363662824222E-002   1.5000000000000000                1
   2.6656631003558435        3.7828529225050596        37.991517969081471        1.5000000000000000                1
   5.9490546177094190        4.1007736737215490       0.52164294633980723        1.5000000000000000                1
   4.6032252774912576        5.3972409585790384        20.147888104057827        1.5000000000000000                1
   2.7018348763793263        4.9410408075080108        17.089726649900630        1.5000000000000000                1
   4.0213442623502864        4.8544784217977304        22.455034429949158        1.5000000000000000                1
   2.7332319295595662        4.6056288570522605        25.584070994197326        1.5000000000000000                1
   3.8537808057971601        6.1667044452756157        34.825674544857058        1.5000000000000000                1
   4.2867096991376661        4.6115075252550817        37.779382097797082        1.5000000000000000                1
   3.8593927485560569        2.8195670862413453        4.9486196776140137        1.5000000000000000                1
   2.6498375179833347        3.1747815672615300        39.628220953029100        1.5000000000000000                1
   4.4015104191106387        2.4812775231456232        32.343538047866772        1.5000000000000000                1
   2.6337666386794911        5.1166817257987125        35.822778284978121        1.5000000000000000                1
   4.8797576297163472        3.8294330910178975        26.098488857941849        1.5000000000000000                1
   6.1610261419563406        3.8764090167174992        13.711933595858774        1.5000000000000000                1
   5.3340636789862383        4.3454054163376288        10.970926118948636        1.5000000000000000                1
   2.6776742408986562        3.1832659479225289        22.627902081850962        1.5000000000000000                1
   5.5520820436036802        2.8999222355943592        38.977411304297192        1.5000000000000000                1
   3.7627353084279149        5.8682220888437620        24.716299441495540        1.5000000000000000                1
   5.7846998170627835        4.9061112751517619        2.6408585791631061        1.5000000000000000                1
   2.8983542141262979        4.4530259254854858        21.234769070755959        1.5000000000000000                1
   4.0147419690623574        2.6835182133523068        35.900923873540869        1.5000000000000000                1
   3.3100864925134812        5.6397679313420150        29.230884424379830        1.5000000000000000                1
   4.2591835259617055        2.4319119649073579        17.273757836943727        1.5000000000000000                1
   2.3513704622361904        4.0428794136494348        9.9565466008250123        1.5000000000000000                1
   3.2224620439342679        4.8534570733577542        6.2642607368510683        1.5000000000000000                1
