     1000000
           1
  0.10000000149011612     
   9.9067255318093270        6.4165390133097127        15.201997023718819        2.0000000000000000                1
   3.9151590694227316        8.7318051747266843        24.400577761771995        2.0000000000000000                1
   9.4527467495729951        8.2122472864016061        28.295154267642076        2.0000000000000000                1
   4.9572256918476878        6.1609668121717096        1.6392011115009097E-002   2.0000000000000000                1
   8.6104356478422588        3.8051672433361108        14.300677703067599        2.0000000000000000                1
   5.7662070168870221        9.8442007423164082        2.4099245817879456        2.0000000000000000                1
   5.0172721625314427        6.9125672720209623        31.777817945935123        2.0000000000000000                1
   6.6019716395923584        4.7209472291178898        15.020237038773658        2.0000000000000000                1
   7.5153171356954154        7.5261335084988605        26.529612285647751        2.0000000000000000                1
   8.8787513055932479        8.7277643682064934       0.21496407858591451        2.0000000000000000                1
   9.8980539170653827        6.0001204743767991        21.916135571243771        2.0000000000000000                1
   5.1022661807617622        9.5964823373295207        8.5695478111331926        2.0000000000000000                1
   8.3839408538012048        3.5732758199356494        11.912554377971924        2.0000000000000000                1
   8.8482201523727024        3.9681826113391923        24.013405237926911        2.0000000000000000                1
   5.3825710297508449        6.7995501054612060        18.925093489574888        2.0000000000000000                1
   5.1101970817013376        7.3979395050206094        33.882990794863268        2.0000000000000000                1
   7.4515229437461104        5.2190089234228942        31.192610592850652        2.0000000000000000                1
   9.4025401393501618        8.4157185749241918        4.4265202108021375        2.0000000000000000                1
   8.0397997913396857        6.2722665951136332        3.7842603265389130E-002   2.0000000000000000                1
   4.3948691200780070        3.7508631017744696        24.949232334168876        2.0000000000000000                1
   9.5962551127799784        4.9181833778917863        2.9259338631733258        2.0000000000000000                1
   6.9458564169747454        3.0313250035995041        16.228705473393713        2.0000000000000000                1
   9.6773336758903330        7.3703741352531704        37.258536801079217        2.0000000000000000                1
   6.6043911834001205        4.9082484332900016        34.730510134686313        2.0000000000000000                1
   5.9199598531377911        3.2191361567093688        27.430265671628565        2.0000000000000000                1
   6.5734900014145747        8.0228240803613726        1.3307332449266212        2.0000000000000000                1
   5.1996233820483182        6.2516048328949996        6.7965779159938533        2.0000000000000000                1
   7.3487786448661154        3.1603423910675419        7.5852333273977157        2.0000000000000000                1
   8.6464587571422982        3.7589337232197577        30.146239098274084        2.0000000000000000                1
   4.1675662979385732        9.0762139737599057        10.710326527046304        2.0000000000000000                1
   5.9719395678338589        9.7577236423084077        9.1719836854917407        2.0000000000000000                1
   6.1616361363245957        9.9755670777800614        6.5982973546116597        2.0000000000000000                1
   7.9536182541182470        9.5841747234491095        8.6902216875587452        2.0000000000000000                1
   9.6174533593833882        5.0682140868848391        12.546018364775255        2.0000000000000000                1
   8.5121951809526237        9.1865013318708417        14.988238904922349        2.0000000000000000                1
   6.2091636452575347        4.7155055943631368        39.083557907372125        2.0000000000000000                1
   5.5683152182554743        5.6059853021674240        11.137091609773757        2.0000000000000000                1
   9.5751788946975580        7.9900685205818807        18.936268539342031        2.0000000000000000                1
   7.4640684201658889        9.7504140669232857        17.068211696150520        2.0000000000000000                1
   4.7998116780260904        3.7538936073498146        11.010635333624103        2.0000000000000000                1
   8.3659356652441108        9.4518375136567165        35.717052432061756        2.0000000000000000                1
   8.9017809568113346        8.7946107986465005        6.5112739318968957        2.0000000000000000                1
   8.1453670464933374        6.4912765240514538        33.751232129196026        2.0000000000000000                1
   6.4797988103190134        3.1116669236901031        33.740686962534674        2.0000000000000000                1
   3.6517566882888968        4.8811642381367157        37.443719901780867        2.0000000000000000                1
   3.6508334774486757        8.4795821873473987        5.6510116578621705        2.0000000000000000                1
   5.6057573957605813        4.9918633671244308        34.753214855073622        2.0000000000000000                1
   6.2195976991535016        8.0731588508078485        39.329245175497974        2.0000000000000000                1
   9.6393422036060663        5.1277291468395019        19.653193964671214        2.0000000000000000                1
   5.4075127980518918        5.6323448980229616        21.684810475985955        2.0000000000000000                1
   8.9867096299416289        4.0782259333155046        19.591770342631452        2.0000000000000000                1
   8.2979246138578642        4.8545545763920366        39.275994757033274        2.0000000000000000                1
   9.9758697273107764        6.3487388483252909        4.2737859858729035        2.0000000000000000                1
   3.0975825052678618        7.2010105244328617        10.968896095767656        2.0000000000000000                1
   4.9710178059985539        9.5945303319361859        32.784370212248611        2.0000000000000000                1
   8.6879022761693516        8.8887970112568020        33.296129739753518        2.0000000000000000                1
   9.7955385835107922        7.4449086568126530        14.954004528133638        2.0000000000000000                1
   8.0030247030510466        3.4121464055329200        21.296633163974310        2.0000000000000000                1
   6.8457345479051916        9.9758901539190177        16.225657869943422        2.0000000000000000                1
   3.1231230940282564        7.1184089364079579        39.068241265292478        2.0000000000000000                1
   6.7000078026806804        8.3073023420884358        28.272525111941345        2.0000000000000000                1
   8.0831568685289295        5.9348592104434461        35.678642951558501        2.0000000000000000                1
   7.1297357907842454        3.1385715807323455        23.096182048047631        2.0000000000000000                1
   4.8520005573579130        9.2896700510425152        16.666289355278273        2.0000000000000000                1
   8.3663797318079940        3.6807371918230771        1.1216147030388954        2.0000000000000000                1
   5.9631306734139544        9.8741865562342799        30.876770515954870        2.0000000000000000                1
   3.2623715428440576        7.6779945003577703        37.041720222975847        2.0000000000000000                1
   9.2745594345625815        8.4771498238405965        30.416113136721272        2.0000000000000000                1
   8.5328703276606159        3.7101074286709643        35.591223065226885        2.0000000000000000                1
   7.3620739833380764        9.8436868245038358        38.248133904382051        2.0000000000000000                1
   7.8818362909923314        5.9564190225718887        25.319078238750656        2.0000000000000000                1
   3.4426157709244722        8.1857718391369847        30.420682109739712        2.0000000000000000                1
   4.3382361654961690        3.9298507956724000        20.325559109518810        2.0000000000000000                1
   5.6928021697045441        3.1225717862351834        14.159925503294861        2.0000000000000000                1
   7.6312058136291174        7.7066373270687913        17.845302789841536        2.0000000000000000                1
   9.5015206320997141        4.9302475192982245        22.022254587357200        2.0000000000000000                1
   9.9202554533201717        6.0370942576762152        12.772911610263861        2.0000000000000000                1
   4.8615906833630991        3.4759617051286207        38.215629616661950        2.0000000000000000                1
   5.4320367113910653        5.2827012017526114        28.565273798937607        2.0000000000000000                1
   6.8193814531431487        4.9046266239509642        17.062624572611256        2.0000000000000000                1
   6.3483867513680927        3.0140900602269327        9.6707231836996197        2.0000000000000000                1
   9.8182809930641657        7.0552645783500321        23.794622879850298        2.0000000000000000                1
   6.0236099537303449        9.9248760814566008       0.22361336214671715        2.0000000000000000                1
   8.1234889492332307        5.9057898169950764        20.892358180159590        2.0000000000000000                1
   3.2355421305826058        7.5891409333774247        11.929537891513489        2.0000000000000000                1
   4.5939959012196798        9.4296820071283811        4.0338116864257216        2.0000000000000000                1
   9.2892698549765331        4.4881482352035649        14.744462463935417        2.0000000000000000                1
   9.4177030150798959        8.3874567572859409        13.164208127321086        2.0000000000000000                1
   8.1524060410868646        6.1152912177913752        29.475652273598566        2.0000000000000000                1
   9.5401842440322557        4.9246707510150625        24.092185459008679        2.0000000000000000                1
   6.4577419789676327        7.2702164352568559        10.080728473778548        2.0000000000000000                1
   5.2616402375986491        3.2998031887607837        18.567244561670066        2.0000000000000000                1
   5.1535385332146610        9.5728537895723456        26.767788136148884        2.0000000000000000                1
   8.0787389506723013        6.6557613030975897        18.267342298975148        2.0000000000000000                1
   4.8616711261850991        3.4427410663202322        13.690304668941568        2.0000000000000000                1
   6.5798553982815466        3.0964743356985851        25.292701361574412        2.0000000000000000                1
   4.3824036469230343        3.8318135384314007        18.223321756463637        2.0000000000000000                1
   4.8895035088967171        7.1314572973101020        17.004142949911451        2.0000000000000000                1
   4.6918181503432823        9.4522950740466722        12.699335372243810        2.0000000000000000                1
   4.6171700188810396        3.5631116399562575        29.276411006267008        2.0000000000000000                1
   9.8941056881559550        6.3941977165335713        26.205007472231536        2.0000000000000000                1
   6.7740542779587249        9.9872888770818466        2.5530094038506315        2.0000000000000000                1
   7.2480827240006063        3.1582162993797236        20.606475914780841        2.0000000000000000                1
   6.4180288686478315        4.9070905724235798        28.882487892114781        2.0000000000000000                1
   9.4973244669323407        7.9513289496167907        39.810461257065420        2.0000000000000000                1
   8.2408808488784580        9.3602980387029540        21.062804951560373        2.0000000000000000                1
   7.6782114313090313        7.7144686155293130        1.4549130508385224        2.0000000000000000                1
   5.8504412215609882        9.8700160066247733        18.323739809446806        2.0000000000000000                1
   8.9983980599485740        4.2881623074181157        7.8935052235304859        2.0000000000000000                1
   3.7628507724276981        8.0448872122777590        39.450013535998430        2.0000000000000000                1
   6.4169697775985757        3.0500001759702853        11.968491518421992        2.0000000000000000                1
   8.9518575588378742        8.8353763861716175        27.662134821233170        2.0000000000000000                1
   4.2685483862189457        7.2245217580323411        22.409149063388703        2.0000000000000000                1
   6.4788067722981015        5.7319725734685267        14.833435227224768        2.0000000000000000                1
   9.8617967007059750        6.0237924126112850        8.5096465366916050        2.0000000000000000                1
   3.1569948277455722        7.0220899354790314        13.892008246226187        2.0000000000000000                1
   7.2000102232774745        8.8540794354610917        29.251915786504004        2.0000000000000000                1
   7.2592386732570588        9.8248384207135970        20.913866778623923        2.0000000000000000                1
   6.3512958237212764        9.9580470566432009        38.182579215486456        2.0000000000000000                1
   8.9075235142702791        4.0232870059153951        21.691059201315323        2.0000000000000000                1
   9.0428438689622261        4.4575405329293707        10.241271221662725        2.0000000000000000                1
   7.8914781608907996        9.6740372297879436        33.580006334102663        2.0000000000000000                1
   5.2614712498588370        9.3615881379268018        6.5449957408703501        2.0000000000000000                1
   7.1103299700893956        3.6719416445190931        2.9879877608100971        2.0000000000000000                1
   9.8190126500806016        7.5639406273712719        30.350644081646745        2.0000000000000000                1
   9.2326991399897622        8.6453279082334848        17.026420658520070        2.0000000000000000                1
   9.0504659437328705        8.6902097618601317        35.584192145152130        2.0000000000000000                1
   7.2153535902221737        9.8561241593626772        27.021884420447893        2.0000000000000000                1
   7.8394743055786744        9.6793034176745234        2.5389323651561893        2.0000000000000000                1
   5.0889079169426186        7.3615629328966170        35.928197184062711        2.0000000000000000                1
   9.8892850708830693        6.7636709591035897        6.4522680380356139        2.0000000000000000                1
   9.1520727708185969        4.2262978095180728        12.224934660350270        2.0000000000000000                1
   5.8625658931672291        7.9797927890640983        11.991524075138345        2.0000000000000000                1
   6.9862486936036046        6.3999906003026243        37.967044719915869        2.0000000000000000                1
   3.8831981015862254        4.3475239318434253        29.620242691723472        2.0000000000000000                1
   9.7044016361016823        5.1597576542144150        10.542838898497935        2.0000000000000000                1
   3.5906321709803302        8.0258120469666743        13.909656120945963        2.0000000000000000                1
   3.5349717988171676        8.1429243929254476        1.4651145799827565        2.0000000000000000                1
   9.6871693656570184        5.4252187845565132        26.043882417791806        2.0000000000000000                1
   6.4313184947591102        9.9346910264098955        20.350958085453239        2.0000000000000000                1
   8.1519463320842540        7.0812128765506381        5.4335257133702246        2.0000000000000000                1
   5.8899840876481901        6.7689241926351995        33.609013284901991        2.0000000000000000                1
   9.8452009890154741        5.5064349077145867        30.420687942694322        2.0000000000000000                1
   3.1627450690814141        5.6560805075252967        37.008537018936025        2.0000000000000000                1
   5.5830566435606261        7.6621290818213215        1.1950832813250134        2.0000000000000000                1
   6.9410991608833061        9.9548598935235315        33.340321170763936        2.0000000000000000                1
   3.7168325840347758        4.4128328684113578        25.298338964732039        2.0000000000000000                1
   8.8016883054043902        3.9149671431993456        16.599066790065315        2.0000000000000000                1
   5.3392309070777051        7.8985245499835184        19.001702405990908        2.0000000000000000                1
   4.5829463942006656        3.5809177250200732        31.477292639346047        2.0000000000000000                1
   8.1828603545927141        9.4564368836377746        27.170400529942832        2.0000000000000000                1
   3.0726086316977321        6.7924002073072050        16.039580877751899        2.0000000000000000                1
   7.2913775614862741        3.3965172517576483        18.435254091807934        2.0000000000000000                1
   9.8305125373341262        5.7187284311096258        6.1810789029341535        2.0000000000000000                1
   7.1026271136394152        7.3196981287065910        7.9708383602243504        2.0000000000000000                1
   8.1271173434630093        6.2816306642055526        16.140139557750327        2.0000000000000000                1
   3.1451580597663251        5.5181354903234334        17.723520358771562        2.0000000000000000                1
   7.5188559855469661        3.1772064015744363        33.939749455853516        2.0000000000000000                1
   6.1827933103833370        9.9638402141482612        11.302778077626355        2.0000000000000000                1
   5.6231378845141222        5.3435657479902527        6.1070721174873155        2.0000000000000000                1
   6.6012088307376882        8.1856455035254978        7.9771676140936822        2.0000000000000000                1
   7.9721276840699620        6.4968720549209040        28.525492338617561        2.0000000000000000                1
   7.0957765377211439        7.6890461170693634        5.9344319585475835        2.0000000000000000                1
   8.1253801365041696        9.5187722667153469        23.092467912381714        2.0000000000000000                1
   8.3732602814829171        3.5828364528741359        7.4191398570973268        2.0000000000000000                1
   8.0190330026700014        3.4636902548453983        23.578747912969476        2.0000000000000000                1
   6.6650123523398959        4.9093326875627890        6.1756148944600300        2.0000000000000000                1
   9.9687454533929287        6.9229792346815184        39.420661944104012        2.0000000000000000                1
   3.0690587329136827        6.3904193349485032        31.711749792539596        2.0000000000000000                1
   5.5293367507564337        3.3130205335836473        25.070068143621452        2.0000000000000000                1
   4.6047351516471462        5.4637822167957202        23.827395877723180        2.0000000000000000                1
   9.7890713516827219        5.9998856154308688        23.969982165536962        2.0000000000000000                1
   3.9323066447129462        4.8743290249560749        12.512148663472484        2.0000000000000000                1
   5.3940447930247277        6.2420495185922373        16.462081429709198        2.0000000000000000                1
   4.6309780163964671        3.8691804282390923       0.26122645401668454        2.0000000000000000                1
   6.6638564849773188        9.9792744541303495        12.235298665296972        2.0000000000000000                1
   5.7470172376996773        5.0662186318582378        37.108480204448242        2.0000000000000000                1
   5.2419995487442907        9.5789519551254916        17.584531186572374        2.0000000000000000                1
   3.2262122890629259        5.3178020609091741        31.319542800391567        2.0000000000000000                1
   8.4240176825097475        3.5937354444831753        9.8107749263052479        2.0000000000000000                1
   4.5285603214517698        3.6617321645949268        33.535905489217726        2.0000000000000000                1
   5.2612435345059989        3.3460131262392174        6.5746727494837263        2.0000000000000000                1
   7.7385069402910478        7.5654014683768036        24.137933816173685        2.0000000000000000                1
   8.2481098631148253        6.4232418698439586        13.894181035925596        2.0000000000000000                1
   5.1224012785561071        3.3059089481338733        23.074522844613284        2.0000000000000000                1
   8.7097337486238313        9.1864569323070882        4.4327642171132204        2.0000000000000000                1
   9.5177523837549476        8.0167355462609695        2.1881772023574100        2.0000000000000000                1
   9.0939599887967741        8.0972800056755574        37.854325136838206        2.0000000000000000                1
   6.6902741843129920        7.9102330649540518        17.447135353094726        2.0000000000000000                1
   6.0636857965165376        6.9205015443202607        23.252205943673847        2.0000000000000000                1
   9.3903402213477190        4.6334599069286373        37.161975520287875        2.0000000000000000                1
   8.5964339631684243        8.8098060459381617        8.7144270871126341        2.0000000000000000                1
   3.7206537314206787        8.5299219065168508        34.926889053487166        2.0000000000000000                1
   8.1246269202184003        6.9080129055771309        7.5991911166698358        2.0000000000000000                1
   9.8889277379090750        5.9399251202360475        28.223989660517454        2.0000000000000000                1
   4.2164166589970984        5.6740199503448920        33.365493609284911        2.0000000000000000                1
   3.7681957860147612        5.3297594907195682        1.7116065778405685        2.0000000000000000                1
   6.8824736776439748        9.9172056369812154        31.272129275771800        2.0000000000000000                1
   5.1767515789045566        3.5098839741520189        20.685629348719377        2.0000000000000000                1
   6.6941474518163142        8.3674675279693567        34.720384609643538        2.0000000000000000                1
   8.2071412718908849        6.3711679946262736        11.746355095145514        2.0000000000000000                1
   7.8795328839049112        6.9544222062464245        35.739737155065981        2.0000000000000000                1
   3.5012177796149717        8.2907449873463754        7.9322217255320613        2.0000000000000000                1
   5.8715215286039326        6.7625258879519672        35.729072547597255        2.0000000000000000                1
   3.0043898610882738        6.6187060752698628        20.414924228147370        2.0000000000000000                1
   5.9509775319710227        7.8699254515487462        3.3218514807915489        2.0000000000000000                1
   6.9933301881436645        6.3043675652037692       0.18929657909337719        2.0000000000000000                1
   3.3076186971318968        5.0684658231346029        14.518048219355018        2.0000000000000000                1
   5.5514071012984649        3.1465600916982663        31.772179289928555        2.0000000000000000                1
   9.8529769666666933        7.4981830478512919        4.3292822576362582        2.0000000000000000                1
   7.3048567879544422        9.9024619616320173        36.086905228164909        2.0000000000000000                1
   3.1840136900341025        5.5309819149517017        12.263199627340468        2.0000000000000000                1
   3.2966754376087946        7.8840446064220915        24.192551263800624        2.0000000000000000                1
   9.5887744349961537        5.0584795058979912        8.3983939492454773        2.0000000000000000                1
   5.9539972556848513        3.0508835974978443        2.5544889856106159        2.0000000000000000                1
   5.6215298246770509        7.6506213343172851        29.896938841865868        2.0000000000000000                1
   9.7090359717428942        7.5071209805034673        26.031750914034660        2.0000000000000000                1
   4.2471191851948706        5.5248282875670292        14.774745718348672        2.0000000000000000                1
   5.6357300793600755        7.9374204759857667        21.078605957308127        2.0000000000000000                1
   3.5578628310259037        8.1971128649223690        32.524233751522246        2.0000000000000000                1
   9.0685500500593630        4.1774308137150360        39.143585597408332        2.0000000000000000                1
   3.1226595049872037        6.6064639008865846        35.178657153540790        2.0000000000000000                1
   9.9086348446500487        6.7609236345051409        35.154517379146277        2.0000000000000000                1
   6.5427572247139780        3.1256208153744813        29.938924930612885        2.0000000000000000                1
   3.2380077797921332        5.3184376561510218        33.519286889369944        2.0000000000000000                1
   3.2066477733845233        7.3113310206323190        26.238552336632580        2.0000000000000000                1
   4.4845898823370627        9.3187028955331108        15.349997899304469        2.0000000000000000                1
   9.5551319941171986        4.8114349857384928        5.5828342963856974        2.0000000000000000                1
   8.0043486669419934        6.8947829445613786        27.222059777662526        2.0000000000000000                1
   6.5178760474355810        8.2262607894260924        32.302307517863824        2.0000000000000000                1
   5.2835095332697648        7.2212798376117151        27.157110566320032        2.0000000000000000                1
   3.2191510296035046        7.4932581786522467        22.231416340481626        2.0000000000000000                1
   5.3602704025967860        9.5162973203481958        37.778790316106956        2.0000000000000000                1
   5.4669261172315009        9.8027354929468533        28.848755350683387        2.0000000000000000                1
   3.7347633419207567        8.6010650725287618        36.963536065654026        2.0000000000000000                1
