     1000000
           1
  0.10000000149011612     
   3.8761343372030015        5.8405171647961298        12.849221556690832        2.0000000000000000                1
   5.0362778655149985        3.2595662793521702        3.4893565649607359        2.0000000000000000                1
   5.9681757278428087        4.7186008455620954        11.236602113663169        2.0000000000000000                1
   3.1105118852141018        4.0350200861269707        39.940115895778554        2.0000000000000000                1
   4.5570461513800371        5.9688409337683010        25.609508228672670        2.0000000000000000                1
   5.9611666085588997        4.8225327212834221        13.569405267282127        2.0000000000000000                1
   5.6140174481056437        5.4880956516874511        39.274218177672552        2.0000000000000000                1
   3.8731070315137908        5.8175599348342439        3.2783839279760132        2.0000000000000000                1
   5.5303669233009698        3.4728589962376448        17.371497938584611        2.0000000000000000                1
   4.0069131863665817        5.7430747285763895       0.54620334588218256        2.0000000000000000                1
   4.8223157075310432        5.9056358656971595        31.865472899818087        2.0000000000000000                1
   5.0424392673990130        5.6415920853700259        21.882597150536327        2.0000000000000000                1
   3.2944735594444672        5.3658892482110261        34.571557081380284        2.0000000000000000                1
   4.5434905833559105        5.9907016460789704        32.986049057389906        2.0000000000000000                1
   5.6201433085625050        3.5558072408684702        22.862802401624254        2.0000000000000000                1
   5.8460088151873340        4.3217948925781942        35.223713072356183        2.0000000000000000                1
   3.3335758199073240        3.5613116781853371        29.700331234004690        2.0000000000000000                1
   5.4075918577698445        5.6601517024354786        16.702671159733082        2.0000000000000000                1
   4.6957822567862104        5.9777143360432188        1.2721297504037703        2.0000000000000000                1
   4.4504553832349245        5.9632795505252627        5.3273106639966654        2.0000000000000000                1
   4.8792227805299833        3.1895428059008339        10.522139415766565        2.0000000000000000                1
   3.1348753953858606        5.0824138793905291        15.839856665214379        2.0000000000000000                1
   5.9303875844517036        4.9458928512832676        37.249545218473500        2.0000000000000000                1
   3.5731864327428724        3.3269765518821623        25.061776500542308        2.0000000000000000                1
   4.7177704342072531        3.0835398338723481        1.0663836445425490        2.0000000000000000                1
   5.5358370890732935        5.5704506541082486        11.729147139874897        2.0000000000000000                1
   4.1640655987820976        3.0674614882229037        12.411162758256598        2.0000000000000000                1
   5.7127893646467944        3.7002857542487999        4.2420595441226423        2.0000000000000000                1
   3.7878680777722158        5.7843449583537652        24.881911865051993        2.0000000000000000                1
   4.5503860320489533        5.9973570652055868        19.969659043957790        2.0000000000000000                1
   3.0419418673982759        4.6362875101945518        32.616367902703885        2.0000000000000000                1
   5.4605671863134750        3.5779983812285652        35.839168584452842        2.0000000000000000                1
   5.4244252302446325        5.5661652574865883        4.9581114385493699        2.0000000000000000                1
   4.6724915719710349        3.0274305150408116        16.886843564149252        2.0000000000000000                1
   4.2791420854408155        3.0411114107137482        14.848035343972080        2.0000000000000000                1
   5.8784985437594388        4.0420541608052574        30.880259538863584        2.0000000000000000                1
   5.5568877675455894        5.5178780634363243        35.354135834022721        2.0000000000000000                1
   3.2443025456659988        5.0311292373577992        18.412352706372562        2.0000000000000000                1
   5.0015293319277232        3.2026847918550412        23.569215613290105        2.0000000000000000                1
   3.9379927601415412        5.8288361251840008        31.015114569470413        2.0000000000000000                1
   5.3525424167413522        3.3013544614105408        14.993099329891642        2.0000000000000000                1
   3.8811042690450734        3.1360468055182014        10.104793888317325        2.0000000000000000                1
   5.4515190643563374        5.4696862409076052        37.955311985281114        2.0000000000000000                1
   3.4010276066200706        3.5183101503693974        14.400553085232856        2.0000000000000000                1
   3.6172857622076351        5.6759331505406569        5.8421171823668692        2.0000000000000000                1
   3.1420765377972484        4.1596616220442977        4.4725828042879936        2.0000000000000000                1
   5.2252076492601942        3.2251146363113516        29.135801206252001        2.0000000000000000                1
   5.8614334042909277        5.1190222017693365        2.8258623284613353        2.0000000000000000                1
   4.9989767951654098        3.2529535244822498        37.803108270441172        2.0000000000000000                1
   4.1393661340564947        5.9297493310883489        7.8085121989532658        2.0000000000000000                1
   5.6019061016191749        3.4883445873566825        1.5650754820229886        2.0000000000000000                1
   3.1531510962087252        5.0169119376647853        31.114515475290357        2.0000000000000000                1
   5.6027165839003601        3.4957921435326149        38.640995202432009        2.0000000000000000                1
   4.1978143767302765        3.0524799449260649        24.254672103891387        2.0000000000000000                1
   3.7635880775903692        5.7819158743905295        15.338177293649300        2.0000000000000000                1
   5.8299908696265224        3.9341188748141649        39.546733414048447        2.0000000000000000                1
   3.3412654696486679        3.6155003329323789        2.4826206362366783        2.0000000000000000                1
   3.1238506262142041        4.5518790345237115        1.8948316405590082        2.0000000000000000                1
   5.9616401238136527        4.5434373464210935        27.809023057485568        2.0000000000000000                1
   5.9370645660427828        4.0867530294286727        15.444959275449893        2.0000000000000000                1
   5.0345346975366816        3.1674026074466544        12.926196537518216        2.0000000000000000                1
   3.1768261759149032        4.7725689816134516        38.049633863234902        2.0000000000000000                1
   5.2637319247110685        5.6810786248405787        20.646204844668002        2.0000000000000000                1
   5.8757987345846185        4.8649980773172832        7.3074491225855950E-002   2.0000000000000000                1
   3.0219885522222936        4.7311041442838908        26.405010610999494        2.0000000000000000                1
   3.6166818171504187        3.4178814024451798        5.0701148627503185        2.0000000000000000                1
   3.2401844495145631        3.8399512046761339        9.5145909034751170        2.0000000000000000                1
   3.1698881907246874        3.9521374013235522        6.9779879274460832        2.0000000000000000                1
   5.9617149777442773        4.2236438625625157        23.534625551344313        2.0000000000000000                1
   5.7865407592905722        3.8171031230164130        28.519286275168522        2.0000000000000000                1
   4.9003469797747039        5.9411290709444247        9.7224290826832931        2.0000000000000000                1
   3.0102190138796496        4.4803315694355588        11.518110913287570        2.0000000000000000                1
   3.0826725761961549        4.6701087228837324        35.266791470281781        2.0000000000000000                1
   5.1138049726572001        5.8560022193885120        7.2441593117607797        2.0000000000000000                1
   5.6236902090343328        5.4531666453987064        9.1512351693970206        2.0000000000000000                1
   3.6994340268513324        3.3216758930924644        39.360419004464902        2.0000000000000000                1
   3.0748030513914406        4.8965513880565528        20.939017874993468        2.0000000000000000                1
   4.2224600509513399        3.0342728810956650        30.166584932878425        2.0000000000000000                1
   5.3110685957092461        5.6452084978277641        29.366451099312822        2.0000000000000000                1
   5.9148300311145450        4.3478402857510270        2.0583992121175161        2.0000000000000000                1
   3.2858763906615649        5.3319011152563904        10.868477037496616        2.0000000000000000                1
   4.0320086815883913        3.1261376511056920        34.402912675127730        2.0000000000000000                1
   5.5068303722635541        5.5996571512795619        1.9645621084708742        2.0000000000000000                1
   3.0909426675596161        4.0893799347788562        37.237400264937357        2.0000000000000000                1
   4.9388533149001956        3.0709280269654684        33.781970436388562        2.0000000000000000                1
   3.3889185182218324        5.4879778161025827        8.3127853774010863        2.0000000000000000                1
   3.4947294078764304        3.4337671874633280        35.222430879083603        2.0000000000000000                1
   5.7173286492871345        3.7476423429383994        20.032187278007758        2.0000000000000000                1
   5.9412979840929321        4.1639917789939487        32.244052475524001        2.0000000000000000                1
   3.8493390337572291        3.1859843278466768        27.642673221295372        2.0000000000000000                1
   4.4213571696331915        3.1038516997750984        5.6582650621152313        2.0000000000000000                1
   4.1189192952758136        3.1108582172027766        3.0556461222226621        2.0000000000000000                1
   3.0250427012157566        4.6435668413601778        8.9227232133572318        2.0000000000000000                1
   5.4649603651809811        5.6061407477553331        14.172461893236649        2.0000000000000000                1
   4.2630795525735525        3.0981114006549761        38.522993586491062        2.0000000000000000                1
   5.9207557118463461        4.6253258263773942        4.8131545439091523        2.0000000000000000                1
   5.1404814247597423        3.1706081098091330        36.701293921958708        2.0000000000000000                1
   4.7410595657283698        3.0603125846530976        26.974821827244853        2.0000000000000000                1
   3.9084902001300521        5.8456488778185092        18.058310228446270        2.0000000000000000                1
   5.5361212915913063        3.4766784949927230        8.6246450266497661        2.0000000000000000                1
   3.1666762016389547        3.8545071577930528        25.883403557625517        2.0000000000000000                1
   5.8743703379491805        3.9175405973121635        13.128098935425610        2.0000000000000000                1
   5.6984013052208464        3.6363700231601053        11.090190336785078        2.0000000000000000                1
   5.3377219080647498        3.4412651908708978        26.209003325909215        2.0000000000000000                1
   3.6334230846821689        3.2819471026525302        22.064894433568675        2.0000000000000000                1
   3.0969331818954120        4.1067413096133878        31.656594509973154        2.0000000000000000                1
   4.3011376793430358        5.9415694306757025        29.035535519539067        2.0000000000000000                1
   5.4944592195678403        3.4595101687138645        32.918781743380869        2.0000000000000000                1
   3.0848930854117445        4.0586044016000233        20.159941662661787        2.0000000000000000                1
   5.8885236788784363        4.8691394518801134        34.358743239548069        2.0000000000000000                1
   4.3461053056015961        3.0288348417998452        21.364229979443785        2.0000000000000000                1
   4.8642548347433667        5.9415818773390567        38.689975768422947        2.0000000000000000                1
   3.0079751771450347        4.5047798582082690        23.532749385160376        2.0000000000000000                1
   4.0240358314835891        5.9112248636743283        36.603123966821009        2.0000000000000000                1
   5.7987786428148986        4.0148825456601722        25.520927993625730        2.0000000000000000                1
   3.1880669860009001        5.2114594343282166        24.255532306765836        2.0000000000000000                1
   5.9081451763003265        4.1376158486660986        18.046424379642232        2.0000000000000000                1
   3.7979963415931470        5.8251402002331618        28.036377277632042        2.0000000000000000                1
   5.9026967581721461        3.9860022725696451        6.7118238363136458        2.0000000000000000                1
   4.0534202690939543        5.8149585725490800        10.357250416712933        2.0000000000000000                1
   3.3010703938278638        3.6717932142784808        28.346027130667647        2.0000000000000000                1
   3.5344462397740073        3.3906625049651344        19.538005502047142        2.0000000000000000                1
   3.1295846280282889        4.8733025486026031        6.3735083369899783        2.0000000000000000                1
   3.0612235956851213        4.1561727888174200        16.426455133034594        2.0000000000000000                1
   4.2482569817691695        3.0378947029705183        18.862274583401256        2.0000000000000000                1
   5.7651096445191587        5.0645131058427451        30.238670134830254        2.0000000000000000                1
   3.0734685126054320        4.0768771506010362        17.609009712227646        2.0000000000000000                1
   3.1222343093104907        3.9888477120634112        36.046616122888125        2.0000000000000000                1
   4.7839473619990214        5.9629285060603667        35.813404933932681        2.0000000000000000                1
   3.3569518476891567        5.4132273601712617        27.199351790282904        2.0000000000000000                1
   3.6091677932013262        3.2984601616650306        16.729838666853649        2.0000000000000000                1
   5.9761862414481648        4.7476615855471538        24.682681747270667        2.0000000000000000                1
   5.6926372689002154        5.3050622884330441        27.178776721274069        2.0000000000000000                1
   3.8560552528355330        3.1994307506892050       0.56833618517049800        2.0000000000000000                1
   5.2147824425564746        3.2338655414218325        20.803916910416216        2.0000000000000000                1
   3.4215759848408078        5.5127132850849989        37.307777589943605        2.0000000000000000                1
   5.1880959817562031        5.7465929458177474        26.388514976074614        2.0000000000000000                1
   5.9723704963715498        4.3760877724898286        9.0857361325588055        2.0000000000000000                1
   3.2188273285215891        5.2236255095956974        13.365929808081910        2.0000000000000000                1
   3.8095978606711256        4.9792173218377096        33.322527019707010        2.0000000000000000                1
   5.7761183528110873        5.2680204400243911        3.9533394427471662        2.0000000000000000                1
   4.6437007744650680        3.1393223454117218        8.2261670662186290        2.0000000000000000                1
   4.1204913731998252        5.8625973446471162        22.391375046545942        2.0000000000000000                1
   3.9735518071567970        5.8818097910789708        33.913961697580085        2.0000000000000000                1
   5.5491211959994748        5.3956596162555224        23.955412745949719        2.0000000000000000                1
   3.7097975145679376        3.2341958488998954        7.5372974786086804        2.0000000000000000                1
   4.7472578979699973        5.9649757964665646        12.290344136266787        2.0000000000000000                1
   5.6390775440713208        5.4137949933107281        32.333915345354150        2.0000000000000000                1
   5.8459781175466494        5.0856033551530571        21.533615622130878        2.0000000000000000                1
   5.8122323582142155        4.9695110489806833        16.062222735389120        2.0000000000000000                1
   4.3123812474390801        3.0125161108147100        32.879362292949970        2.0000000000000000                1
   4.8744816947639871        5.9444083245539634        23.209676115637922        2.0000000000000000                1
   3.5494045516962727        3.3489616928481429        32.185009440762485        2.0000000000000000                1
   3.2550047692189397        5.3027448418042313        4.0480084591550280E-002   2.0000000000000000                1
   3.0114400138155779        4.3442040964063873        29.164040687354113        2.0000000000000000                1
   5.0324802519252962        3.1666212784954939        30.763906354493621        2.0000000000000000                1
   3.9022142720018254        5.6383591668815924        19.117403509177873        2.0000000000000000                1
   4.5513170562631169        5.9955384778455612        17.233299420268146        2.0000000000000000                1
   3.3162816435564837        3.5974497103388434        11.969216398432073        2.0000000000000000                1
   5.9331773140710791        4.3536244584493078        19.197738458012150        2.0000000000000000                1
   5.8170726609667067        5.1909374665734722        6.8848563826069817        2.0000000000000000                1
   5.8261590441319324        5.1536211810358763        18.607183019951965        2.0000000000000000                1
   3.2463663467314601        5.2408606852631801        2.6997365895181682        2.0000000000000000                1
   5.3344870982017314        3.2844254221825935        6.2637023962538150        2.0000000000000000                1
   3.0170568337992072        4.3307726532739288        13.942729938829046        2.0000000000000000                1
   3.1317175257382188        3.9234934150207854        22.724855786386485        2.0000000000000000                1
   4.6082037878252153        5.9955743732976039        14.806652599692024        2.0000000000000000                1
   3.5233744323021292        5.5543179095021395        21.632515381761905        2.0000000000000000                1
   3.1742342904915257        5.0407522795113300        3.9724356385486015        2.0000000000000000                1
