     1000000
           1
  0.10000000149011612     
   4.9112768122055286        7.1458189722002059        30.302593329934268        2.0000000000000000                1
   6.1259585731433397        5.9638533675635745        13.346365143788796        2.0000000000000000                1
   6.6120723161170014        3.0335233886679713       0.63203999421021284        2.0000000000000000                1
   9.6905452127749907        7.7558140631567021        36.770233829633248        2.0000000000000000                1
   6.6346489296746709        9.9351402403212248       0.91479252997248617        2.0000000000000000                1
   3.1585239085092982        5.6258472471590837        3.7132811135726502        2.0000000000000000                1
   9.5768905093097310        4.8322522661960825        38.726038112025094        2.0000000000000000                1
   4.4205902365101855        3.7056785231047256        12.295284275980817        2.0000000000000000                1
   6.6914179720064055        3.1135107525262411        26.111962402978524        2.0000000000000000                1
   7.9556841760402062        6.2152353154198527        1.7572155848367164        2.0000000000000000                1
   3.7316610950852307        8.4295639039134471        8.5855340864415535        2.0000000000000000                1
   3.6188558968347571        5.0300430868758514       0.91378279317215594        2.0000000000000000                1
   3.6178238129065159        4.5916472090518399        13.972189027333984        2.0000000000000000                1
   8.9059856363989809        4.2208837719506995        30.013197054452462        2.0000000000000000                1
   8.7128612918984238        4.0387220774727037        32.091375416266963        2.0000000000000000                1
   5.2956691233684872        5.3417771436420560        6.9776788358348263        2.0000000000000000                1
   8.9492708750386303        4.0646029332672287        34.140407985583188        2.0000000000000000                1
   8.5547667770822304        3.8795954237799606        13.301699007073372        2.0000000000000000                1
   9.9832858984263169        6.8307079513504316        19.576783551589244        2.0000000000000000                1
   8.9461047418941764        8.9124892669032789        38.785324077190900        2.0000000000000000                1
   5.2683506191804561        3.2351813387927746        36.657336240652903        2.0000000000000000                1
   7.5604809725380662        9.7765969619054935        18.586092353511720        2.0000000000000000                1
   9.3452042782479854        4.4985263786609524        17.776686126473734        2.0000000000000000                1
   5.2125315222053370        5.1765535655218020        33.190002366038371        2.0000000000000000                1
   6.5768158587642054        3.0569357237383983        23.005704249053185        2.0000000000000000                1
   7.7581619750134809        9.7396952304440347        14.314545029074377        2.0000000000000000                1
   3.7991138926917460        4.4072982732949972        21.117094058173837        2.0000000000000000                1
   7.1135346008065232        9.8788527927089049        5.3221409812125877        2.0000000000000000                1
