     1000000
           1
  0.10000000149011612     
   5.5516929490690181        5.0689236592045477        19.393580650400970        2.0000000000000000                1
   3.4717230667329204        7.9449255600381363        6.0077512287394752        2.0000000000000000                1
   7.7847244460587035        7.6389545147284776        12.237564872143899        2.0000000000000000                1
   5.4916592918693539        9.7778714974580563        10.532476659744818        2.0000000000000000                1
   3.9676201796417838        8.8530206419675803        28.290701534994490        2.0000000000000000                1
   4.0173522396043451        4.1876295967598853        2.6204031271333474        2.0000000000000000                1
   3.2972469104011251        5.1858017112489039        4.3566545604862403        2.0000000000000000                1
   9.8729611069009859        5.9586279352298384        21.997176040822300        2.0000000000000000                1
   5.9220515171658707        9.9400756295314885        25.619919395444295        2.0000000000000000                1
   5.6982071387546389        3.1038228067521958        4.6441972384653472        2.0000000000000000                1
   4.9289598097392355        6.6210976433572819        36.066552061624378        2.0000000000000000                1
   8.1106463407551779        6.7880975069593577        16.857291021259634        2.0000000000000000                1
   3.1634207546133863        5.9600086791362141        1.9789326855563174        2.0000000000000000                1
   3.4999488535384877        8.1884968432177860        32.811903558525159        2.0000000000000000                1
   6.9313203209428593        3.0430421504702121        31.938333598362568        2.0000000000000000                1
   6.6636282779500471        9.9479723571933931        27.962651151556564        2.0000000000000000                1
   8.8443277646668630        7.3561641729455589        3.3324750425549206        2.0000000000000000                1
   6.5585699824208756        9.9482355073772890        14.558267219190213        2.0000000000000000                1
   3.9992296669153133        4.1680643759208023        6.7059778650911825        2.0000000000000000                1
   7.1821886952939842        9.9195974439521990        21.197171865793564        2.0000000000000000                1
   9.3166942970426803        4.4938764891132443        19.327567711659455        2.0000000000000000                1
   9.6292989023792153        5.0356414135730931        1.7677308751508227        2.0000000000000000                1
   5.1911392302202488        5.4065956891913443        10.140498296117460        2.0000000000000000                1
   5.0887839481556787        7.6667547371238207        29.547990983176057        2.0000000000000000                1
   3.0969777769684708        6.9284835862690715        1.6226953700438813        2.0000000000000000                1
   5.7664116113521295        6.5938286327354323        27.701984403179516        2.0000000000000000                1
   7.5766545214265637        3.2109532530438130        14.524656521072616        2.0000000000000000                1
   4.4474399322765406        9.2600608515699836        37.118532187567055        2.0000000000000000                1
   5.2788966284104992        7.5355956151595453        9.4124805719641973        2.0000000000000000                1
   7.7781765437499235        7.3652527418805418        32.668200190402843        2.0000000000000000                1
   7.2489249372752669        9.8687084006758958        37.963255141140309        2.0000000000000000                1
   4.3932290082834156        9.1494016356731844        10.622695568641536        2.0000000000000000                1
   8.3065678555052855        3.7254412930514964        36.880494163788910        2.0000000000000000                1
   9.8597995299285888        5.5740483385408925        4.0514619547338304        2.0000000000000000                1
   6.8496584703340790        3.1166055482709734        34.108444890385108        2.0000000000000000                1
   5.7398804934745948        3.1298693197667307        7.1704703432527408        2.0000000000000000                1
   4.8418047449731763        9.0010312421816092        27.625376631415676        2.0000000000000000                1
   6.1546689663611831        8.9121914927884838        12.320890161873407        2.0000000000000000                1
   8.0960971838570543        6.7578124727882711        14.635476752493389        2.0000000000000000                1
   3.3473840759954401        5.4131148824526809        10.917005371756595        2.0000000000000000                1
   4.7743105165269446        6.5097060873393549        29.819733155559028        2.0000000000000000                1
   6.2275547088969780        3.1294275608533222        12.080022717969470        2.0000000000000000                1
   8.1541606135239704        3.5243273842920870        1.3265008352973420        2.0000000000000000                1
   7.7169360889084491        3.5323709749742829        34.404348963847575        2.0000000000000000                1
   3.5508695559641952        4.9100945199797765        15.769683197076825        2.0000000000000000                1
   8.0701301349112509        6.6190792577641755        12.474591949638949        2.0000000000000000                1
   9.7290986762307625        5.3462608224550578        11.763147398965165        2.0000000000000000                1
   6.7983244426359652        7.9932728952238383        3.6682254577396316        2.0000000000000000                1
   8.3324885639890649        9.0586360966637773        23.836142322850023        2.0000000000000000                1
   4.6991663618780741        3.5595433615702512        31.589522191304656        2.0000000000000000                1
   9.3211082436385038        8.5607355820643249        15.818352055882345        2.0000000000000000                1
   3.1176712354667084        5.8535004833615689        19.900159976175409        2.0000000000000000                1
   4.0660653996252440        3.9864703967959998        20.493555725221352        2.0000000000000000                1
   6.6059558957896636        5.4865422824655496        8.4554702815066349        2.0000000000000000                1
   4.9854557080133057        3.3467862452242101        9.3644780445840805        2.0000000000000000                1
   6.6529594249601169        8.0724049368422790        20.181973832333451        2.0000000000000000                1
   7.5735343439879221        3.2662211371421104        19.325354666430211        2.0000000000000000                1
   5.5371867173546736        5.3598015490008208        32.616223836147313        2.0000000000000000                1
   6.7363092674534997        8.9402335753622157        33.926032825706166        2.0000000000000000                1
   9.0466712668317850        8.5155502528061771        9.1313259743823796        2.0000000000000000                1
   9.7928982956538011        5.9857518207793241        30.645225010714586        2.0000000000000000                1
   5.0973535803550174        9.6979863816901499        4.1592050165735159        2.0000000000000000                1
   5.6321301940201458        3.1402163991947800        18.612228449152873        2.0000000000000000                1
   8.7395925416665055        9.1154383562262300        34.137036063391086        2.0000000000000000                1
   5.3226728643765435        9.7553479359409163        37.277265325485828        2.0000000000000000                1
   6.8184053199332437        5.0843697137201573        14.686650212758281        2.0000000000000000                1
   6.3233713456034142        7.3895290688004929        9.3418554644085603        2.0000000000000000                1
   3.5276577967363947        8.2340458496777238        12.386326466777744        2.0000000000000000                1
   8.4139937941321179        9.3210369566650364        32.138687542355086        2.0000000000000000                1
   9.5102408106481899        8.1773300285261978        17.777367640923917        2.0000000000000000                1
   8.8442060673029559        3.9130465373465779        30.423911110082997        2.0000000000000000                1
   3.7433849195108313        8.4073341113591802        18.182237259268497        2.0000000000000000                1
   7.3891875606733777        5.0010060193856836        20.504652433935899        2.0000000000000000                1
   9.9880793814471325        6.7710893105055758        9.4992601454644081        2.0000000000000000                1
   9.4999341819956467        8.2666483514407680        26.534701247814777        2.0000000000000000                1
   3.0785899626078419        7.0007064654726303        30.819445552941051        2.0000000000000000                1
   3.0204622987480794        6.2798286692452159        10.260483577675918        2.0000000000000000                1
   7.3388135336343874        3.3055922833213289        12.484085195947987        2.0000000000000000                1
   8.8724916991342244        3.9942482555807586        21.551301536613902        2.0000000000000000                1
   7.3014310200683141        3.2224072635692687        25.559244772605968        2.0000000000000000                1
   5.3089484512270264        5.5127027585152915        1.3027383741825944        2.0000000000000000                1
   4.8369871775208395        6.2431700712086764        38.448066153157576        2.0000000000000000                1
   7.5092110540912236        3.3389362964779310        38.696475529918267        2.0000000000000000                1
   4.2713811134665676        3.8191317718328457        22.690391681035873        2.0000000000000000                1
