     1000000
           1
  0.10000000149011612     
   7.3428025052260821        11.046741829970621        31.963559135875080        3.5000000000000000                1
   5.6030697770824407        9.6082081544644229        11.853390483950790        3.5000000000000000                1
   5.5430818212737449        6.9697614176239195        33.027515554368449        3.5000000000000000                1
   10.330100031089332        10.358431660652522        9.0296945600322100        3.5000000000000000                1
   7.5658346068328060        11.167969807863582        27.369981745337668        3.5000000000000000                1
   11.242832131487985        8.3612368643261039        33.979172195324956        3.5000000000000000                1
   5.4024633580009462        7.5058672357195286        2.9855975144994336        3.5000000000000000                1
   6.1549120408762139        7.7666914541166694        39.354787901898760        3.5000000000000000                1
   5.5690135159347793        7.0645706755850064        29.349528448227424        3.5000000000000000                1
   9.5466996943229443        6.5213409765948063        16.494899848071555        3.5000000000000000                1
   10.486759395509653        6.2966746038878902        10.871218219804719        3.5000000000000000                1
   8.3971983561953820        11.093183537359515        26.149604867677024        3.5000000000000000                1
   8.0628762751848839        10.238507048992023        5.5433641792945298        3.5000000000000000                1
   7.5400309351423704        5.3982019244501638        26.815557272960941        3.5000000000000000                1
   8.0934914683021759        5.2971021678806629        31.192343610275753        3.5000000000000000                1
   8.0603053881247941        10.157210917520235        26.579208408596507        3.5000000000000000                1
   7.9452254840474392        11.043540623056904        25.228451551312556        3.5000000000000000                1
   8.1981841613171049        11.122271662523087        36.420970904080399        3.5000000000000000                1
   9.8665592655172905        5.7804070247082846        6.6839546509338934        3.5000000000000000                1
   8.8480540281000728        5.3970249314095016        25.662678047887873        3.5000000000000000                1
   8.3296765587702026        11.211925468646239        21.574965061314305        3.5000000000000000                1
   6.0078767050814239        10.215556189929638        11.062895529070268        3.5000000000000000                1
   7.2219095131229594        10.943662187697111       0.86010250643515418        3.5000000000000000                1
   5.7965361043393315        6.5924393248726298        13.938981725187530        3.5000000000000000                1
   11.077686878210148        9.1108645589359334        33.263791286075879        3.5000000000000000                1
   7.1879808678358206        10.067049492890192        16.366325277286030        3.5000000000000000                1
   6.4761288771890966        7.2679334127270749        14.348649494400858        3.5000000000000000                1
   7.5105693934514859        11.142375949369068        37.178222347537186        3.5000000000000000                1
   6.8087738632327763        6.5566038869666450        13.611344435151484        3.5000000000000000                1
   5.3767433808097564        8.7148881910800657        2.9719261071810910        3.5000000000000000                1
   6.8916346101694428        10.913813838189100        36.205518079794352        3.5000000000000000                1
   9.2209601885300341        5.6099168566245989        1.6674165127296889        3.5000000000000000                1
   5.8279485785075096        6.5526834874681574        8.4801459307103038        3.5000000000000000                1
   6.7674163446181588        10.813866032545643        5.4820463492513136        3.5000000000000000                1
   8.4274700672466256        11.180492647937562        31.946651555888305        3.5000000000000000                1
   5.2699470971857636        8.2280155003618027        39.454625838848827        3.5000000000000000                1
   8.0027192879711055        11.196980589950531        6.2979113438913794        3.5000000000000000                1
   5.5610513724282695        7.1583026693817198        7.5595072364914984        3.5000000000000000                1
   9.9638281618565507        5.7936393565278408        36.102295324172132        3.5000000000000000                1
   8.1207638249438148        5.2617596648752230        21.245968195319833        3.5000000000000000                1
   7.8512845623176739        5.3288975182699048        25.865039631351689        3.5000000000000000                1
   5.3901889712415922        9.1205785323837780        29.617512990295030        3.5000000000000000                1
   10.407792593398272        8.3794009651792170        3.7155078549511567        3.5000000000000000                1
   5.5424653669057227        7.0112280690201914        19.631844325432766        3.5000000000000000                1
   8.2847278454171960        6.2801688205130812        26.541546444778188        3.5000000000000000                1
   5.8769930902628493        6.4213845663736073        38.455425130614216        3.5000000000000000                1
   10.031097981942139        5.8432616417126706       0.73882141171411897        3.5000000000000000                1
   10.097932944910154        10.599002374054869        18.543785385964050        3.5000000000000000                1
   9.6694947647717129        10.888078410066507        13.435325540147206        3.5000000000000000                1
   5.3744547086217827        7.4859419503529185        38.504147691381391        3.5000000000000000                1
   6.2187999253279624        6.0665500071889475        9.2646325481959000        3.5000000000000000                1
   8.0955401409033598        10.219906459017064       0.94893772543287058        3.5000000000000000                1
   9.0002454104661709        5.4366790732044699        20.763633834258076        3.5000000000000000                1
   10.992146479846976        9.1250493722310324        7.3416093739343156        3.5000000000000000                1
   9.1993208450287263        5.5262457950913477        31.159268462710969        3.5000000000000000                1
   8.5756013317054958        5.4320249682707020        30.178824632040929        3.5000000000000000                1
   6.9834398564636251        10.042734130605462        10.880411739687014        3.5000000000000000                1
   5.3765104216680086        7.5303436627624993        33.894641081245886        3.5000000000000000                1
   11.169610579194655        7.7231090298616820        3.7346091877771719        3.5000000000000000                1
   8.4128157766857701        11.191966790006928       0.57011804530689236        3.5000000000000000                1
   10.199834524257470        8.7188984755781149        34.157481965129676        3.5000000000000000                1
   11.160510392361353        7.6043933028202515        33.324930855690774        3.5000000000000000                1
   6.1277447486146954        10.349022643111152        16.623760453878667        3.5000000000000000                1
   11.148514873638325        7.5503894022746660        28.837131974433031        3.5000000000000000                1
   11.224725350664228        8.4150215093578282        4.6135767638953213        3.5000000000000000                1
   6.5551984773171608        10.663697832557620        37.169587943166945        3.5000000000000000                1
   9.4671214661754064        6.5513382188846752        11.121290403564341        3.5000000000000000                1
   6.5908234294903494        10.562972905260938        20.943942395822372        3.5000000000000000                1
   5.3935118554799297        7.3442012059696857        4.8721662958967844        3.5000000000000000                1
   8.8175195669073272        5.3804450244931310        10.361095413852265        3.5000000000000000                1
   6.3158439378189017        7.6467628420318281        3.9083267836207884        3.5000000000000000                1
   10.796793228481773        9.7795047630496814        38.413647127230433        3.5000000000000000                1
   11.010393863729966        9.3038601435256876        18.203919624648023        3.5000000000000000                1
   11.193094343416409        8.7762448297975162        19.067566632838300        3.5000000000000000                1
   5.6746690732421277        6.7418023325520684        39.393385819236727        3.5000000000000000                1
   5.3441858858262323        8.8129930080715706        33.855275114308029        3.5000000000000000                1
   9.0556978028772797        6.3269718343603651       0.85674208059564494        3.5000000000000000                1
   10.029721192576185        9.2832236701714308        39.185592939357100        3.5000000000000000                1
   5.3109360015632019        7.7411030119562172        28.555648149670166        3.5000000000000000                1
   6.3762446950269380        5.9561184475826847        14.464195022051205        3.5000000000000000                1
   8.4457345209111541        5.4233514579551780        27.670974438856476        3.5000000000000000                1
   10.240721549834511        8.8022861007504947        29.379035913681705        3.5000000000000000                1
   5.3697809408121504        7.5755097777533438        18.778096563309603        3.5000000000000000                1
   11.025502238833434        9.1552745161506870        22.688909740571354        3.5000000000000000                1
   7.7733309355572286        11.177185619194406        1.6968107182490078        3.5000000000000000                1
   9.6666622028353064        5.8982298902642656        32.041372718040144        3.5000000000000000                1
   8.4515577293021575        5.2617090030889022        36.338605296804452        3.5000000000000000                1
   7.5706114925525263        5.3655152807263047        32.044590439383846        3.5000000000000000                1
   10.729793222878907        6.6437157250107797        11.778108216488391        3.5000000000000000                1
   8.8871144049487487        5.3315427987449882        39.943630410359830        3.5000000000000000                1
   5.2867667217211265        8.0052967170634037        25.047611925391166        3.5000000000000000                1
   6.8872675808068458        9.7929313558874149        15.444168855472297        3.5000000000000000                1
   6.9516567287868760        10.925314512319312        31.018740080229595        3.5000000000000000                1
   7.4581532706336739        11.119088979351801        20.885200345731345        3.5000000000000000                1
   9.4901279266140239        5.5298669807599135        26.429983600566494        3.5000000000000000                1
   5.3049610453291738        8.3748882454043230        19.549421756431745        3.5000000000000000                1
   6.4573326400633366        10.619977409066284        11.987581368565154        3.5000000000000000                1
   7.2176155533410888        11.047266638612420        10.763813007314331        3.5000000000000000                1
   5.5952178571335063        7.0248232900506116        17.766483589811831        3.5000000000000000                1
   5.5489752912339414        7.3487140426238931        13.303543623048768        3.5000000000000000                1
   11.104143524134216        9.0100034154686952        39.346012080699225        3.5000000000000000                1
   6.1432901091292837        8.2312011922300439        28.835094060555331        3.5000000000000000                1
   6.3931043883175507        10.388791325395797        6.4074554724014998        3.5000000000000000                1
   9.3246173621513453        6.4449981748171297        5.2615373154968585        3.5000000000000000                1
   11.187221482486846        8.8151183507998656        28.828125852880842        3.5000000000000000                1
   8.8722194970784543        6.3456307709412432        21.216189371335744        3.5000000000000000                1
   10.549865066725866        10.113942305173737        17.694442221648742        3.5000000000000000                1
   8.5755757656612186        11.225227130873067        27.211942819658841        3.5000000000000000                1
   8.0986464363802391        5.2691624042551402        5.9408254963443685        3.5000000000000000                1
   10.215406932712940        10.323491253340524        14.174364495251890        3.5000000000000000                1
   11.169088720304641        8.3524279999572624        25.079803221447996        3.5000000000000000                1
   11.080303815622065        8.9858321078720191        24.184158317937648        3.5000000000000000                1
   10.876579864576058        6.9179371422068385        15.534220146294158        3.5000000000000000                1
   11.027474675595009        9.3427465928747697        8.9539263045523381        3.5000000000000000                1
   7.3646219296493678        10.072551079948765        6.2602551065266461        3.5000000000000000                1
   5.5607119751517446        6.9613588771806008        3.9427723704568187        3.5000000000000000                1
   6.9653061921355022        5.5607536039735761        13.687790016190430        3.5000000000000000                1
   10.903093815107361        9.6300955702672546        29.459296159233684        3.5000000000000000                1
   6.1448035653354962        8.1920988881937600        33.831138768323029        3.5000000000000000                1
   5.2718580370888342        8.3190810626031979        27.701836134285667        3.5000000000000000                1
   10.777413452786856        9.8271006209987171        13.501559721778051        3.5000000000000000                1
   11.118542871898438        7.7136381389173030        24.155478244326105        3.5000000000000000                1
   9.0556084989229877        5.3877355828421889        35.538543885470247        3.5000000000000000                1
   7.4278223453353664        11.101495977451812        16.255817955119436        3.5000000000000000                1
   10.400705364113840        8.7820335181098041        38.375945702595033        3.5000000000000000                1
   8.8563069793800544        5.5059254171733576        6.8470042614882853        3.5000000000000000                1
   5.8851877530870569        9.8634551441731819        15.733818053820015        3.5000000000000000                1
   8.7023684346469956        11.198134090924551        5.5382036613913508        3.5000000000000000                1
   8.7770747036356980        11.051980974196466        1.9488085071551413        3.5000000000000000                1
   9.4926864432400020        5.5301349564280544        11.182136789018166        3.5000000000000000                1
   10.999593592340560        9.4182452973023896        12.525968690989354        3.5000000000000000                1
   9.9104779436428956        9.0413484428260364        18.901705739255931        3.5000000000000000                1
   9.9550739081405109        5.9957757809581445        15.489109364313762        3.5000000000000000                1
   6.7904692730125715        10.848897282225627        17.186633689060862        3.5000000000000000                1
   8.6699522241265257        6.1574013561771839        6.0316711001821695        3.5000000000000000                1
   10.892563841513180        9.0428066062974750        34.879339157063541        3.5000000000000000                1
   11.246870532418797        8.2290623010751283        38.381192146542176        3.5000000000000000                1
   6.2392898476688767        7.7006493845361952        23.429281781941722        3.5000000000000000                1
   5.3423353708691801        8.0722429579383057        23.067106121018575        3.5000000000000000                1
   6.4438847423499928        7.1385487707935846        12.868062566364308        3.5000000000000000                1
   10.565690125321666        6.3516111488287121        16.362560171824622        3.5000000000000000                1
   9.4229643542937875        5.4977229536672327        19.859248781408795        3.5000000000000000                1
   11.229799763036883        8.1571934628278573        27.963438089521727        3.5000000000000000                1
   7.0871904052224757        11.014318623613338        6.7843099780245382        3.5000000000000000                1
   5.7604576951513335        6.6319739744245991        24.032178747420687        3.5000000000000000                1
   9.2684174043188641        11.066146380292995        30.984717793490063        3.5000000000000000                1
   7.2742760563578077        10.910386990760134        26.413995235287587        3.5000000000000000                1
   10.987711898135872        8.4717836465936891        2.8583085873385028        3.5000000000000000                1
   7.8641909593040813        5.2815277326428127        1.7019952963643747        3.5000000000000000                1
   5.2874021039514503        8.6158317759039988        23.908711811813010        3.5000000000000000                1
   7.6916898800891582        11.172022681090972        5.2793418333789823        3.5000000000000000                1
   10.178494646078352        8.8870154898409659        23.553165954223427        3.5000000000000000                1
   10.085169408718825        9.2366592040246118        14.050741523954379        3.5000000000000000                1
   5.7729628358610103        7.0388192830145755        9.3918443704441632        3.5000000000000000                1
   7.7474625836789759        10.198746513525537        36.472673065261816        3.5000000000000000                1
   7.9106947190878865        11.230674674813846        30.939563502081853        3.5000000000000000                1
   5.5226122209496973        7.0510464964942692        23.149090926522245        3.5000000000000000                1
   6.3902880372582693        7.5625660904541583        34.577072178960400        3.5000000000000000                1
   10.747718655648757        9.7694314826878195        34.186436929023102        3.5000000000000000                1
   5.4249975734849336        8.1038985038735127        33.032480146431837        3.5000000000000000                1
   11.075969948825852        9.1466107075163769        14.233640809490526        3.5000000000000000                1
   11.135852815355598        8.3510484791091972        23.298289076723119        3.5000000000000000                1
   9.6290624931235289        9.8538309442339624        13.265814574884901        3.5000000000000000                1
   7.7065605839293800        10.919858964093649        35.485202465891120        3.5000000000000000                1
   10.986399117100108        9.2998004607463987        19.918697280253124        3.5000000000000000                1
   5.3068836536845003        8.5277815745543162        38.362222356679901        3.5000000000000000                1
   9.5352717661830226        5.6270155734833907        21.660436048036232        3.5000000000000000                1
   10.805281882988703        9.8061367739422156        8.0573884195371832        3.5000000000000000                1
   5.3106880898955549        7.9197123692685292        34.877130589008161        3.5000000000000000                1
   7.9825529930560801        10.291298971380247        31.665888565090619        3.5000000000000000                1
   10.417966423298269        10.257961821352126        12.670652663124184        3.5000000000000000                1
   7.5860035010783529        10.194117144592271        1.8244807566598487        3.5000000000000000                1
   9.3329205591661513        5.5125189714652603        37.164144580387763        3.5000000000000000                1
   9.9153016643450602        5.8716509511926942        20.760972678943222        3.5000000000000000                1
   11.218496967084189        8.6365120495143870        8.2367231876916946        3.5000000000000000                1
   9.0332648140120249        6.1626598763068783        36.444151872603236        3.5000000000000000                1
   5.3441244293940944        7.7826303945861310        8.5052766233549200        3.5000000000000000                1
   10.086346840290252        5.8919551346442010        11.990628582369821        3.5000000000000000                1
   10.258382314078871        8.3724890256546178        24.472309855850892        3.5000000000000000                1
   9.4044724060347811        5.5298924231718045        16.253065953167109        3.5000000000000000                1
   5.4125924220508992        8.0643985653443622        29.518639357914122        3.5000000000000000                1
   6.5178292424929491        6.9802425226253400        18.205485694887699        3.5000000000000000                1
   9.7181809453724757        5.9598432704079638        10.222025946370811        3.5000000000000000                1
   11.124609257206716        9.1044591668180015        3.8195846299095528        3.5000000000000000                1
   6.4254720368429572        10.625006174335029        10.250620130165270        3.5000000000000000                1
   10.419181224413142        8.2809511960745166        33.220831442596776        3.5000000000000000                1
   10.375159385653156        8.2178686042384452        28.577928047690730        3.5000000000000000                1
   7.8312267380619378        11.216155220476654        32.822418743589857        3.5000000000000000                1
   10.173565600321258        8.9893189667924300        8.0860039878089882        3.5000000000000000                1
   6.7012316549414290        10.782987544082967        15.550567388680133        3.5000000000000000                1
   6.1126069876831979        8.1798787473015278        24.299171160522747        3.5000000000000000                1
   7.5616342888479720        11.132815592192564        22.656971943416352        3.5000000000000000                1
   10.791388855569217        9.7651294700202715        23.608274728700732        3.5000000000000000                1
   7.7047792497138898        5.3624500016735173        35.659183785894520        3.5000000000000000                1
   8.5117747356474602        10.444922265256459        30.735510278272795        3.5000000000000000                1
   11.246786185552113        8.2854755122319013        29.740900857888338        3.5000000000000000                1
   6.2911501583472598        7.5434615854815714        19.167922880873441        3.5000000000000000                1
   8.5321540910854221        5.3077342880866292        26.672189513919221        3.5000000000000000                1
   5.6381447493105812        6.8583995356965755        34.820655022372435        3.5000000000000000                1
   10.920386565576477        9.5908344294717001        2.9534442038613768        3.5000000000000000                1
   10.677995731534375        9.7815458986782744        19.075007994582698        3.5000000000000000                1
   11.122599296863656        8.9879598689640776        37.709437738181286        3.5000000000000000                1
   9.4121717699388565        5.4931929245167446        5.7843601858240037        3.5000000000000000                1
   8.2126223764981887        11.246060779031273        10.115929276903938        3.5000000000000000                1
   5.3304606718639054        8.7878990740824978        28.641041358597299        3.5000000000000000                1
   6.3739387171519191        7.3123886444281387        38.467583022613837        3.5000000000000000                1
   6.3242557168085787        5.9647022643334431        18.114017981957101        3.5000000000000000                1
   6.6252215045076275        10.563619389312739        1.7374793507122537        3.5000000000000000                1
   8.6775807141504817        5.3122860154682092        5.1168107819425170        3.5000000000000000                1
   7.0279305888020245        10.933724478806981        21.831347289551641        3.5000000000000000                1
   9.8212577093092950        5.8052057529666801        17.259872304984697        3.5000000000000000                1
   8.4784511875388855        6.2403432873876490        31.121052940206564        3.5000000000000000                1
   5.3467400302556998        7.5677922380232481        24.086639069622837        3.5000000000000000                1
   6.1223149819589171        6.6717906286886581        3.1288522205867459        3.5000000000000000                1
   6.4186972322543241        6.0231803600851173        12.828824702531969        3.5000000000000000                1
   5.7927232449264094        6.5339805288768646        18.755770396342005        3.5000000000000000                1
   6.4019772800010450        7.4585325718198145        8.5066085894400434        3.5000000000000000                1
   9.3344621190301389        11.032523936744731        26.562591483962763        3.5000000000000000                1
   7.6914723742584385        10.258368830625923        21.497698550281871        3.5000000000000000                1
   8.5378590157320655        5.3220677939474639       0.89657673042171926        3.5000000000000000                1
   9.9154497051139501        9.3511458063566515        9.0415310529514450        3.5000000000000000                1
   11.176274519232098        7.9975822318906058        39.353967805315058        3.5000000000000000                1
   5.3460262697424170        7.9976401978893739        3.9165304264481522        3.5000000000000000                1
   8.7493870853618052        5.3325958771147359        32.043497913137394        3.5000000000000000                1
   9.7542816716560381        7.1176402832972734        15.621438524595712        3.5000000000000000                1
   8.6725715547921052        5.3518533794077694        22.098546962232188        3.5000000000000000                1
