     1000000
           1
  0.10000000149011612     
   7.5580180856732886        3.1663855427979879        9.4990393812341321        2.0000000000000000                1
   6.8926611892108012        5.1109314591842248        27.210942531246310        2.0000000000000000                1
   6.8077353316242801        3.0863307163343752        37.267599330777429        2.0000000000000000                1
   5.5389089140809062        7.9061125753193968        19.768017748059826        2.0000000000000000                1
   4.0412040303141792        4.0438884698132060        11.114316734202957        2.0000000000000000                1
   7.8792937404650036        5.9026696546578394        19.636060698637291        2.0000000000000000                1
   3.1388960256535103        6.3901803818746297        4.8330684820235845        2.0000000000000000                1
   9.8882910088700466        5.7469298470696240        14.202096848045505        2.0000000000000000                1
   4.9557499281596336        7.1707587459887012        4.2702019673149287        2.0000000000000000                1
   5.0132187915167412        5.8446231746051307        23.580466283017380        2.0000000000000000                1
   4.7447427946633400        9.5003809171625111        28.693304230439331        2.0000000000000000                1
   3.7265188695717262        4.4251651106750973        6.8495030424561056        2.0000000000000000                1
   9.0635681995324191        8.5397053491326087        33.212390745840757        2.0000000000000000                1
   9.8954285953428585        7.0580991563051176        26.946409546882208        2.0000000000000000                1
   4.2002620102969717        7.8317592481122453        24.857881877682136        2.0000000000000000                1
   5.0254671045759096        5.8492423879251154        16.921714783226737        2.0000000000000000                1
   9.6674274532468623        7.3654391922580418        3.2257453991382619        2.0000000000000000                1
   7.0696586254961478        4.8565871808286172        7.1171244163289433        2.0000000000000000                1
   7.6392097299046231        3.2333418479065070        12.707726072131111        2.0000000000000000                1
   7.5123874816131151        7.8227057376134495        14.536508512111348        2.0000000000000000                1
   6.8951857328330917        9.9415864988031668        26.779579046810742        2.0000000000000000                1
   3.3363232877096016        5.2274419149067510        33.780188384922113        2.0000000000000000                1
   7.6243936799838306        5.0442516020090915        20.090988497589368        2.0000000000000000                1
   8.8068377539329532        9.1067571623189192        27.026277466559812        2.0000000000000000                1
   3.3032066606077746        5.3518873772115851        6.9945358784943865        2.0000000000000000                1
   5.9186048218018312        7.6673736083873179        29.419824774744779        2.0000000000000000                1
   6.6791822235299092        6.9363838067807837        1.0133747653386300        2.0000000000000000                1
   8.4694245797612382        9.3607270929549991        23.077328531271405        2.0000000000000000                1
   8.9418650073343766        4.0913158052129370        7.9172078491870224        2.0000000000000000                1
   8.2911459014717224        9.4742023976217045        22.018124208093631        2.0000000000000000                1
   6.8703836028094738        5.8669020574368158        11.167290243425931        2.0000000000000000                1
   7.4179963485174945        5.0745569971850975        13.548180587960241        2.0000000000000000                1
   3.4283287531794828        4.8932391314853749        17.773368139842653        2.0000000000000000                1
   3.0102128071636902        6.3555437463626223        13.794615003160422        2.0000000000000000                1
   3.3676695053195842        8.0469462371092533        38.699533745917392        2.0000000000000000                1
   8.2771625757320404        4.0612182254592790        3.0208524366880782        2.0000000000000000                1
   3.4353434653101589        8.1221646425081282        3.2851959874805434        2.0000000000000000                1
   9.9957389845995586        6.5498314292880444        9.5418894883250918        2.0000000000000000                1
   3.3321467731687786        6.6423874931123610        32.114158818126569        2.0000000000000000                1
   8.0301372606179573        5.6314822674152891        37.617704033912638        2.0000000000000000                1
   7.0583974497915563        7.8236516146970363        31.990699440624574        2.0000000000000000                1
   9.8315701417085961        6.5213818128157692        20.505253564353122        2.0000000000000000                1
   3.7660882311797845        8.4869050371991914        30.186328870938947        2.0000000000000000                1
   4.9892577904039648        6.6898280812221014        33.279933677165509        2.0000000000000000                1
   7.1756321220829715        9.8959120966576570        35.199501691758421        2.0000000000000000                1
   3.3581121789071320        7.9630448248503107        25.574954542450392        2.0000000000000000                1
   4.6498135862761600        9.2520701494101978       0.94077029441778581        2.0000000000000000                1
   6.4990389079595587        7.9295422856449740       0.70166269442826534        2.0000000000000000                1
   7.2842750094724869        3.1579079816900246        11.762162131042157        2.0000000000000000                1
   4.7481141041258130        3.5421753275107930        33.390583650302396        2.0000000000000000                1
   9.7912179465152249        7.5298711376663370        20.301996635437487        2.0000000000000000                1
   4.0831473005856864        8.8134190979385068        12.158726650455380        2.0000000000000000                1
   5.4655164504509370        9.7688174127028660        23.202782979095055        2.0000000000000000                1
   7.1550093479195969        9.9058422858741828        15.763559154779260        2.0000000000000000                1
   4.7918736695217410        9.5250887561960944        20.949319101933103        2.0000000000000000                1
   3.3036048546627952        7.5146799972087432        29.977963162701837        2.0000000000000000                1
   8.1551108982825848        6.1936265459183772        33.104122956511610        2.0000000000000000                1
   4.1529924486074972        6.3829129941835756        21.757613577187691        2.0000000000000000                1
   9.5597140891151184        8.1970380161459158        29.177974278095970        2.0000000000000000                1
   4.9284595882534781        6.1428274609780820        10.457578613296818        2.0000000000000000                1
   7.5175365202987310        7.8291948512494454        16.704936137416770        2.0000000000000000                1
   3.1775835981551221        6.0413624824960639        24.390744957257510        2.0000000000000000                1
   6.7539785502422722        6.9693240354014341        7.7390819279751346        2.0000000000000000                1
   3.5385700422507527        8.3376565135086800        27.576024184326940        2.0000000000000000                1
   3.5425813067617247        4.6622192445413040        8.9059808569613121        2.0000000000000000                1
   4.1400161784327532        3.9618459953281002        31.031430184194384        2.0000000000000000                1
   7.6997951331095553        7.2135453711881370        4.2393474474749890        2.0000000000000000                1
   5.6622500381299368        3.1122787704426771        1.7518177542371349        2.0000000000000000                1
   9.4547287099285260        8.3045403100185649        5.8835121669630972        2.0000000000000000                1
   4.6059709466664511        9.3238540582969112        23.524866643982175        2.0000000000000000                1
   9.7765636487948822        6.9296306260822380        24.938686062228513        2.0000000000000000                1
   9.9568228437617616        6.4399013535090441        31.741298850596692        2.0000000000000000                1
   6.1206904706822112        9.9162610659906107        35.006517686924383        2.0000000000000000                1
   4.4432069848442115        3.8285178454149102        16.004839393157614        2.0000000000000000                1
   4.1639149402005478        8.8589363044637466        3.3918966458066757        2.0000000000000000                1
   3.1591805745749406        6.9791721705542074        11.602083259288342        2.0000000000000000                1
   4.5765909122505075        3.7049383291576237        13.048312936027775        2.0000000000000000                1
   7.9337660906625755        3.3687711020820381        23.163963852178824        2.0000000000000000                1
   7.8239049389085906        3.2898889097353439        21.090018705064480        2.0000000000000000                1
   9.3189836518064997        8.4242907395520668        20.159946889962669        2.0000000000000000                1
   6.3808865691588732        9.9643601518354945        1.8255298527172001        2.0000000000000000                1
   9.5693572014881241        7.7617661017186039        22.292443757339885        2.0000000000000000                1
   9.8197827106316975        7.1466681993271299        29.171951748827631        2.0000000000000000                1
   6.2681620065213401        8.0341693534816550        36.085396779847386        2.0000000000000000                1
   7.9535530445244893        6.7729609156025967        35.057420175228401        2.0000000000000000                1
   6.1839161898704749        3.0238443898301348        39.507768434040877        2.0000000000000000                1
   6.6783694536629339        8.0046381417776065        10.263481401042933        2.0000000000000000                1
   7.7174969090840921        3.2764167730666256       0.85323616836755645        2.0000000000000000                1
   4.3771190379653602        9.2495165327719597        16.818455410206177        2.0000000000000000                1
   5.0338193960229596        3.3259658187018761        31.014505930074403        2.0000000000000000                1
   4.7085035460397862        3.8341460220098500        24.049554941732488        2.0000000000000000                1
   6.0420066820167442        6.8466852370007896        37.876778111987640        2.0000000000000000                1
   8.2481481905322518        3.4769513290955465        27.563944105366851        2.0000000000000000                1
   3.0352642658229785        6.0989989684696617        19.937091560272833        2.0000000000000000                1
   7.6467257331964760        5.2446940676873286        22.149805842442966        2.0000000000000000                1
   7.4223604612259297        7.7031251906475475        12.112402498125148        2.0000000000000000                1
   4.9091813743936354        6.1856179349198230        1.7181875352736435        2.0000000000000000                1
   3.6358780130490520        4.7001136401826002       0.18500423573438970        2.0000000000000000                1
   3.4962729698517792        8.2730255650953293        34.486538561400437        2.0000000000000000                1
   5.4770967672787201        9.8438598836929856        30.551252124103144        2.0000000000000000                1
   9.9301114215259432        6.3111745776222516        12.245110197922557        2.0000000000000000                1
   8.2089916885132794        6.0327434411149223        2.2919704971703188        2.0000000000000000                1
   9.4778134131294607        4.9659205888822751        39.100512173152715        2.0000000000000000                1
   7.6604643399644621        9.5745386867271112       0.29731436028434033        2.0000000000000000                1
   6.8695978013389052        4.9903067277023681        24.759522971590595        2.0000000000000000                1
   4.5041240128129356        3.8880300577051297        26.677199338885028        2.0000000000000000                1
   3.4332229827282275        4.8542704974527275        11.218829162130460        2.0000000000000000                1
   7.6802398881471046        7.7025560668241733        10.081070517367642        2.0000000000000000                1
   6.7308381461661231        5.0308979390727027        22.519505464677366        2.0000000000000000                1
   9.5349210022904813        5.1497250335294247        27.542549737659122        2.0000000000000000                1
   6.0616034223232864        4.7887578860303917        11.690443407769536        2.0000000000000000                1
   3.4947142888690186        7.9586301749079329        20.616021483426060        2.0000000000000000                1
   4.9384610757789291        9.6228164701170300        12.316306763740645        2.0000000000000000                1
   9.7367010017386875        6.9274979773810523        14.371661895917445        2.0000000000000000                1
   7.4885888619723904        9.7875932206769622        33.172340947972536        2.0000000000000000                1
   8.6487271342073928        8.8793491817713104        29.014111425103305        2.0000000000000000                1
   9.5732191259899722        4.9422776120475964        7.6661244415836807        2.0000000000000000                1
   3.7245908643144805        4.5166126760746632        26.869900252069232        2.0000000000000000                1
   9.4257872673858003        4.6814602785716968        1.2483671118527278        2.0000000000000000                1
   5.1338797521703761        7.1331950001124484        15.332749789931841        2.0000000000000000                1
   9.1378187301225964        8.5836465662085182        13.133314233873080        2.0000000000000000                1
   7.7202968313739646        3.2488604447799174        36.634105675547580        2.0000000000000000                1
   3.3808578601352801        8.0439415034770967        12.150392078059012        2.0000000000000000                1
   3.8205121418039512        4.4787625954369323        13.162443354677983        2.0000000000000000                1
   5.7679443065195173        5.1692973271849638        22.846574603601134        2.0000000000000000                1
   7.0968768758027707        9.8003061419332607        24.708252585381079        2.0000000000000000                1
   5.0387100409435162        6.1544839834140568        39.636355329445180        2.0000000000000000                1
   5.6721013262495310        3.2170926374515409        37.418015843430922        2.0000000000000000                1
   3.1881645481349201        7.2877922908662987        34.300654421896773        2.0000000000000000                1
   3.1237788090436207        5.6695833039664354        31.752250978556880        2.0000000000000000                1
   6.5129913119522316        8.1158955892964411        33.998989916578537        2.0000000000000000                1
   7.4833182009889248        7.4512617498766307        28.171176971735900        2.0000000000000000                1
   9.3463726628728026        8.5252510731764239        18.125975257497736        2.0000000000000000                1
   3.0213758728085556        6.4827942087117467        29.715337949058537        2.0000000000000000                1
   8.0727631597044951        9.6174378491835633        6.9741071658431375        2.0000000000000000                1
   7.9915290492680766        3.3436433109017685        25.174050836356635        2.0000000000000000                1
   9.7742819727496428        5.3018669401129177        12.077751499719071        2.0000000000000000                1
   5.1572499115242030        7.4002041699989514        26.608870521057995        2.0000000000000000                1
   4.4736067310711825        3.6795435967595722        28.774638798493228        2.0000000000000000                1
   8.9712736296616491        8.8350090391003384        15.545427023121198        2.0000000000000000                1
   3.9207921039925684        4.3963922088342988        33.616234179153430        2.0000000000000000                1
   5.4436557349332952        6.9423495704279690        12.590854624680830        2.0000000000000000                1
   4.4893391140458174        9.3385414599655565        14.383535633181504        2.0000000000000000                1
   9.8328769554062276        7.4493025305523171        31.401940774710393        2.0000000000000000                1
   3.1241341265534639        6.3775617749837634        27.467944277433219        2.0000000000000000                1
   6.5496577487920451        8.2098661271680555        30.018397448526116        2.0000000000000000                1
   7.7476541767824569        9.7366868233995749        20.026162296968479        2.0000000000000000                1
   3.1067370584992307        7.2805600896442790        7.6679433005248558        2.0000000000000000                1
   4.6932941243959458        3.5360501800670630        2.0078981994450644        2.0000000000000000                1
   4.4327210779635875        3.7047130342818964        6.7747575738664896        2.0000000000000000                1
   4.8019352254623389        3.4624952287743933        19.947700142891595        2.0000000000000000                1
   7.9677257286217733        6.0302913722510860        13.142456645498640        2.0000000000000000                1
   9.9302486619938790        6.4230741906834208        18.206644328015546        2.0000000000000000                1
   5.8687395582867019        5.4128584082987405        29.796657910665456        2.0000000000000000                1
   9.7602010716200933        5.2441832801353510        9.8172857792642407        2.0000000000000000                1
   9.9637651199775803        6.0661203653179179        5.5964314861617535        2.0000000000000000                1
   3.1166811186213961        6.0374797928841604        17.766107946873920        2.0000000000000000                1
   8.8513005646913818        3.9427948419124892        36.678091177975240        2.0000000000000000                1
   5.8908219245245750        3.1019089075302544        21.645902997411941        2.0000000000000000                1
   4.7076204291333807        6.2353347563125530        12.652257874064395        2.0000000000000000                1
   7.0466726118940493        6.8840203765477712        32.479325528062326        2.0000000000000000                1
   6.0588419544540555        8.6502023255359539        38.759646629544740        2.0000000000000000                1
   7.3904189748991209        9.8282923277514538        13.602326755006578        2.0000000000000000                1
   9.7626101469569058        5.4027807583377161        32.159259915446299        2.0000000000000000                1
   9.7291899586567698        5.4138627600203382        20.668810793639203        2.0000000000000000                1
   8.6338887509593807        9.1527929965794463        11.083103371441172        2.0000000000000000                1
   3.1395877844143305        7.3800652418768848        5.2305158971746106        2.0000000000000000                1
   7.9907274425295602        6.6334887526640731        37.088511582910840        2.0000000000000000                1
   9.7930440992716754        6.9469161143163669        35.895051038855065        2.0000000000000000                1
   9.8214651168423099        6.7943294888619832       0.99846073098759591        2.0000000000000000                1
   8.2731152658390616        3.5023624599830301        6.0266744068477545        2.0000000000000000                1
   9.7753258415788995        5.4031183077486853        18.636747222084079        2.0000000000000000                1
   7.7450605714109351        9.6706274074022414        17.686740583308293        2.0000000000000000                1
   4.8811253316561789        6.7527986380934930        35.276934570238247        2.0000000000000000                1
   5.1405678172816627        9.6552284334185412        37.164939339864048        2.0000000000000000                1
   3.1419350674573359        5.8802869016751682        25.391142736285321        2.0000000000000000                1
   4.6208344109732007        4.2675694654715777        15.030929496804333        2.0000000000000000                1
   5.7284939841358158        3.1597241237425222        10.490761509061686        2.0000000000000000                1
   7.7814641158933533        7.6016312063297793        38.830564905211432        2.0000000000000000                1
   7.5982310316958950        3.3811314408844435        32.500499669642075        2.0000000000000000                1
   7.6246543670596330        7.6861368149905900        34.503887284176145        2.0000000000000000                1
   7.2197233678636366        9.8560897026466030        37.305600520632368        2.0000000000000000                1
   6.0565816376606421        6.2181068301595275        5.6748244354900867        2.0000000000000000                1
   5.5569466388005564        5.1562662138437032        32.087413409178282        2.0000000000000000                1
   8.8807924723552780        4.1184313997872026        39.018922694341356        2.0000000000000000                1
   4.8307994522644062        6.3651879005174852        14.743616110027366        2.0000000000000000                1
   6.0993404480290163        3.2638217025075944        30.537939008422047        2.0000000000000000                1
   9.8441221580699629        7.1114878622942079        5.3095140931331972        2.0000000000000000                1
   8.1004942841510346        5.8350402132921637        8.8469290999020860        2.0000000000000000                1
   6.0936417031355212        9.9564732802087512        5.5567184215097649        2.0000000000000000                1
   6.7444893106005370        4.9527083813069899        29.480839166259859        2.0000000000000000                1
   5.8092526348118545        9.5967608442819792        28.569440717817979        2.0000000000000000                1
   3.6721365519519376        8.3602302811060447        36.541875924819252        2.0000000000000000                1
   7.0994289174866649        6.8128311746070498        19.080027793403477        2.0000000000000000                1
   6.1112884439333950        6.0899091854701561        20.886110808030889        2.0000000000000000                1
   6.2437499461882551        3.0426128191276445        14.855082890989358        2.0000000000000000                1
   7.9411117189286697        3.4526507385268292        16.655867542987853        2.0000000000000000                1
