     1000000
           1
  0.10000000149011612     
   6.6992311392586741        6.9060620131470358        20.410680560936196        2.0000000000000000                1
   9.6641125421279916        5.7853240080353334       0.79841625094241975        2.0000000000000000                1
   4.2652713983698431        4.0377884544046561        35.274045140372984        2.0000000000000000                1
   9.5776230129045352        5.0474540711969684        17.532844523788118        2.0000000000000000                1
   3.3306134628921478        5.0330274358697418        1.5739588525602604        2.0000000000000000                1
   9.4532478995705276        4.7031133646943983       0.89837154086929305        2.0000000000000000                1
   3.3000010453043025        7.8994061349183387        27.076564948584284        2.0000000000000000                1
   8.0034904401028104        6.3554294159510700        3.7956569670606179        2.0000000000000000                1
   8.7700256907137195        9.1488274942999830        9.0535222913466082        2.0000000000000000                1
   7.8804187034040520        7.2391382148230328        36.798260170503070        2.0000000000000000                1
   3.1599683224827140        7.4869687459028693        22.627333160299010        2.0000000000000000                1
   9.1501838624990324        8.7635743916498807        2.1802956808052687        2.0000000000000000                1
   7.2551833010724049        6.2804634553551129        14.253271107366187        2.0000000000000000                1
   9.2614681403417372        4.4734267826686427        9.4852629958913433        2.0000000000000000                1
   7.7337135689423828        5.3965191237317462        35.775869347784180        2.0000000000000000                1
   3.8731278598389696        8.4879657550484140        9.6057103670686814        2.0000000000000000                1
   9.3724334042708186        8.0764113724862590        12.862016973954949        2.0000000000000000                1
   8.5916935313765457        3.7190894179934242        23.704354705256133        2.0000000000000000                1
   4.9257358594756893        7.0069035667899691        35.269199626688213        2.0000000000000000                1
   5.5494692120237152        9.8207494415713334        27.895108992257150        2.0000000000000000                1
   8.0257200597129525        3.3671200893312059        3.2955891434636513        2.0000000000000000                1
   4.8476580450058897        3.4802881007423370        26.071111089456689        2.0000000000000000                1
   5.9016558678585884        6.5821784452957459        12.725838715412436        2.0000000000000000                1
   9.7507946557997123        6.7952209177519505       0.74710093489367924        2.0000000000000000                1
   8.5674326163315229        9.2537874497925952        31.479779765294317        2.0000000000000000                1
   3.3577527294385550        5.2518965171712839        22.315193766010324        2.0000000000000000                1
   4.1842497507828798        9.1054888120995763        38.421182429456550        2.0000000000000000                1
   8.0532263528424775        6.9649962232006368        21.883839081487302        2.0000000000000000                1
   5.4350592346682340        9.7118069888728940        10.496159505281780        2.0000000000000000                1
   9.2805924255116690        4.4681809877771839        21.497101843001360        2.0000000000000000                1
   4.6059838528163501        9.3391375462702797        21.309511659153376        2.0000000000000000                1
   5.3515609530303232        7.8926148148276143        8.3962829523355627        2.0000000000000000                1
   5.9585964259184756        3.1242434907633441        1.6387366122557261        2.0000000000000000                1
   9.0602443399196719        8.8279032554508827        37.912329817647425        2.0000000000000000                1
   4.8605933069296263        6.1476890226863015        29.950790703717402        2.0000000000000000                1
   4.2127739405033031        9.0615978717773604        34.250468111663494        2.0000000000000000                1
   4.6131164604854247        3.6032227064634599        11.752304568806780        2.0000000000000000                1
   7.8458510713443870        6.9080940341635486        30.289011046476173        2.0000000000000000                1
   6.7416659358099782        9.9537992056259235        19.267902873063889        2.0000000000000000                1
   3.9259379734425268        8.5826015195249319        4.8308259380453782        2.0000000000000000                1
   3.6075422781323896        8.3244803957914719        36.078762935286292        2.0000000000000000                1
   9.9444160147734735        6.9041484124340702        12.884488262019842        2.0000000000000000                1
   9.0909621145577777        8.7328283228588290        35.613360766729578        2.0000000000000000                1
   8.6715651026207183        9.1373030257789232        19.529413825562401        2.0000000000000000                1
   8.0533140241193468        9.5830120316684688        17.240284299940065        2.0000000000000000                1
   9.2929264419938367        8.3378304946403947        31.452191152954803        2.0000000000000000                1
   5.6050610002468870        3.2680297446559745        11.867155405638501        2.0000000000000000                1
   5.0071090009742951        3.4520459459898363        34.926044150464691        2.0000000000000000                1
   9.2742613668038629        5.1447132207213810        34.427045722311178        2.0000000000000000                1
   4.0767499264097813        8.9990840375184096        29.640284077157510        2.0000000000000000                1
   5.6171019619177294        9.8818808459773191        6.3207719313836810        2.0000000000000000                1
   3.2187530942264435        6.5073517261829279        9.7677577764226164        2.0000000000000000                1
   8.4991172132694466        3.7980440821808878        11.826866870642888        2.0000000000000000                1
   7.0864104270476771        4.9386270960135681        33.453375179606859        2.0000000000000000                1
   3.9261546862111358        8.7426920803492081        18.447093636417080        2.0000000000000000                1
   6.2248446558070745        9.8807363324717290        37.754954859328244        2.0000000000000000                1
   7.6779404554046344        3.2057276307981661        21.498832580666601        2.0000000000000000                1
   4.9797277148444126        6.7585036928144246        4.3178492126146200        2.0000000000000000                1
   4.9075135374341707        5.8927003814389494       0.13221789643622228        2.0000000000000000                1
   3.7015733715640518        8.0810389165196366        29.479502884311223        2.0000000000000000                1
   3.4717603532609735        4.7738844117964145        35.188956349668594        2.0000000000000000                1
   5.6038561926955319        3.2054802817881418        13.884259154581606        2.0000000000000000                1
   3.2026311487980621        5.6407900723963600        7.9649713680202234        2.0000000000000000                1
   8.5057953734828207        9.3532858153791594        11.110787471251667        2.0000000000000000                1
   5.2739220805559821        3.2569993958920356        37.650022954245060        2.0000000000000000                1
   6.5519727828442944        8.2053456374057330        31.107579294487874        2.0000000000000000                1
   9.9586075151773255        6.7992008907491934        25.223169636283767        2.0000000000000000                1
   8.9296871148688748        8.7629677319490362        15.161163524976230        2.0000000000000000                1
   5.1199951547828801        6.9269409641672519        8.6723629826809123        2.0000000000000000                1
   4.6271652246631270        6.3038817690453266        14.570721677699904        2.0000000000000000                1
   3.2909211082821561        7.5789255753999258        9.7529518492764371        2.0000000000000000                1
   9.5792016448374948        4.8587324003149837        38.813584454554572        2.0000000000000000                1
   5.0995298931883548        6.8815270043005956        15.335544854043377        2.0000000000000000                1
   7.4994074451140023        4.2587871779337370        13.616471128532929        2.0000000000000000                1
   4.9300342686961773        6.7949006764395383        21.644256010655109        2.0000000000000000                1
   9.1068017343110625        8.6040837423727616        39.905307029754262        2.0000000000000000                1
   4.0144302846223754        4.3791960436679762        22.152005435062645        2.0000000000000000                1
   9.2527964305343513        8.5317758476079817        4.6981411328549427        2.0000000000000000                1
   7.9116025979762972        3.4733918315122452        1.2664364268223032        2.0000000000000000                1
   6.9386828302046437        4.8382380626862158        10.902373279574613        2.0000000000000000                1
   3.2096693704023296        5.8238841648582946        18.024793591282869        2.0000000000000000                1
   6.4619626474374030        3.0607579719331217        23.624297415513304        2.0000000000000000                1
   6.8154084248552795        4.8832010977835614        6.6541292267798147        2.0000000000000000                1
   6.7461274037002266        4.9857494928523423        7.0242325252911963E-002   2.0000000000000000                1
