     1000000
           1
  0.10000000149011612     
   4.5967624424760078        5.6575535620507402        13.915002998851472        2.5000000000000000                1
   4.7328515728940319        5.0176708443960791        22.649031984125607        2.5000000000000000                1
   4.5380285541951864        5.7143751882471436        14.924999937829062        2.5000000000000000                1
   4.7285571124575343        5.0897958068678850        1.3005970343135962        2.5000000000000000                1
   4.6053065614960653        5.7343316534220312        10.241478768463454        2.5000000000000000                1
   4.7455986751882451        4.7585197243842865        23.648975873322950        2.5000000000000000                1
   4.7209708692431809        5.7303893603589557        24.466601339636973        2.5000000000000000                1
   3.8275230898214678        4.7572364941519192        19.650176388057218        2.5000000000000000                1
   4.5540406962183804        4.7742396315551883        14.573096546208557        2.5000000000000000                1
   4.4132908985085111        5.6503109096505142        27.164385336546918        2.5000000000000000                1
   4.7125582768513024        4.8309737869338036        6.2290884367524058        2.5000000000000000                1
   4.6570178155253066        5.6858775351674895        28.163659042927822        2.5000000000000000                1
   4.7484193201674580        4.7595890790356119        37.969721825548284        2.5000000000000000                1
   3.7520514497369231        4.7505881659124762        27.042317053695740        2.5000000000000000                1
   4.7439334169379181        4.7604182925672696        7.4342957588739056        2.5000000000000000                1
   3.7625704451272566        4.7721102212418742        18.066282802400202        2.5000000000000000                1
   3.7836725978144261        4.7801928519870236        22.351673690492309        2.5000000000000000                1
   5.7450530728865523        4.7873791045513086        18.042454871758316        2.5000000000000000                1
   4.7483622296526642        5.7276305102496679        37.708607090611906        2.5000000000000000                1
   4.7197013314770295        5.2566728227996089        9.3288970440072951        2.5000000000000000                1
   3.7774028698085358        4.8374448551201370        7.6808037279906172        2.5000000000000000                1
   4.4927616474063212        5.7053981581277924        7.6638716286597584        2.5000000000000000                1
   4.7457847160915589        4.8349447690244229        3.2373588751615010        2.5000000000000000                1
   3.8002984045523096        5.0244833240925626        3.6955295712066132        2.5000000000000000                1
   4.7474704315732650        4.7540891998119843        10.411494177584183        2.5000000000000000                1
   4.7381871634314834        5.7444520285446812        31.805592687164520        2.5000000000000000                1
   4.7400680505909474        4.7527889763291533        7.1422199932433539E-002   2.5000000000000000                1
   4.6280334353468815        5.7357194061834909        38.709491554377337        2.5000000000000000                1
   4.6928736367853103        5.6666420549612351        18.528583555907350        2.5000000000000000                1
   3.7632678788370768        4.8582959533703818        20.733925995019820        2.5000000000000000                1
   3.7501496917370702        4.7580299774379489        33.974505887183788        2.5000000000000000                1
   3.7707397721143363        4.7864255370745079        31.264717623632482        2.5000000000000000                1
   4.7226198061653646        3.7701474363180241        29.170978639047757        2.5000000000000000                1
   4.3157492783380524        5.6301470836006740        21.970181415395466        2.5000000000000000                1
   4.6970972907328647        5.7153435396976766        35.109276801083865        2.5000000000000000                1
   3.8336639549647100        5.0735558255655482        23.313456912581220        2.5000000000000000                1
   3.8453675982160389        4.8070318356214612        28.556468433483143        2.5000000000000000                1
   4.7393531528930559        5.7340395932035104        29.162679857382205        2.5000000000000000                1
   3.7602636703416032        4.7600011673867844        12.725924145851121        2.5000000000000000                1
   3.7817841702482409        4.8417290269610591        38.302337719430732        2.5000000000000000                1
   4.3192902805730728        5.6381329440452150        6.6779747151153632        2.5000000000000000                1
   4.7492950318949045        5.7348039449598582        20.250844750116674        2.5000000000000000                1
   4.6615290814507091        3.7862496067849083        26.375854301422571        2.5000000000000000                1
   4.6178546399348228        3.8310658573425136        33.426572261030607        2.5000000000000000                1
   4.6726096426932511        5.7166799623369542        36.132184670110114        2.5000000000000000                1
   3.7855196166959399        4.8692536199156811        25.955719729186722        2.5000000000000000                1
   4.4850973503008955        5.6866174374754204        11.405338022701208        2.5000000000000000                1
   3.7592622913226275        4.7731113329613200        32.890610749058752        2.5000000000000000                1
   4.6778053572479950        3.7554827668360971       0.38505477454393400        2.5000000000000000                1
   4.6874121655196346        4.7610347675983320        12.065255738947883        2.5000000000000000                1
   3.7732050197351144        4.7737109924576204        15.274490412131090        2.5000000000000000                1
   5.7371658171204318        4.7873778421325142        31.292843076576322        2.5000000000000000                1
   3.8164169703884876        4.9200933477602486        5.1093624774596886        2.5000000000000000                1
   4.4400283759298302        5.5733107518774956        2.4161303372817802        2.5000000000000000                1
   4.3894062824312128        4.7702789785905697        36.402940927900914        2.5000000000000000                1
   4.6635856400622107        5.7338473492501993        17.499367310459434        2.5000000000000000                1
   4.6904827803571640        4.8185734680452779        4.2553836883825520        2.5000000000000000                1
   4.7089975119064196        4.7612075677888201        15.708573269100148        2.5000000000000000                1
   4.5739198528884275        4.7596502165364862        17.254410942982368        2.5000000000000000                1
   4.7406960985755831        5.7219040855975978       0.43784060357617549        2.5000000000000000                1
   4.4798748808947426        5.7022743903106878        12.770145347784817        2.5000000000000000                1
   3.8082514272058297        4.7933395490271131        29.655251300759499        2.5000000000000000                1
   4.7016250579199221        3.7839874634740047        20.217314392315178        2.5000000000000000                1
   4.6037321776157372        4.7923769559180487        32.121000631757205        2.5000000000000000                1
   4.6192075259471315        5.7077504963540537        33.433032969797488        2.5000000000000000                1
   4.6997352761876439        5.7079110374542372        30.758590282364306        2.5000000000000000                1
   4.7452879393940188        4.9311431305192057        20.960120380649890        2.5000000000000000                1
   4.7402788234759869        4.7593317171294345        26.843071176920592        2.5000000000000000                1
   3.7704204433809592        4.7845304509659830        35.609881141922024        2.5000000000000000                1
   4.7228272540252183        5.7457826538339996        4.9384010097181212        2.5000000000000000                1
   3.8156516721312239        4.7545213661183778        37.253586333843614        2.5000000000000000                1
   5.7323125084407618        4.8408688822548021        7.0419453773760390        2.5000000000000000                1
   3.7569516745691747        4.7968006120236115        11.670300979995458        2.5000000000000000                1
   4.6789979422838694        5.7418282832475613        23.420413218851614        2.5000000000000000                1
   3.7985930492638746        4.8452203122213975       0.90551570396969450        2.5000000000000000                1
   3.7781847247909477        4.8477872889416922        24.290422853835345        2.5000000000000000                1
   3.7579892575179663        4.7927599744316343        2.5418534273890363        2.5000000000000000                1
   3.7941943769169288        5.0217045835327152        10.177516971443783        2.5000000000000000                1
   3.7958265198077656        4.8626440537488085        9.0967019291795950        2.5000000000000000                1
   3.9988789176048423        4.8035680072937748        13.697107528693378        2.5000000000000000                1
   4.6817477880086180        5.7268682776887765        3.7414258804945226        2.5000000000000000                1
   3.7973837098616436        4.8529492090984503        16.294541260626360        2.5000000000000000                1
   5.7268843020249216        4.8130491386706353        35.534247985154714        2.5000000000000000                1
   3.7580707983604564        4.7552491513690844        6.5885808385043276        2.5000000000000000                1
   4.7174276172207303        5.4423449209598340        26.057295987370363        2.5000000000000000                1
   3.7664558122190015        4.8244100417898430        39.848229626113152        2.5000000000000000                1
   4.7291518044139540        5.7365063941318031        15.935882863336158        2.5000000000000000                1
