     1000000
           1
  0.10000000149011612     
   5.2418811313462363        5.5731070383651575        34.648572445601395        2.0000000000000000                1
   8.1039954432187820        3.4590079327537837        2.8791384621308347        2.0000000000000000                1
   5.6223296187835627        3.2118892633556415        17.819085645461662        2.0000000000000000                1
   3.3225128613717385        5.2567181588247447        12.375162881028094        2.0000000000000000                1
   6.9314176400629970        3.0523441670684668        7.4850263866544342        2.0000000000000000                1
   7.3808524066634993        5.1202234465406100        39.705078189479735        2.0000000000000000                1
   3.1807770183001849        5.8228482793882002        10.359172839294750        2.0000000000000000                1
   5.6478924644587654        6.9317893900359762        9.5916560843161438        2.0000000000000000                1
   3.1157109936775202        5.6387237424571808        27.376213577515284        2.0000000000000000                1
   8.4747625045021735        7.7496202349499255        26.293867511408660        2.0000000000000000                1
   3.0179830510696961        6.2914481857032500        23.232937550596152        2.0000000000000000                1
   7.4124109496926662        7.8663057858877314        33.877036504546993        2.0000000000000000                1
   4.0805535463281819        4.0581901502392501        1.9245783349205983        2.0000000000000000                1
   4.7480934863930742        9.5107985759756275        2.6032567045562574        2.0000000000000000                1
   9.8261052010553946        7.5705505272682387        24.392548813386497        2.0000000000000000                1
   9.8807998923444771        6.0049492156317852        3.7308411087078768        2.0000000000000000                1
   5.5621797134754516        9.6760635958618799        9.1848055198713343        2.0000000000000000                1
   7.4716557065615508        3.2417501347197977        25.046799960737491        2.0000000000000000                1
   9.1483173014632797        4.8794647140640182        18.191006945053239        2.0000000000000000                1
   4.9772038938140168        6.1147147126264674        36.568115858022665        2.0000000000000000                1
   4.8512518262834181        6.1419704743611039        9.1787810888661472        2.0000000000000000                1
   9.6207691624425582        8.0345075591992696        32.985304997282441        2.0000000000000000                1
   7.9777395460395928        6.5343421748785948        14.759641914020944        2.0000000000000000                1
   6.9508236158926566        4.8440221231367584        29.157289046976572        2.0000000000000000                1
   7.6114648293140545        9.8124547125140023        36.865115994142592        2.0000000000000000                1
   7.7810896462618606        7.5446960429119656        15.082059560333784        2.0000000000000000                1
   4.9336702420678202        3.4172938442860810        15.663415409832030        2.0000000000000000                1
   3.0538093679491460        6.1809793849181958        3.7235700220339623        2.0000000000000000                1
   6.5980494514688450        9.7325571536916495        9.5820473546529001        2.0000000000000000                1
   6.6103185157498299        9.9623926588832354        36.678076517044516        2.0000000000000000                1
   5.6617614595919532        7.8760272386781587        10.097753495774271        2.0000000000000000                1
   9.6226855646276075        7.8063314259507353        16.255381640998742        2.0000000000000000                1
   9.7454708308536429        5.4504111557506301        20.275809361350376        2.0000000000000000                1
   3.7259170036669227        4.3859335376266628        12.773400418669114        2.0000000000000000                1
   9.3071320201562369        4.5279996806009466        34.784084481284687        2.0000000000000000                1
   5.2203040145714681        7.3932501216304445        30.399706792598209        2.0000000000000000                1
   7.5273523401031781        3.2701027138169390        23.872419353441707        2.0000000000000000                1
   6.8303029694281827        7.9741150396954410        27.649475021442083        2.0000000000000000                1
   6.2350950838295542        7.9981781763828268        21.356356198320366        2.0000000000000000                1
   3.1602770407470291        7.4226735627366160        37.764891155227964        2.0000000000000000                1
   9.2900245016616854        8.5430796298073606        20.417439368223427        2.0000000000000000                1
   7.2050915844778984        7.0195945397233883        27.661564694379891        2.0000000000000000                1
   3.9318232920533669        8.8458078358474967        6.8533029942085815        2.0000000000000000                1
   3.1938224499314560        7.6168456426615823        20.930985702825922        2.0000000000000000                1
   3.5325071923838438        5.1711025047470507        23.212595331549455        2.0000000000000000                1
   5.3655277848952991        3.2372678046808296        13.596492068244430        2.0000000000000000                1
   6.3519230341344333        3.0743599175942666       0.60858556522536777        2.0000000000000000                1
   7.7581771832854720        5.7956580287736958        21.062640619083627        2.0000000000000000                1
   7.6497246075637744        3.2131118894604027        18.717441008128525        2.0000000000000000                1
   6.5166875604050976        8.1174842314861682        6.0483627031316773        2.0000000000000000                1
   9.4279902054877969        4.6946326139830425        12.009812127180201        2.0000000000000000                1
   7.6914599304296010        6.8682932912333783        35.986236201010570        2.0000000000000000                1
   4.9150158778812916        9.6103119662866003        32.868766810198821        2.0000000000000000                1
   7.4172765220617602        9.8753219543458428        18.130395398713169        2.0000000000000000                1
   6.3722224748586580        3.1723314875660740        13.717011112850738        2.0000000000000000                1
   5.7643660629197244        9.9089246598279530        29.935992520573325        2.0000000000000000                1
   3.9216605148631434        4.1592088940772394        28.490402832837411        2.0000000000000000                1
   5.3051976893102495        3.2127377726574706        24.668491511092530        2.0000000000000000                1
   5.8940592656905730        6.0835005887638873        3.1075590332663978        2.0000000000000000                1
   6.5383623439944110        7.2194165292186296        25.697448826239022        2.0000000000000000                1
   9.4700219843770412        4.6922492554303741        22.298689144674306        2.0000000000000000                1
   7.2154632356082962        6.4543911368649143        22.980061974964762        2.0000000000000000                1
   9.8622601609063150        7.2058668262207846        3.4481041302686357        2.0000000000000000                1
   6.5196267743150758        9.9931039373143769        13.778144571382214        2.0000000000000000                1
   7.3910292659155665        6.3090724525626012        6.5805483785318062        2.0000000000000000                1
   3.3520162277880989        7.6147499719341498        39.749291031700743        2.0000000000000000                1
   6.6502021226660251        9.9628252617701598       0.87841550850934524        2.0000000000000000                1
   7.5154152937721177        6.5966957068614480        4.3883684187338963        2.0000000000000000                1
   5.8149712118046599        9.9061522371397945        4.9201147541478312        2.0000000000000000                1
   4.6328720012365556        6.8180445430029231        22.103659398255900        2.0000000000000000                1
   3.2523090125576264        5.4582721262755447        25.193896497171306        2.0000000000000000                1
   7.7453744363248189        7.3979074396666515        19.262777571511997        2.0000000000000000                1
   9.5121987985878498        8.0996788834752174        26.341954644319276        2.0000000000000000                1
   7.3864872152779881        9.7510599903614885        20.395958536207822        2.0000000000000000                1
   3.3964972400990669        7.8584162841413105        6.4468162649254594        2.0000000000000000                1
   8.9444077355292517        4.0072845502597456        16.053298315161406        2.0000000000000000                1
   9.8231787735272658        7.5699849522795537        14.091662488069607        2.0000000000000000                1
   3.6710075631195336        4.4657297097841377        39.962515744719823        2.0000000000000000                1
   6.4783439014751059        4.9985421272138053        37.348612015094268        2.0000000000000000                1
   3.0984341053813647        5.9091040599520896        6.0274974393943177        2.0000000000000000                1
   3.3738774160359539        5.3609232570349681        37.571662065479892        2.0000000000000000                1
   4.0469149674347733        8.8601468186233543        2.2914369761796132        2.0000000000000000                1
   6.5110367015263639        3.1709787711411024        36.293799618636761        2.0000000000000000                1
   3.3866461115184707        8.0754303661543716        1.9666194693773313        2.0000000000000000                1
   5.8731771468016758        5.2397002349716333        26.393371434371186        2.0000000000000000                1
   7.8643108017547219        3.3516280887281429        11.847865738421529        2.0000000000000000                1
   5.4642332759255350        7.4323364747870171        1.0723607560443249        2.0000000000000000                1
   4.3828645339018317        5.2456823015341714        18.993188980903891        2.0000000000000000                1
   9.3723019068993434        4.5100349841044700        24.388425045392644        2.0000000000000000                1
   7.9867922495605521        9.6386451012838528        11.951547167571404        2.0000000000000000                1
   8.5595293310492639        3.6973765918331956       0.80396115506316790        2.0000000000000000                1
   7.7962612534400835        7.4762104638296893        10.935972314710828        2.0000000000000000                1
   9.3005431920166703        4.4964304455282598        9.5585101776270296        2.0000000000000000                1
   5.9948440828570622        3.1785660872025026        15.763246180715997        2.0000000000000000                1
   4.4249239131930169        9.1731063055691084        22.670918368207317        2.0000000000000000                1
   3.6384988006208121        4.5215226549654632        25.697152229733341        2.0000000000000000                1
   5.6486709850596295        3.1398959478518176        9.3906119434179161        2.0000000000000000                1
   9.1305277143134163        5.5197288596218117        5.5966390205323879        2.0000000000000000                1
   7.9450858550996868        9.5560424144669636        5.1044800961302235        2.0000000000000000                1
   7.6298522740059393        9.8035474249218222        39.033793962525358        2.0000000000000000                1
   5.7276619875854609        9.8690101070768073        26.654580524264340        2.0000000000000000                1
   3.0786315089663772        6.2346520883130152        28.403006889722381        2.0000000000000000                1
   8.5739331545979258        9.2421051870807407       0.94767697951527352        2.0000000000000000                1
   8.8253256967652209        8.8182583158260357        28.096048102810155        2.0000000000000000                1
   7.0375114104634440        3.3150914612787399        20.918818539908333        2.0000000000000000                1
   9.3178500688578829        5.5615961006584946        36.978313753332237        2.0000000000000000                1
   9.4036992885012261        8.4519381009676611        1.1128968161031776        2.0000000000000000                1
   7.1368116030065023        5.7907235933992522        31.765401658378597        2.0000000000000000                1
   9.5804269242801006        4.9033671371408971        32.813945928945905        2.0000000000000000                1
   5.3217535543766150        9.7584056351345474        33.854578683944681        2.0000000000000000                1
   7.1258827522462811        9.9089434119249695        32.496102206373159        2.0000000000000000                1
   9.1400306523676011        8.4048111780229640        36.969064494223886        2.0000000000000000                1
   6.1557243780497410        8.0651888576134887        1.8320944207532190        2.0000000000000000                1
   9.9712850204392041        6.5132122849085743        20.056541939336750        2.0000000000000000                1
   5.5411446081548386        3.2420665335610415        38.119936966510132        2.0000000000000000                1
   7.4997503178557450        5.5420075732993777        4.4155716611713389        2.0000000000000000                1
   5.1074237983893545        6.8674012632155836        34.403509407889587        2.0000000000000000                1
   5.0163191500860389        3.3615207486946761        2.1911477057274693        2.0000000000000000                1
   5.3536710682153918        9.7028780028588137        13.437902981435187        2.0000000000000000                1
   9.6521432892148749        5.6794357593373599        22.314670966314093        2.0000000000000000                1
   7.9999061873368813        6.5923518294605321        9.0390294598454926        2.0000000000000000                1
   3.1731550723895818        7.4813891270012807        35.686699101851815        2.0000000000000000                1
   7.2806590550917720        5.2882365406463512        24.956285986596217        2.0000000000000000                1
   3.8600482030596663        8.5178761590193091        31.541543029488480        2.0000000000000000                1
   4.0063258334948975        8.9127360153745308        10.787872744220723        2.0000000000000000                1
   4.1076396732195288        3.9937368824035184        15.371436820269253        2.0000000000000000                1
   9.2033491027416545        8.5379988274536505        38.974058452050691        2.0000000000000000                1
   3.2099392253989132        6.2688690883920106        8.0171443927137371        2.0000000000000000                1
   5.8864065639689773        3.0548678864914982        7.0110720776672002        2.0000000000000000                1
   5.6035630005608379        9.5075008904472256        36.394850310424161        2.0000000000000000                1
   3.5073159587746994        4.8109394981842479        14.787058233203522        2.0000000000000000                1
   5.4991789871862524        9.7489104667537774        15.617722938210404        2.0000000000000000                1
   9.9282433095012905        6.3266370493059245        1.6264664571367580        2.0000000000000000                1
   7.9301519279181045        3.3767461606669000        16.247615180512820        2.0000000000000000                1
   7.0166513293956125        5.1434295738597067        10.655466435188567        2.0000000000000000                1
   5.8748589858927271        4.7396115940009969        8.1054252984819986        2.0000000000000000                1
   3.3162415125409250        5.5781757475067559        20.814000313106099        2.0000000000000000                1
   6.6691094755378497        3.0343413412857845        9.5552871869814826        2.0000000000000000                1
   4.5893122805572748        3.7317487609822741        36.018602202681031        2.0000000000000000                1
   3.0651080028479813        6.4467423354314697        35.549628020165080        2.0000000000000000                1
   7.3772561958585356        3.1905964402781279        30.205684045108800        2.0000000000000000                1
   7.4523078861828305        9.8511657252329243        16.115620208875324        2.0000000000000000                1
   6.1997546899988247        4.8895572228227921        12.477704145445003        2.0000000000000000                1
   4.0309665163887027        4.0550745516926909        8.5269314988388505        2.0000000000000000                1
   9.0954259000118824        4.3967292835756462        5.5300171319253968        2.0000000000000000                1
   4.0562287264208656        4.0199836610695652        6.5061084034001064        2.0000000000000000                1
   8.7604448601770155        9.1264301259017966        5.6713813331708396        2.0000000000000000                1
   4.3569710166860975        8.8614363164210310        4.6293644927946866        2.0000000000000000                1
   3.3798896649437093        7.8659613797816830        27.205144864305922        2.0000000000000000                1
   7.4593111618252426        9.5487237205858868        22.716479398180194        2.0000000000000000                1
   8.5439805818485066        9.3371749710379479        38.940901667149198        2.0000000000000000                1
   9.3803118825495826        8.4792381628622167        9.8453871563595232        2.0000000000000000                1
   3.4096042029208653        4.9029413744999193        8.1914540178268798        2.0000000000000000                1
   4.7714997109032193        6.3696799201302410        11.497720806526219        2.0000000000000000                1
   3.0840518616565906        7.1605153512625321        16.846143008593266        2.0000000000000000                1
   3.4338719579324763        4.8227712042559956        18.948429427955539        2.0000000000000000                1
   7.3236927466345394        3.1081417037535939        28.032254251819701        2.0000000000000000                1
   6.9617977440625030        3.0347109256815124        16.000495719721577        2.0000000000000000                1
   3.1096700703877507        5.7945236777731743        1.7008441127483713        2.0000000000000000                1
   4.0445739957195990        8.9175737809145712        17.296611839692677        2.0000000000000000                1
   9.0605498606046471        8.6499668175142990        34.954743683228322        2.0000000000000000                1
   7.8076765089303697        3.5969484028512544        32.302093777813973        2.0000000000000000                1
   7.1231109984378778        9.8146123837979875        28.447021969679010        2.0000000000000000                1
   8.3164728646868848        3.6892047136956512        30.177901517221425        2.0000000000000000                1
   6.0325215295812544        9.9155158338197573        28.832461415350071        2.0000000000000000                1
   6.6248717552832233        4.7287475768003526        27.055781341014189        2.0000000000000000                1
   7.4251646732571066        5.3609046238739637        19.113830207222545        2.0000000000000000                1
   5.9727505746041221        8.0454517834281081        23.413303128119477        2.0000000000000000                1
   6.2452767822226356        3.0555603827287072        20.140825470701813        2.0000000000000000                1
   3.0983800023962456        7.2467777107540403        8.3451235200800298        2.0000000000000000                1
   3.7597432753176383        4.3496687272902896        4.1389886205636479        2.0000000000000000                1
   6.5283682766075932        4.8758092582460231        18.807030513261065        2.0000000000000000                1
   9.6909142130518724        5.0872625204226036        3.3690621114990225        2.0000000000000000                1
   9.6348603291836508        7.9668842650193774        11.912565573645665        2.0000000000000000                1
   4.9828542584093194        7.0338548399439986        20.021536111036248        2.0000000000000000                1
   9.9522477162097331        6.0784912442270418        26.225374363342748        2.0000000000000000                1
   3.4089479657773962        7.9485771534706506        29.519302869858283        2.0000000000000000                1
   3.4461308133497233        4.8772380840832508        2.0546753621942506        2.0000000000000000                1
   3.4749137784258073        4.9758594612984464        6.1079531889978851        2.0000000000000000                1
   3.2015378047158638        7.2516607328870419        3.9812421937435247        2.0000000000000000                1
   9.8207263997991525        5.6288007793282686        18.192176032905184        2.0000000000000000                1
   3.8341287833661157        8.4145206470753866        37.858907047157601        2.0000000000000000                1
   7.2377639300509795        7.7351779247085997        37.845199066076951        2.0000000000000000                1
   7.2262932385800163        7.9137176581325477        1.9959009458919490        2.0000000000000000                1
   4.5811808596792556        9.1835603692099923        38.174902254042905        2.0000000000000000                1
   3.8599659319954744        4.2121867359356591        23.353849308494016        2.0000000000000000                1
   7.2885291617029173        7.8498607261617419        4.1531195261161473        2.0000000000000000                1
   3.0270296606625502        6.6556747764520416        39.722462128008132        2.0000000000000000                1
   5.2587040070873492        3.6998368944885596        21.983302749607464        2.0000000000000000                1
   9.6419913326483631        5.9371426149743867        8.0618063753123952        2.0000000000000000                1
   7.7332579628758271        9.7348953208277162        26.395336337695174        2.0000000000000000                1
   8.1857569332064877        6.4882394141553865        19.134578948584522        2.0000000000000000                1
   7.2896055691525969        7.9222932264572536        21.494249466546339        2.0000000000000000                1
   9.5054490965471281        6.9609473747664490        11.982679488937363        2.0000000000000000                1
   3.6122985131445784        8.3994675994748267        35.705043138215409        2.0000000000000000                1
   6.2201535817084048        7.7491367949122276        32.208640647650427        2.0000000000000000                1
   5.3562770738804852        7.4684757387361902        23.989332056952019        2.0000000000000000                1
   9.8063757982032627        6.5343102352964442        13.944152286955179        2.0000000000000000                1
   9.9514971993167567        6.0118460603051709        32.687613312065452        2.0000000000000000                1
   3.4637205398343522        7.8161033194465617        18.918276101655433        2.0000000000000000                1
   3.1067695076033153        6.6428823480210086        31.212476933300564        2.0000000000000000                1
   9.8737128191746830        6.1169359299383217        30.381855120764438        2.0000000000000000                1
   3.7495709400385491        4.4737575731251544        35.652810290762886        2.0000000000000000                1
   9.6852940652004307        7.3792312689569650        30.820429911108690        2.0000000000000000                1
   5.8618847980069253        3.1214776148671701        22.588618848056530        2.0000000000000000                1
   6.3952098811992268        3.0303128998668400        29.854520132825460        2.0000000000000000                1
   4.7641405408531519        6.2499199919258883        32.295589008160441        2.0000000000000000                1
   6.4837583334513047        9.9549937005241453        22.654550766201570        2.0000000000000000                1
   4.9176445271229943        6.5636268133267501       0.79199349112562623        2.0000000000000000                1
   9.5117820362910130        8.1616612519673595        3.7505582334011094        2.0000000000000000                1
   8.3549200654289510        9.3458853742286738        16.438153416997949        2.0000000000000000                1
   4.9328219787514742        6.0875017373431932        6.9440475980613767        2.0000000000000000                1
   3.2167032573145624        7.6123620368565543        31.597742742145240        2.0000000000000000                1
   8.4992812846002472        3.6593774116045297        36.607721396787809        2.0000000000000000                1
   7.4364751263196069        3.4071609762434005        4.9360414620554272        2.0000000000000000                1
   4.4244193180744436        9.2645142119836219        24.704718014591663        2.0000000000000000                1
   5.8250508857250258        7.9381628180329775        25.918749998034276        2.0000000000000000                1
   4.6131554552925502        9.1214925938387790       0.30867626870957038        2.0000000000000000                1
   9.5998130563043365        7.0076455432402245        32.893575562337595        2.0000000000000000                1
   5.3161711612852782        9.7147456405813308        24.556611536320123        2.0000000000000000                1
   4.0984574857157625        4.0280670415907656        10.601416370954865        2.0000000000000000                1
   9.4467021540094898        4.9317779568093529        7.4905942109796886        2.0000000000000000                1
   6.8379930812662302        8.2056469023077021        17.072647910519578        2.0000000000000000                1
   9.8109806185797268        5.4488032096759316        10.046483793907395        2.0000000000000000                1
   3.0727574029338642        6.8784199525993213        14.556656169815911        2.0000000000000000                1
   5.0485958513441211        4.0086707095879728        28.685534714008700        2.0000000000000000                1
   9.6874159185597453        7.5548004312202881        34.951580823550856        2.0000000000000000                1
   8.0289994029873384        6.8273490893040156        29.552941379184805        2.0000000000000000                1
   6.6122728256608054        8.2671259042421656        8.1723700775385915        2.0000000000000000                1
   8.8998296358720523        8.8719112881661193        11.985812851679814        2.0000000000000000                1
   4.9559276784741284        5.8570045951252947        26.496700601324406        2.0000000000000000                1
   9.0735857029877138        4.2322452937532065        3.0248708025977913        2.0000000000000000                1
   6.7163869469044650        8.0483100345659757        19.397597284326167        2.0000000000000000                1
   5.6316016883187512        3.1818234585869529        29.125010045497845        2.0000000000000000                1
   8.6228503972393931        9.2294840400538494        10.028798551428284        2.0000000000000000                1
   7.8524646804190379        8.4759005711265001        24.439861892114276        2.0000000000000000                1
   3.5248885172338675        4.6590723134987773        30.919381048882165        2.0000000000000000                1
   4.3183589168743977        3.8274711649096114        33.808293133966195        2.0000000000000000                1
   9.5938263019614638        5.0021554882925958        28.687155523898781        2.0000000000000000                1
   6.8893189322693864        9.8241865151488224        11.796280926533193        2.0000000000000000                1
   8.0831645291042502        9.4606634797632108        28.405780315740099        2.0000000000000000                1
   6.5078372389893264        3.0306393568788477        38.309264326780060        2.0000000000000000                1
   8.9398328019445685        4.0674170849604545        7.5180823099063439        2.0000000000000000                1
   3.0436358559821954        7.0313578777370003        10.404287007312508        2.0000000000000000                1
   6.7266836998890929        3.1176856109443847        32.246975470655784        2.0000000000000000                1
   6.9943157931398865        6.0978776913885051        35.664315289172748        2.0000000000000000                1
   9.8986118647348551        7.0299640852433329        28.539953311750832        2.0000000000000000                1
   8.5883977403520984        3.7527038089276576        9.8812706462189244        2.0000000000000000                1
   5.4114050890966041        3.1910005233620926       0.20393159612413586        2.0000000000000000                1
   3.0181877896078313        6.3146611482416786        37.643479184828621        2.0000000000000000                1
   8.5485624864979339        3.8297030959611718        13.706344331274421        2.0000000000000000                1
   8.5655987429196596        3.8451888965479371        34.384478714226617        2.0000000000000000                1
   7.7626508836326487        7.8249119389262836        29.513963882998937        2.0000000000000000                1
   4.8837122944252682        9.5695227002704168        11.146718010332041        2.0000000000000000                1
   3.7271286597465960        8.6118150844124610        39.992726546707949        2.0000000000000000                1
   9.4641488159971772        6.5541786849175505        34.860313834073992        2.0000000000000000                1
   5.1973258773260902        7.3562926529367161        38.894441280033675        2.0000000000000000                1
   9.9271687423183579        5.7925441400039874        16.066422410119038        2.0000000000000000                1
   5.4055459078970811        6.0022247660155168        28.577842652361035        2.0000000000000000                1
   8.5648103801528155        9.2648116924248924        14.166551499418766        2.0000000000000000                1
   7.7187066544845813        9.7656981383564574        30.524341828397322        2.0000000000000000                1
   9.3577795922139444        4.5248292065068281        20.180415433403205        2.0000000000000000                1
   9.2201696283849017        8.5160154638157337        22.666550562272672        2.0000000000000000                1
   7.9415033354220830        9.6519438680169447        2.9113997388448514        2.0000000000000000                1
   8.1459124953416424        6.8657888095362996        23.109853645498475        2.0000000000000000                1
   4.6366094352945888        9.4161822534247559        19.279416599286279        2.0000000000000000                1
   8.6578176692301980        9.2388743279033676        24.643603213828147        2.0000000000000000                1
   9.0803449468202029        4.5773838905649615        14.114243595793530        2.0000000000000000                1
   9.8560560595463880        6.7994905795037344        15.940116840197250        2.0000000000000000                1
   3.0051091611182779        6.6024922813410898        20.832252388852623        2.0000000000000000                1
   8.3167201403705384        5.9510695731837933        27.389343369595654        2.0000000000000000                1
   5.7619875110309495        6.4514845902585281        38.875877266749640        2.0000000000000000                1
   5.8395930049746232        5.0580494287699818        3.1696540533250865        2.0000000000000000                1
   6.4777763352405602        5.2204088054141344        31.156244007707212        2.0000000000000000                1
   3.4110381882355694        8.0754556724615298        25.976518674014226        2.0000000000000000                1
   8.9179345781243047        9.0235509432891217        32.888447108045483        2.0000000000000000                1
   7.7108826248282591        6.8880486582315816        33.860043117937273        2.0000000000000000                1
   4.5787474353061315        9.2578596923259138        8.7072999682057493        2.0000000000000000                1
   3.3248304439378602        7.8215381025781490        14.809768651441221        2.0000000000000000                1
   3.4774567450600369        5.9335922703238504        29.332665499463090        2.0000000000000000                1
   7.2061151350426238        9.9157160381637244        34.611732125540705        2.0000000000000000                1
   9.8916756622736735        6.3721759090373373        5.9876337884016264        2.0000000000000000                1
   6.4674677539417473        3.0351437616733610        4.9031174186261310        2.0000000000000000                1
   7.0572273084789430        5.1243283258907528        6.4195669995165270        2.0000000000000000                1
   9.9232746319739551        6.7672025025482423        17.976321089145543        2.0000000000000000                1
   7.4850357791393893        6.0636694259159380       0.11092268378696102        2.0000000000000000                1
   7.4297089356743635        5.7984006152761465        29.236460565561000        2.0000000000000000                1
   7.7639992577081491        5.5263113619172586        8.6819938658812301        2.0000000000000000                1
   7.0475437878987250        4.7575966795217823        14.838500435629223        2.0000000000000000                1
   6.1491384242262956        3.0275842030202056        2.6316479299282647        2.0000000000000000                1
   3.6201721617491294        4.6369457302276009        21.052427452058801        2.0000000000000000                1
   7.4897804697146322        3.1536694013200086        36.522282776742145        2.0000000000000000                1
   5.6412855698403863        5.0625040008863555        1.0433196654168766        2.0000000000000000                1
   9.0472679514692853        8.5723395801116986        18.226159164573442        2.0000000000000000                1
   3.4396989318686413        7.4917491387045834        25.150924456354989        2.0000000000000000                1
   4.2831531382899328        4.1750967918377153        32.803392349018999        2.0000000000000000                1
   7.4759302726636818        5.0615886955917349        37.674332294629167        2.0000000000000000                1
   5.8885633886157738        6.6984414847412133        18.106271645745409        2.0000000000000000                1
   4.5503674072657123        9.2428880820808228        36.037324372392526        2.0000000000000000                1
   4.6104106935457203        3.6381948911832835        17.774473017767896        2.0000000000000000                1
   6.0724871844591188        5.1439038125087650        14.704793856903809        2.0000000000000000                1
   8.0444333188709827        9.5364706640978198        32.664507681368498        2.0000000000000000                1
   9.3326873514610398        4.5016584968835502        38.885912934932676        2.0000000000000000                1
   9.2008786821897068        4.4155160212685134        25.399099021929285        2.0000000000000000                1
   7.2512613347554167        8.0866381995376404        35.871288314512690        2.0000000000000000                1
   4.4177187358106451        9.2289965077429965        20.382680041815494        2.0000000000000000                1
   7.6179186673359958        7.7250410795089399        8.9198530043375861        2.0000000000000000                1
   4.8167903447878082        9.4802251180010408        26.813867535258911        2.0000000000000000                1
   6.3983516567336869        9.9666443330744023        24.711718247903459        2.0000000000000000                1
   8.0618685666052858        5.8958788405468221        2.4516668362137066        2.0000000000000000                1
   5.7657268061505862        3.1363514479464381        31.933602390242257        2.0000000000000000                1
   7.7899522558258081        7.1131818209313753       0.13218832262914898        2.0000000000000000                1
   7.3972280136450710        9.4892484705515141        14.113890144246193        2.0000000000000000                1
   8.5528644564546727        4.2788185653427133        32.356045716235258        2.0000000000000000                1
