     1000000
           1
  0.10000000149011612     
   2.8095946979711668        2.5909302332462985        29.270290461150179        1.5000000000000000                1
   3.9240032591066152        5.1398692627149236        23.295502084937223        1.5000000000000000                1
   4.1381871719664494        2.3173294211441982       0.32871463490408531        1.5000000000000000                1
   2.6055856570146751        4.7191935252363679        37.527906999002347        1.5000000000000000                1
   3.2119048610811922        5.0722946199173338        7.0933737962908747        1.5000000000000000                1
   2.7496252829903454        2.6624759631086059        26.405331699629116        1.5000000000000000                1
   3.7178068210578141        3.7565970501368859        19.259760852847492        1.5000000000000000                1
   3.7735718463102472        3.7586815559470708        16.608639523717276        1.5000000000000000                1
   4.6047195868535082        2.5202959129678866        29.372106056981124        1.5000000000000000                1
   5.2066452542785626        3.5426550079625967        26.047360760696865        1.5000000000000000                1
   3.6292878712365653        2.3576473432825349        36.210830933639798        1.5000000000000000                1
   2.3195126172191558        4.0992338432252016        24.820857232695268        1.5000000000000000                1
   4.2267242683027320        5.1260462270457969        17.228370227341781        1.5000000000000000                1
   3.7102740663561247        3.7754274949515620        25.297643813491849        1.5000000000000000                1
   3.7139967617537892        3.8034916799451590        37.054919851468526        1.5000000000000000                1
   4.7856504200239351        4.7853305633414722        4.6337261557277705        1.5000000000000000                1
   5.0734542593102434        4.4171785340145595        27.295773011588270        1.5000000000000000                1
   2.3504088639278211        3.2483109947638620        13.880899689770521        1.5000000000000000                1
   3.9580846984543947        5.1792491468860149        37.993447906181963        1.5000000000000000                1
   4.5586638107226927        2.5040890384971575        20.736314442915585        1.5000000000000000                1
   2.2612154139551492        3.7752318538703169        17.047257312811592        1.5000000000000000                1
   3.7298921894990218        3.7825385361024666        35.544628949409258        1.5000000000000000                1
   2.5209977327385418        4.6042247769561291        32.542891186254998        1.5000000000000000                1
   2.8250085490298713        2.6460118294910751        19.936418466268698        1.5000000000000000                1
   3.7087040378495733        2.2624479021409272        28.882476260950501        1.5000000000000000                1
   5.1821861908830451        3.3852580939253256        36.314924074740965        1.5000000000000000                1
   3.7013319612187212        3.7879082842442173        6.0942259738678581        1.5000000000000000                1
   5.1092687811257900        4.3472350072319026        15.731961416541765        1.5000000000000000                1
   3.7387679426766294        3.7554213842989461        13.563068230693919        1.5000000000000000                1
   4.6901493449788720        2.5861524884770448        5.0970002974688322        1.5000000000000000                1
   3.7649265905735700        3.8280399838861672        20.335380132894961        1.5000000000000000                1
   3.7447513956822185        3.6811597370799043        26.879492462909891        1.5000000000000000                1
   3.7983038550042525        3.8252886710580856        10.763763681645861        1.5000000000000000                1
   2.4106086485752112        3.1237558378992101        18.486379895226445        1.5000000000000000                1
   2.7045876593655871        4.7887166890072894        21.202821002004612        1.5000000000000000                1
   4.0404709266835441        2.2977744837727543        27.908576082827267        1.5000000000000000                1
   2.3118047029837561        3.3680191044236567        39.206331124690038        1.5000000000000000                1
   4.2996736604051460        2.3766070938727895        19.769846289399002        1.5000000000000000                1
   4.5714597162249664        5.0006120978484176        19.766734748026987        1.5000000000000000                1
   4.2411449789560045        2.4034720675389556        24.830813825378755        1.5000000000000000                1
   4.6318352505209575        2.6462973008567414        8.2595582537615613        1.5000000000000000                1
   2.3769425187908810        3.2253685582467888        9.6484136838136401        1.5000000000000000                1
   5.2076362779987244        3.5241212777198965        27.731385926704863        1.5000000000000000                1
   3.2427297322260640        2.3784457706914051        6.9032009460486101        1.5000000000000000                1
   3.0782567033698642        2.4189653329266485        11.331703778072447        1.5000000000000000                1
   3.7556797522912229        3.7732126088282758        3.0199220820933173        1.5000000000000000                1
   2.7991385019623003        4.8567731921903468        27.475911343965556        1.5000000000000000                1
   5.0741701332051585        4.3319163563885521        17.318529365767006        1.5000000000000000                1
   4.9172785619536699        2.8330235071611742        6.6692447733686349        1.5000000000000000                1
   3.3320869846362200        5.1836785468273554        18.770945398835767        1.5000000000000000                1
   5.2008673366019247        3.5871564748868683        19.862699402222130        1.5000000000000000                1
   3.7488196757423848        3.7692419266919224        21.847815987151034        1.5000000000000000                1
   3.9342911763906927        5.2097354958289417        26.410429948713730        1.5000000000000000                1
   2.9010508807448958        2.5140221324655521        34.731856692233016        1.5000000000000000                1
   5.0867944584012825        3.1859765010609205        21.303840782992115        1.5000000000000000                1
   3.1192971989193765        2.4524813121636311        27.471351907224445        1.5000000000000000                1
   3.0408807967461171        5.0449853499555122        19.720211703419515        1.5000000000000000                1
   5.1199957846769895        4.2242514597357737        8.7062035017381199        1.5000000000000000                1
   4.2798729207662358        2.3557135899133104        23.813663733612220        1.5000000000000000                1
   5.1321298620476066        3.4820682823113414        38.856455462046824        1.5000000000000000                1
   4.7961267324448338        4.7575920356933858        28.780835821165848        1.5000000000000000                1
   3.9811836864802124        2.2993985609616221        2.7042286730020337        1.5000000000000000                1
   2.3289587516421717        3.3896258817253333        8.5724436824181556        1.5000000000000000                1
   5.2369636720894670        3.9446192825690649        33.109924199396140        1.5000000000000000                1
   3.6469494578072577        2.3080646329462278        30.622282168103887        1.5000000000000000                1
   2.3735369340244339        4.3097320937077361        8.0866710750879456        1.5000000000000000                1
   5.0260605873994733        2.9768642841779989        9.6900976975311703        1.5000000000000000                1
   4.6703116682763399        4.9219761740110624        10.076036902435673        1.5000000000000000                1
   5.1667862673553984        4.2163236993579023        6.0098724664946905        1.5000000000000000                1
   2.3366364485514812        4.2198894118074222        3.4839196886894332        1.5000000000000000                1
   2.5029379756749242        4.5677446589996382        16.449213830698255        1.5000000000000000                1
   5.1357916664032341        3.9325885748085638        29.238159424475899        1.5000000000000000                1
   5.1873725477904138        3.4441982949555494        5.3112426494801657        1.5000000000000000                1
   2.7804602454839746        2.6257775733045214        35.745155935539330        1.5000000000000000                1
   4.9652370178717042        2.8767094762982914        33.271102436518518        1.5000000000000000                1
   2.3521368759410293        4.2892803701163356        15.498368524988107        1.5000000000000000                1
   4.3566284626976124        5.0388161060268217        22.387093781318274        1.5000000000000000                1
   4.2665179750811806        2.3436920874318194        26.397542252832064        1.5000000000000000                1
   2.7401546021824026        4.8562841452319914        1.1622877355123253        1.5000000000000000                1
   5.1487217876017679        3.2854348715140427        31.645992954424162        1.5000000000000000                1
   4.7272300827762077        4.8585903381172608        36.715243482873305        1.5000000000000000                1
   3.7570372978878748        3.7228827183850997        24.226803723821234        1.5000000000000000                1
   4.4700448754768116        5.0436129197253434        16.102717947195924        1.5000000000000000                1
   5.1735696338130017        4.1946279621878313        34.298989081982477        1.5000000000000000                1
   3.7402361973146823        3.7105341696289655        7.6830142901685825        1.5000000000000000                1
   4.3508327922469139        2.3899305671076112        13.405059347403940        1.5000000000000000                1
   2.4408868430818607        3.0660371850335459        27.888273792765691        1.5000000000000000                1
   4.8641450337643439        4.5455543838999510        30.758487323628749        1.5000000000000000                1
   4.1046312250145078        5.1794315988094253        13.121396498322904        1.5000000000000000                1
   2.2647014236417289        3.6350581565971751        32.457456142918765        1.5000000000000000                1
   4.2271653697774809        2.3797799127108985        18.261183292392143        1.5000000000000000                1
   5.1232428415682572        3.9259868578351682        7.0452293379536597        1.5000000000000000                1
   4.6920150906176534        2.6265212413229220        38.573661095508818        1.5000000000000000                1
   4.6165934365153278        2.5588553052441045        15.942104127993785        1.5000000000000000                1
   3.7249231405504313        3.8094645839813173        4.0587117312107885        1.5000000000000000                1
   3.5652816995493235        5.2359283174398774        28.048201579263015        1.5000000000000000                1
   4.6266495396167766        2.6092416120740167        36.015473870653025        1.5000000000000000                1
   4.8236237334867491        2.7039507349051162        22.238495442518140        1.5000000000000000                1
   5.1386301159734211        4.2780469281862503        22.412624947466455        1.5000000000000000                1
   5.1675074068012643        3.9433075813418514        12.967121135740321        1.5000000000000000                1
   3.6121307767042405        5.1832568201427538        15.595884297025265        1.5000000000000000                1
   5.2129443426112729        3.4657699979870138        11.425805721758165        1.5000000000000000                1
   4.7542541888440786        2.6360393644632998        27.256560151093456        1.5000000000000000                1
   4.4343359983005213        2.4613777414018374        31.901962576874716        1.5000000000000000                1
   3.8222775376402445        5.2273793005824656        36.478814703672718        1.5000000000000000                1
   5.0160969747568451        4.5449308629862566        11.501518350466764        1.5000000000000000                1
   4.3901988473105886        5.1060437715440887        2.5062242565059543        1.5000000000000000                1
   3.2258463455679425        5.1254572702658141       0.28726460644807583        1.5000000000000000                1
   2.3629676497188230        4.0378722931763127        2.4509018045741744        1.5000000000000000                1
   3.1881263312357677        5.1207366857347605        34.958959957542831        1.5000000000000000                1
   4.2023290031806555        5.1615943231132819        35.010807579412074        1.5000000000000000                1
   2.2955337360200008        4.1110833583348558        5.6248770355571196        1.5000000000000000                1
   3.6357132061801800        3.0834852452307944        26.075313170291349        1.5000000000000000                1
   3.5679638381403467        5.2059277183589154        8.5713980069332525        1.5000000000000000                1
   5.0852231118449494        3.0944301066731197        28.694179845471083        1.5000000000000000                1
   2.2776178833414216        4.0230019392677496       0.67571148794506231        1.5000000000000000                1
   4.4575944948583421        5.0551788743064234        3.5938640225096883        1.5000000000000000                1
   3.1436734329547802        2.3967962507969323        33.254256214453171        1.5000000000000000                1
   3.8747936569263128        2.2717246152134503        34.723669319268048        1.5000000000000000                1
   2.2930957378473180        4.0772699184880663        4.4749086337947466        1.5000000000000000                1
   5.2063668535644414        4.0025418005999223       0.45382667441409835        1.5000000000000000                1
   2.4512116508949497        3.0055683477621780        7.0118512391122234        1.5000000000000000                1
   5.1385531979981627        4.2283962433695903        14.734812783821745        1.5000000000000000                1
   5.1112421321229551        3.2618882598925576        34.714784653552037        1.5000000000000000                1
   4.9102770325466860        2.8722357778572407        2.6592688103022608        1.5000000000000000                1
   3.1440613459816196        2.3824105201853150       0.18971587903048989        1.5000000000000000                1
   4.5158399471000150        2.4871213676418971        4.0998089781268208        1.5000000000000000                1
   2.5402887487269874        2.8699727315056092        37.222895603170315        1.5000000000000000                1
   3.7578657420939376        2.3293311511214672        38.792169530373485        1.5000000000000000                1
   2.2840798058377505        3.4350252635958958        30.414202465643232        1.5000000000000000                1
   3.4180159169099973        2.2972060424233121        37.204567838606003        1.5000000000000000                1
   2.3510427900481359        4.2706213464463794        19.834383994825650        1.5000000000000000                1
   4.8884228283105795        4.5232147095942441        38.981926833087300        1.5000000000000000                1
   2.3594452920862725        4.2734724330386191        13.883690379782346        1.5000000000000000                1
   4.5276822355927155        4.9832827585387705        5.5848093250848736        1.5000000000000000                1
   2.6373096789899022        4.7013869296227746        11.332520223776319        1.5000000000000000                1
   5.0925486579312071        4.3633089751219867        2.3664079317581499        1.5000000000000000                1
   2.4239843104653587        3.0684851695545965        24.850017709671423        1.5000000000000000                1
   2.8614097481929419        4.9417033727270976        35.991232584750662        1.5000000000000000                1
   3.4950987495776404        2.3527067806824022        20.623234213228670        1.5000000000000000                1
   3.1037728525173320        5.1026637819781184        39.282841861439124        1.5000000000000000                1
   4.2972172079975222        2.3778606812220655        12.352344308037571        1.5000000000000000                1
   3.1797331990851236        2.3638317082631226        24.835088649847854        1.5000000000000000                1
   3.7069628386226734        3.7694649425274172        17.700743933320421        1.5000000000000000                1
   3.7568187055408928        2.3812068898316556        14.268325424318130        1.5000000000000000                1
   2.5485683702910080        2.9476884398229055        10.636646787924283        1.5000000000000000                1
   3.7767968416494520        3.6846695018656126        22.914472606974069        1.5000000000000000                1
   2.3557995523415083        4.2200212448379686        31.055812442760725        1.5000000000000000                1
   3.1675513334337992        5.0985325177107015        22.602550168065942        1.5000000000000000                1
   3.5257675626028160        2.2928090518414099        1.7172840268094451        1.5000000000000000                1
   5.1691934964955708        3.3821065811334057        16.120480636270081        1.5000000000000000                1
   3.4995412160785939        2.2792387208825287        32.215145730808381        1.5000000000000000                1
   5.1236388418972263        3.2611874029517640        3.5566217593540346        1.5000000000000000                1
   2.5935198602058094        2.8059703240013301        16.976921161617042        1.5000000000000000                1
   3.6131406844300193        5.2407136161623846        21.099370107250156        1.5000000000000000                1
   2.3796941589440586        3.1515812529824183       0.18866599989012570        1.5000000000000000                1
   2.4126621289492514        3.0727967745924456        21.964579168233673        1.5000000000000000                1
   4.9774783937158986        2.9619721449340100        12.872638230250278        1.5000000000000000                1
   5.2320454826578704        3.9081995821190816        1.4817587502486811        1.5000000000000000                1
   5.0291949043663253        4.4725646330216247        18.318150777121001        1.5000000000000000                1
   3.2367562972748805        2.4161073871657441        18.498302700386290        1.5000000000000000                1
   2.3913577400635320        4.3764357320843503        39.175140687490696        1.5000000000000000                1
   4.3127474078491383        5.0673734800040302        27.326967800653726        1.5000000000000000                1
   2.8929517558328453        2.5190507479463786        8.3611152749062683        1.5000000000000000                1
   3.4685982389159586        5.2199020116901220        24.746693920878975        1.5000000000000000                1
   3.5788539407943571        2.2878173666186208        15.915061611478050        1.5000000000000000                1
   2.7803184229742457        2.6177067006673602        38.737829370903647        1.5000000000000000                1
   2.2786367422133842        4.0046010414236601        34.035016612527706        1.5000000000000000                1
   4.2290806611425884        5.1571620094379744        33.113625074615655        1.5000000000000000                1
   3.6254993406216802        2.2782328440274471        3.6651532379653884        1.5000000000000000                1
   2.6878549228448199        2.7703531168568674        14.727035930681224        1.5000000000000000                1
   4.8740370405340920        2.7643175683535994        16.938540381542484        1.5000000000000000                1
   2.4693154640774009        4.5241808324376667        25.731120031798046        1.5000000000000000                1
   4.3498330614469660        5.1208764944964846        24.253865175865201        1.5000000000000000                1
   4.5360790610302777        2.4745031751364652        37.515842721441139        1.5000000000000000                1
   3.7201571346820272        3.7773101579257675        28.398305124276707        1.5000000000000000                1
   3.4504102600621271        2.2876397267308199        16.959084069423795        1.5000000000000000                1
   4.4208893922830539        2.4708575853774852        10.402568098089665        1.5000000000000000                1
   2.3149644821825457        3.4191244601932245        20.406056303979941        1.5000000000000000                1
   2.8291838742027258        4.9019372699169024        31.638775874256627        1.5000000000000000                1
   4.1771773341009135        2.3159437910906475        7.2896459609468334        1.5000000000000000                1
   3.3644507672315989        5.1823012047142782        2.5717173878902932        1.5000000000000000                1
   3.5971318244931960        5.1972445170655694        10.162892224395359        1.5000000000000000                1
   3.7686500039331108        3.7537076038224173        1.9656190299732348        1.5000000000000000                1
   2.4582643434984748        4.2453151624809546        9.8322363147733345        1.5000000000000000                1
   5.1703914720731001        3.9501327096389014        9.9146655480193999        1.5000000000000000                1
   2.7225068741607110        2.6799676549604645        5.4294936559853468        1.5000000000000000                1
   3.7280558978719132        3.7185716521818675        31.403176031604744        1.5000000000000000                1
   4.5222799886972433        5.0238695796044368        8.9557104050851901        1.5000000000000000                1
   2.2629534190601177        3.8723116834891260        35.087317753760274        1.5000000000000000                1
   3.7346283174353991        3.7681103568318188        33.429623206187678        1.5000000000000000                1
   3.6854621447859195        3.6926195754308737        38.110140834977564        1.5000000000000000                1
   4.7840274254322441        4.8105454974652284        12.443013101417678        1.5000000000000000                1
   3.1916800215804852        5.1371144389873651        33.102997530314802        1.5000000000000000                1
   2.7286806524020717        2.7472536692018590        3.6333145759239041        1.5000000000000000                1
   2.3044312416136261        4.0694294645643403        18.818393685417821        1.5000000000000000                1
   3.2838140661861552        5.1373855200666023        30.053095002477622        1.5000000000000000                1
   3.0854242187801133        2.4388001034470017        21.534172578611130        1.5000000000000000                1
   5.1110661838565408        4.3506172673179382        35.907896237473146        1.5000000000000000                1
   5.1901435689201127        3.3365965885866853        37.344198751745886        1.5000000000000000                1
   2.9318580638837153        5.0057782647091980        26.476241442415400        1.5000000000000000                1
   2.3579228726364234        3.9328797033531986        27.394116683022048        1.5000000000000000                1
   4.9746588213606087        4.5884049729340246        24.885709498638210        1.5000000000000000                1
   3.2543950716568468        5.1538025440958686        29.048430940858275        1.5000000000000000                1
   5.1334814216802895        3.3038262364123487        14.340446846399136        1.5000000000000000                1
   4.9675361715325232        2.9433074018869863        1.5706945272640835        1.5000000000000000                1
   2.2825828201378044        3.6477331316125174        26.424440476900671        1.5000000000000000                1
   4.9534372982421049        2.9152137878900821        5.1481837635516045E-002   1.5000000000000000                1
   3.8929952039289644        2.3143153087698920        22.200313453648768        1.5000000000000000                1
   3.8086518024910512        3.7879712934148091        32.429747199813448        1.5000000000000000                1
   4.6557970777924398        4.9163943854375294        25.776727071341135        1.5000000000000000                1
   4.1876280187168184        2.3369757538137081        33.750219545849681        1.5000000000000000                1
   2.2667516980981275        3.9401088869639289        6.6155408890043939        1.5000000000000000                1
   2.2691867255881313        3.7754594897498333        37.570371214024057        1.5000000000000000                1
   2.6736218738476292        4.7778053611218603        18.108197067576686        1.5000000000000000                1
   3.7073674284263118        3.7831880252814525        34.501095983368891        1.5000000000000000                1
   5.1975225754887449        3.8729139286739405        4.3522437407503851        1.5000000000000000                1
   4.3023991879602974        5.1364754518377529        30.165996670516797        1.5000000000000000                1
   4.5744776103576079        2.5508962727972775        11.396798199022156        1.5000000000000000                1
   3.2569638268520360        2.3337191060862770        12.368888532776790        1.5000000000000000                1
   3.7190056084305425        2.2702800050847882        5.4471243555379631        1.5000000000000000                1
   4.0842472775449927        5.2062481951201489        39.041145998098493        1.5000000000000000                1
   2.4135467940672433        4.3538938627699117        30.030887170233324        1.5000000000000000                1
   5.1319338833288555        4.2305338437830571        21.300922159145699        1.5000000000000000                1
   3.3397274661738470        5.1907331266948082        4.5861009580211034        1.5000000000000000                1
   5.2162547001990447        4.0239766662005145        23.474968038153985        1.5000000000000000                1
   2.6359613998550731        2.8801616807937478        12.973921653180790        1.5000000000000000                1
   4.6874601497494277        2.5941321218039475        14.913599554037170        1.5000000000000000                1
   2.9580671496526274        5.0038995451282062        3.4770774900244406        1.5000000000000000                1
   5.1519767240947232        3.4124464483344994        30.649429971310585        1.5000000000000000                1
   4.7113843864860430        4.8950626765277381       0.42574488960174822        1.5000000000000000                1
   2.3863970899909024        3.2844541525250150        15.551419115247793        1.5000000000000000                1
   3.7630585957728360        3.7195013884567985        9.2353420832528581        1.5000000000000000                1
   2.7611438749165522        2.6637427328553458        30.924837006133121        1.5000000000000000                1
   2.6042709642993671        2.8094493893322978        31.908285183250225        1.5000000000000000                1
   2.3166472467809180        3.3552545438250490        28.839577293519717        1.5000000000000000                1
   3.7520278341377473        3.6684490193703119        29.899905519141782        1.5000000000000000                1
   5.1319392601198635        4.3281380964365930        37.509008741924163        1.5000000000000000                1
   3.8231135620586767        2.2527214777476661        8.7855417106302909        1.5000000000000000                1
   5.0420024375569712        3.0469483144270670        23.717228622519524        1.5000000000000000                1
   2.9137683832376968        4.9947764725047712        9.3364966464260455        1.5000000000000000                1
   3.7434272695935231        3.7692468482817523        39.617935229432902        1.5000000000000000                1
   2.3950321336243952        4.3606568775264680        28.864243591232704        1.5000000000000000                1
   4.5660263354350823        4.9694753481622023        34.069336097190565        1.5000000000000000                1
   4.3421014284772204        5.1125639404028105        18.780939725878845        1.5000000000000000                1
   3.1141832920835637        5.0935234818657884        17.042382909945015        1.5000000000000000                1
   2.4359249124998676        3.0641588176227583        4.5459797441321763        1.5000000000000000                1
   2.4055605384858039        4.4139967186537508        22.745917334117390        1.5000000000000000                1
   2.2665823413049098        3.7010569436457414        11.231165199435800        1.5000000000000000                1
   2.4643738680394085        4.3734615223378261        12.846495122088365        1.5000000000000000                1
   4.7314096050283521        4.8770918138565094        14.068383270289011        1.5000000000000000                1
   2.8576214901239441        2.5679422211482872        23.370204039347342        1.5000000000000000                1
   2.2903348040185998        3.5517093405284248        23.410419840924845        1.5000000000000000                1
   4.2229935705142028        5.1724654844921032        11.568523591223165        1.5000000000000000                1
   2.2959934924598033        3.5310255041236296        12.240472790134067        1.5000000000000000                1
   3.7834387866289698        3.7487209647699662        11.896806027256591        1.5000000000000000                1
   3.0230108077241860        5.0459116756821007        14.212283434736813        1.5000000000000000                1
   2.8150090985653891        4.9087986987392114        34.015091560711085        1.5000000000000000                1
   3.7228605000136481        3.7853063676846141        5.0862862172071601        1.5000000000000000                1
   4.6927472535470480        4.9040988786846658        7.4335684332079595        1.5000000000000000                1
   2.4950110296582642        2.9757507681871682        33.873400011888414        1.5000000000000000                1
   3.2027615156346427        5.1131659255387145        12.685635158727067        1.5000000000000000                1
   3.6087298967316941        2.2919221418767712        9.7748114132188633        1.5000000000000000                1
   4.6656231716332739        2.5633587410909784        30.394725572159903        1.5000000000000000                1
   3.7460361608635919        3.7771763663231974        15.086186200191884        1.5000000000000000                1
   4.5665197203708869        4.9872183360214262        20.857439152362684        1.5000000000000000                1
   2.6039979935260478        2.7968254497020224        1.6434678991965592        1.5000000000000000                1
   4.7742785497915081        4.7584728019411831        31.738511755307567        1.5000000000000000                1
   5.0153771554689826        2.9796174884101525        17.970443690136175        1.5000000000000000                1
   5.2206102296289476        3.6303568376815640        18.835851891926058        1.5000000000000000                1
   4.2683401534655969        5.1403518306030103        1.3687335974403543        1.5000000000000000                1
   2.8985166860708222        4.9614545443924127        5.5606030958327217        1.5000000000000000                1
   2.3193716731768625        3.8732099526832253        21.320395996701372        1.5000000000000000                1
   5.0018252200720026        2.9749658879361895        25.226289534139280        1.5000000000000000                1
   2.7152166202238539        4.8100677046215985        24.192550980743825        1.5000000000000000                1
   2.3259760709526365        4.0844540066147745        36.101497325121841        1.5000000000000000                1
   3.8121629633658198        5.2281744157142684        31.623272867974119        1.5000000000000000                1
   5.2162906715238870        3.4404054214394275        8.0396949344750528        1.5000000000000000                1
   3.9350802417873707        5.1921714994014625        14.614487263391700        1.5000000000000000                1
   4.0659578527202775        5.1874256010058444        6.4985644649661385        1.5000000000000000                1
   2.4814401529033296        2.9799074374530048        2.6412975591754146        1.5000000000000000                1
   3.7540668762365663        3.7311069416292026       0.80730906493246035        1.5000000000000000                1
