     1000000
           1
  0.10000000149011612     
   2.3382367561163591        5.3034868607275225        13.332625462024509        1.5000000000000000                1
   3.5534229110722197        2.5816256731627525        16.660685234468396        1.5000000000000000                1
   7.2445339233329804        4.8559166053846905        34.978686350566598        1.5000000000000000                1
   3.6781038329907636        5.0056174009897161        21.607759757400618        1.5000000000000000                1
   4.9509265519274255        2.2591582030413995        20.553177436295286        1.5000000000000000                1
   3.3851656711214924        4.1326860582425544        33.678634229070539        1.5000000000000000                1
   7.1376277178700578        4.1082453855326113        6.3552813076155896        1.5000000000000000                1
   3.1963344860487908        2.8755791019669350        11.661226364503758        1.5000000000000000                1
   6.1923892915225487        4.4574537878447291        23.632406580207437        1.5000000000000000                1
   4.5394124088384604        3.7000450390310187        20.809807686696843        1.5000000000000000                1
   3.7742690206588447        6.0897318098446673        7.7474922790966394        1.5000000000000000                1
   4.8236226514406981        4.7159922615794967        6.2302063626389321        1.5000000000000000                1
   2.3657778886707388        5.4456871733039272        10.666925706645904        1.5000000000000000                1
   5.2287520381713053        3.8291477887252277        30.603397390629421        1.5000000000000000                1
   4.7862569105264132        2.2578033744167714        8.1597033709606723        1.5000000000000000                1
   7.2117185955800709        4.4199622561683301        27.381897194898716        1.5000000000000000                1
   3.5923408733644808        4.8714853538580760        11.403877037029973        1.5000000000000000                1
   5.9445484143867917        4.2092599058057942        39.605029220543400        1.5000000000000000                1
   4.0756380323934582        5.2148842360516685        18.513194575265615        1.5000000000000000                1
   5.7829993701591418        7.0088540968171724        33.101273934416234        1.5000000000000000                1
   2.6791647670412142        6.0919674090691931        16.898227835066400        1.5000000000000000                1
   2.5251211324122811        3.6231571697385543        7.7030001946932307        1.5000000000000000                1
   7.0360823891740916        3.7523403263945942        13.920104263413844        1.5000000000000000                1
   4.7242152143103660        5.7405558603996614        1.7837628058334429        1.5000000000000000                1
   4.2145108497453139        3.9614486153734565        23.124740400571628        1.5000000000000000                1
   2.8439354529560457        6.3521962875854339        20.513490231821599        1.5000000000000000                1
   7.0527182365629155        3.8196232008653754        19.279274521364758        1.5000000000000000                1
   6.7243924822928207        6.2777228950358950        3.9123300613760494        1.5000000000000000                1
   5.7047333336272299        5.8997929266793641        24.408632216009217        1.5000000000000000                1
   4.0615169088640304        4.5957693675055600        20.747012693387077        1.5000000000000000                1
   6.9742745076145694        3.8534157343341735        9.3813631290951154        1.5000000000000000                1
   4.0715179237001022        3.4859089435461019        38.703104182986920        1.5000000000000000                1
   5.2089124976832020        6.2645727777442914        19.870063651898104        1.5000000000000000                1
   6.2789666782225320        4.5972689750269655        6.6459642402093726        1.5000000000000000                1
   6.8793828870680374        6.0075467458605534        28.619641653308275        1.5000000000000000                1
   3.1468124654570899        2.8994429904514960        39.284174935179628        1.5000000000000000                1
   3.0242291388041553        6.5566228620598865        24.464978277053870        1.5000000000000000                1
   2.3431180349295513        5.3539646373633394        20.614609347785230        1.5000000000000000                1
   4.4838066746796219        3.7476946088717518        11.970345772544402        1.5000000000000000                1
   6.9486932513074500        5.9233247078144906        2.9431506973165482        1.5000000000000000                1
   3.8315015640470165        4.5302936914475360        36.007959573847913        1.5000000000000000                1
   4.9369009924685034        5.6664917356119533        6.5834671225696555        1.5000000000000000                1
   2.5113596785151708        3.6597238826302307        14.072746531646905        1.5000000000000000                1
   2.5701946647962028        3.5353647515305862        39.843801268827349        1.5000000000000000                1
   7.1564482966934921        5.2903615109541029        3.9028342850239861        1.5000000000000000                1
   2.4859128398883992        5.7129119901738541        26.825477064899356        1.5000000000000000                1
   4.8793076395612944        6.4406347071761463       0.14827043326081443        1.5000000000000000                1
   5.4771138468903979        2.3593074895819606        15.950103875420954        1.5000000000000000                1
   4.3381615127605171        6.3815448002971289        5.8997345806537931        1.5000000000000000                1
   4.4568506247078306        7.1830832903002904        3.2692775535659258        1.5000000000000000                1
   3.3105337688594587        6.7799914056352417        5.6958578066354910        1.5000000000000000                1
   6.4484029683262465        2.9860647568071630        14.389150249896691        1.5000000000000000                1
   3.3282430611574290        5.3958482650227255        6.4547137331579174        1.5000000000000000                1
   7.1850354749268153        4.3843414403407772        24.027009930882183        1.5000000000000000                1
   5.7821507829119110        4.8835960942948260        13.619413562880050        1.5000000000000000                1
   5.9694239071689132        4.8577216301901354        19.206294322230089        1.5000000000000000                1
   6.3175948599491392        2.8593094128866561        37.881886901927032        1.5000000000000000                1
   6.5865909647316458        6.4288970900173910        4.9291579415444513        1.5000000000000000                1
   3.3575088258769723        6.8239683068153978        34.804157247415624        1.5000000000000000                1
   4.0273509943309911        4.0523999646243096        27.848259858595984        1.5000000000000000                1
   5.0695157944301243        5.6512846079526575        30.782171519931925        1.5000000000000000                1
   5.4317136631884422        3.9891950314460707        24.099006139753275        1.5000000000000000                1
   4.5747898058551533        2.2634297383661530        11.487402451084263        1.5000000000000000                1
   3.6560841060985587        6.9874481682821425        8.1981388767312513        1.5000000000000000                1
   2.6633854176419876        6.1017325735423551        6.0610482283567135        1.5000000000000000                1
   2.6046264164737378        6.0117904112495895        11.524390458466730        1.5000000000000000                1
   4.5463116874443026        2.3055977278275384        35.069027052041214        1.5000000000000000                1
   5.2250218675678139        7.1922304496581608        4.8900146399143365        1.5000000000000000                1
   3.8805094645812481        7.0709632710532668        29.450728942360559        1.5000000000000000                1
   4.7416892824083279        2.3140838890684825        33.092139719416735        1.5000000000000000                1
   2.3073525977359002        4.2254615153322908        27.907921713188721        1.5000000000000000                1
   4.2461773187656249        5.5990300400954212        28.754064598616015        1.5000000000000000                1
   5.4185948401006785        5.4683038144440692       0.27808215998493813        1.5000000000000000                1
   6.8358809562548082        6.1123718268060712        36.507196245746989        1.5000000000000000                1
   3.8026749517638514        2.5072072763352309        36.397221728919803        1.5000000000000000                1
   3.9978968612551484        7.0004655857710025        21.274560011209275        1.5000000000000000                1
   2.2821891006343145        4.4019818947327582        8.3246926733683608        1.5000000000000000                1
   6.0047148626711468        5.5753406158738352        5.5173720871724727        1.5000000000000000                1
   5.6972568574349634        4.5645269943632636        33.413542310570413        1.5000000000000000                1
   5.1229243127178776        7.1593916161946165        11.993600594537668        1.5000000000000000                1
   4.0730695894418378        2.3675446821384769        18.088889783141525        1.5000000000000000                1
   4.6837897536828841        3.2201551114722768        21.755698134352258        1.5000000000000000                1
   2.2801750327271901        5.0160682439310165        39.672519146969421        1.5000000000000000                1
   3.2573833729883908        5.1894469984769822        34.743866634731049        1.5000000000000000                1
   5.3588816297020658        4.6943955978136200        38.842525443729478        1.5000000000000000                1
   5.1718830720341806        3.7978046442262157        1.7280479719175581        1.5000000000000000                1
   6.0449229881496249        6.8862408711816698        26.322112351781819        1.5000000000000000                1
   6.9248847069981325        3.5513035529858299        4.9301417295691019        1.5000000000000000                1
   4.3712909181725585        7.2108397883921631        39.548650080626004        1.5000000000000000                1
   4.5914149433819320        2.2619086709418670        26.457012057788916        1.5000000000000000                1
   4.7988890675191689        4.8415333276150836        4.9698700341962576        1.5000000000000000                1
   2.2827999365134137        4.4668234333973773        7.2157182200179699        1.5000000000000000                1
   4.6831069965728700        7.0890332692416029        24.919452033845115        1.5000000000000000                1
   7.1682899846812935        4.2718048717526846        17.501164823285482        1.5000000000000000                1
   4.3552564958497042        3.8643179212392682        33.704812748672850        1.5000000000000000                1
   3.9560927529058438        3.5803429852116491        18.277814851973307        1.5000000000000000                1
   6.6898747512410246        3.1934262722540989        21.204565715013281        1.5000000000000000                1
   3.5047436836858701        2.6748520354039371        5.3385582814253505        1.5000000000000000                1
   6.7992708146424041        6.1310289988606428        10.464848209698618        1.5000000000000000                1
   6.6062608301353141        6.4018541702805134        8.6834000854322912        1.5000000000000000                1
   3.6690236217056436        2.5943909742549076        38.403023137180647        1.5000000000000000                1
   4.9768734390491245        4.8036496233115944        18.967175906204329        1.5000000000000000                1
   4.3571445073368649        3.9946742362192484        29.369329876567566        1.5000000000000000                1
   3.8659705954269197        5.2614586656957556       0.61644319362193223        1.5000000000000000                1
   5.6119846215775038        2.4087218388673457        32.604175447088977        1.5000000000000000                1
   6.3144122098824775        6.6814594472143458        23.135947313228904        1.5000000000000000                1
   5.2960831931479575        6.2063893537154167        14.514100534953768        1.5000000000000000                1
   5.0191783917511037        6.5888834600153672        36.830221059682593        1.5000000000000000                1
   3.5051367979585559        2.5890360341541485        20.957384585780858        1.5000000000000000                1
   5.1810848157675000        3.2742226685551730        4.5531603667257272        1.5000000000000000                1
   2.3081882462040073        4.2522319248117322        2.1796969293022808        1.5000000000000000                1
   5.0372574021118011        3.1747916106047351       0.94754403431740331        1.5000000000000000                1
   4.4364230735963242        2.2987244745670465        7.1290415063290649        1.5000000000000000                1
   6.0612284158918435        5.5719294455410573        16.736589222891606        1.5000000000000000                1
   2.2620177554765566        4.8960751006628005        1.3956531420575817        1.5000000000000000                1
   6.0182508674055679        2.6503907418659240        29.913667226188686        1.5000000000000000                1
   6.3767468296384466        4.7007940734352864        1.8540220800452432        1.5000000000000000                1
   2.5868380792955588        5.9953420305543021        39.476468567573988        1.5000000000000000                1
   2.9123596219485495        6.4129884805517765        3.9749961264004292        1.5000000000000000                1
   7.2417659641402254        4.8725031663806586        19.066879619771768        1.5000000000000000                1
   4.2519798116805658        5.6563882810018171        38.160159266223438        1.5000000000000000                1
   6.6605361872885380        6.3350663906267242        5.9641511873924671        1.5000000000000000                1
   5.0659239089307935        5.3149954091351885        25.711899274550259        1.5000000000000000                1
   2.2602162576778912        4.7591422375193675        17.562098495887536        1.5000000000000000                1
   3.9205738718681529        4.0894730825013887       0.43775338252784668        1.5000000000000000                1
   3.7560162437035065        4.3078080632399534        2.8841030295174832        1.5000000000000000                1
   6.9684374900920885        3.6186480386118047        18.256024752851644        1.5000000000000000                1
   4.7800983737083476        7.1867485050079267        21.892837029279075        1.5000000000000000                1
   6.2206874468594826        2.7674505232861084        36.841316716815506        1.5000000000000000                1
   7.1283185501876618        5.4101564402512121        16.512010352376556        1.5000000000000000                1
   2.3748176183379091        5.3049116383225776        7.8917575023233031        1.5000000000000000                1
   5.0151954382778818        5.6658390705935098        21.364189719265511        1.5000000000000000                1
   4.4812627681999828        2.9769546815474786        12.928412259144171        1.5000000000000000                1
   4.8398387993497236        2.3682146637726977        34.090594161036655        1.5000000000000000                1
   5.9346898327177735        3.6356849859750882        5.1053136681324069        1.5000000000000000                1
   4.7386637429180691        6.0710061481137672        22.237654044731570        1.5000000000000000                1
   3.3467017134411003        2.6832191077957557        19.374386556651388        1.5000000000000000                1
   2.6327871828041753        6.0472337456607708        30.317191813147364        1.5000000000000000                1
   4.5657878819889950        7.2363443547707913        1.0613979527338058        1.5000000000000000                1
   7.2217124395937882        5.0171270756519775        6.8332964105604530        1.5000000000000000                1
   5.4436718046051817        3.2745019751073903        9.5413824366034099        1.5000000000000000                1
   3.9016468515411704        4.4439200735592319        37.019548328957420        1.5000000000000000                1
   2.7518239923009395        3.2505688163136663        20.681940101143958        1.5000000000000000                1
   2.2795300478766638        4.5889659072100892        26.953050443143848        1.5000000000000000                1
   6.3323144696396838        6.6417849234704986        24.740919792827864        1.5000000000000000                1
   5.1734561939677475        3.7594564027417237        33.130869257757652        1.5000000000000000                1
   5.9401485498505036        6.8819516116477324        4.2501025842341802        1.5000000000000000                1
   4.6490180611692455        6.0527487944657068        17.354103972602623        1.5000000000000000                1
   5.7758347364911140        2.4880976667836778       0.74051902942872305        1.5000000000000000                1
   3.5190096844145273        3.8486028441973050        11.619788191817563        1.5000000000000000                1
   6.3731328232967250        2.9178879266728424        23.437072761693038        1.5000000000000000                1
   6.2534339240224250        4.5393180622794320        9.2119034572171596        1.5000000000000000                1
   5.0456628744244627        7.2266077073283919        13.067061557873895        1.5000000000000000                1
   6.9669976438655796        3.6305168150829239        10.363414013744269        1.5000000000000000                1
   4.0742892448988623        2.3740663125832695        20.072817690567511        1.5000000000000000                1
   3.0927626131862880        4.2077094823345078        21.912096524783170        1.5000000000000000                1
   5.4521024313666189        2.3693894473279182        10.771907641215273        1.5000000000000000                1
   5.0980968852562922        7.1519614248220655        14.142231988416896        1.5000000000000000                1
   4.8159525153527216        3.2134536847054305        39.406441950973047        1.5000000000000000                1
   6.6073708123077735        3.1006313144926625       0.71286575337619873        1.5000000000000000                1
   5.4665500146868089        5.6482122939308246        22.806784120874731        1.5000000000000000                1
   5.9871391854557796        6.7682196793711773        7.3388243035179537        1.5000000000000000                1
   7.1994045034828309        4.3537957030336525        31.773175945665070        1.5000000000000000                1
   5.4979821235110240        7.0556438950055771       0.64336489274241726        1.5000000000000000                1
   4.8982381473260865        7.2278940700247487        5.8770133409734076        1.5000000000000000                1
   5.7706749299185001        2.4712879716640526        28.905618368989209        1.5000000000000000                1
   5.2893227049106120        2.3197593905296436        36.924045408510146        1.5000000000000000                1
   2.9897951073538223        6.4902853050928631        38.652654344453254        1.5000000000000000                1
   3.2820175796363209        6.7498455779584630        11.144064368060301        1.5000000000000000                1
   6.5617500987190791        6.3559960759893448        27.706393559179276        1.5000000000000000                1
   3.7650753167104876        6.9508969118362680        33.347508328357613        1.5000000000000000                1
   4.8327417676736202        7.1870677404746894        18.718867607347207        1.5000000000000000                1
   3.5082804841631319        2.5898436564455540        37.383298362682226        1.5000000000000000                1
   7.1895720249497543        5.1972824937427609        10.295628215878716        1.5000000000000000                1
   5.8054235310160367        4.8235193291597689        2.7180656244399852        1.5000000000000000                1
   2.5221739911034318        3.6685303761576704        10.228458442624756        1.5000000000000000                1
   6.0300387337652577        5.4663409133926999        38.447914027835161        1.5000000000000000                1
   2.2697398223847376        5.0460297258873164        35.001153743608143        1.5000000000000000                1
   5.5412415294579738        5.7523864516365482        7.5060756776754829        1.5000000000000000                1
   5.8416975125865731        6.8915622999502339        6.2886572636625706        1.5000000000000000                1
   6.2208013078517892        6.7683339630388542        17.646595456306581        1.5000000000000000                1
   6.8943878529511062        3.4763258775041002        27.636182557224540        1.5000000000000000                1
   6.3126858782473656        5.0781985513891286        39.950518490444601        1.5000000000000000                1
   6.1283254438072747        4.1158251624380675        10.665861223924191        1.5000000000000000                1
   5.5766970968246410        4.1600033022433136        16.509621863890150        1.5000000000000000                1
   5.9438288680336413        2.5967645486191970        2.2295768755795566        1.5000000000000000                1
   5.3831136169467060        2.4256026719581412        27.953690447875687        1.5000000000000000                1
   4.1627581479652527        2.3272501851689142        9.9784183580570662        1.5000000000000000                1
   5.5300875287585569        5.3325926558657786        12.736317078583259        1.5000000000000000                1
   4.1149924618969802        5.4947671142968453        39.143062043963582        1.5000000000000000                1
   2.7056218850910860        4.9762813318075203        23.221439894734036        1.5000000000000000                1
   5.0540870652133432        5.5447656256837572        28.107983246538950        1.5000000000000000                1
   5.3715180667767051        2.3643291811427716        6.7611490520356083        1.5000000000000000                1
   3.8408567466461094        2.4307327740390514        12.294408236642619        1.5000000000000000                1
   2.7882028456251460        3.2364619488579942        32.140554737504360        1.5000000000000000                1
   6.1371849215502650        3.9767814665180605        19.843160148695613        1.5000000000000000                1
   6.1773621121531344        4.0205200758193822        3.3330376862894782        1.5000000000000000                1
   5.3974179451579705        6.1047032608648122        12.093639167239042        1.5000000000000000                1
   7.1993704218653445        5.0690926632343682        28.145853464208589        1.5000000000000000                1
   6.8526658314436233        3.5004152592660112        28.662325136206036        1.5000000000000000                1
   3.2245917091541290        4.6095479647648565        28.121639564993629        1.5000000000000000                1
   5.0662269758434046        5.6547230504296930        38.764474629607186        1.5000000000000000                1
   5.5002023367665194        2.3707979481170072        11.889341072250970        1.5000000000000000                1
   3.4244672970672521        4.8544980251791854        5.5970873376007448        1.5000000000000000                1
   7.0252831221027146        3.7149190618343333        20.368434110460427        1.5000000000000000                1
   4.4529223318696776        6.3579159168848243        28.014755741020974        1.5000000000000000                1
   6.5117787284211133        3.0044919692889267        35.164919307970479        1.5000000000000000                1
   5.5108046362642833        5.2849412564540756        31.698534880926097        1.5000000000000000                1
   4.4300643363934764        2.3265176228309450        5.5431022622150143        1.5000000000000000                1
   3.4401816532158280        6.8705878852721511        26.344035500345658        1.5000000000000000                1
   5.2524824831099339        2.3351857688658391        12.859013838886167        1.5000000000000000                1
   5.6933632090527375        7.0605999652922939        10.950010450056812        1.5000000000000000                1
   3.8152923313858280        4.8266333836248263        10.422569646798804        1.5000000000000000                1
   3.2602074829041983        5.0804151055155105        17.847753363810888        1.5000000000000000                1
   2.9876035442751308        6.4866444866665525        27.285573002496101        1.5000000000000000                1
   3.2998571973753412        5.3369872977357868        39.734986245254632        1.5000000000000000                1
   2.6604965327791770        6.0835546835804077        14.632962179177838        1.5000000000000000                1
   3.1991262734740737        3.5799523080389353        19.844390550025057        1.5000000000000000                1
   5.3984169024543629        2.3467911052342521        38.169059027682977        1.5000000000000000                1
   2.6836462240943848        3.3706865168273876        1.8804371704388290        1.5000000000000000                1
   2.2907142329139401        4.4366873767422392       0.49386670438335495        1.5000000000000000                1
   3.3973362009008703        6.8483171398317166        39.580498252953454        1.5000000000000000                1
   6.4189487081505900        6.5412300449780716       0.61623573185218805        1.5000000000000000                1
   2.8959115046838670        3.1724971468133716        13.193122043408994        1.5000000000000000                1
   2.3716042064463521        5.4460446669132958        6.8802262765209639        1.5000000000000000                1
   5.7800568257394200        4.6463709605014341        5.0571020330214260        1.5000000000000000                1
   7.1123346008212813        4.0936275260049797        34.281832309671984        1.5000000000000000                1
   4.3009675317625851        6.1015648634344597        20.779553691663185        1.5000000000000000                1
   4.0440292627184444        5.3336637449823501        25.753865546292886        1.5000000000000000                1
   4.5170042504570969        6.2870246370264820        15.821920685232639        1.5000000000000000                1
   5.4833042246460586        3.3945880606810244        38.034573481120546        1.5000000000000000                1
   6.7697297745957812        3.5209908417233042        39.740459362398809        1.5000000000000000                1
   2.5903146859850694        5.9669877023817834        8.7220810218469591        1.5000000000000000                1
   2.3441433531369915        5.3256930789339325        9.5951249852945679        1.5000000000000000                1
   6.0486095745625033        5.6063146597949620        35.824878293606318        1.5000000000000000                1
   5.7226807176853196        6.1679278024595554        1.8969825446759221        1.5000000000000000                1
   6.3920669789446736        2.8743757849638278        10.730852585528211        1.5000000000000000                1
   7.2449277200318969        4.8511974502473842        9.3369526478920886        1.5000000000000000                1
   6.6256224144053437        3.1223983614776052        25.435217968106112        1.5000000000000000                1
   7.2362641102856635        4.8891520963948487        12.835527674955157        1.5000000000000000                1
   4.5643601427053566        5.5044720945062666        7.4982082619509258        1.5000000000000000                1
   7.1290207233088898        5.4781977100079908        38.443522511376742        1.5000000000000000                1
   6.5951129952460867        6.4331940298347403        21.089944924793866        1.5000000000000000                1
   5.3982824783906649        3.8198332719993160        32.106416442591666        1.5000000000000000                1
   5.6375242735806417        7.0270953752839826        34.105050714144824        1.5000000000000000                1
   3.6809498398818645        2.5017918157878958        1.0954244003294511        1.5000000000000000                1
   6.5413461630712115        3.0202844654532446        16.793468040978095        1.5000000000000000                1
   5.0583751451808423        2.2719873398442050        21.591046746363094        1.5000000000000000                1
   5.4308933013672567        7.1456104560776952        1.6612226797950487        1.5000000000000000                1
   5.8406501062467528        2.5023744019317520        33.792803102258766        1.5000000000000000                1
   6.6045129642965978        3.1704829476090821        34.119826785424827        1.5000000000000000                1
   3.2515600029913059        5.2021159297750126        1.4324944920885740        1.5000000000000000                1
   6.7035655431133021        6.2280267355666634        26.694536039298796        1.5000000000000000                1
   5.0002302872324105        3.8615312942117037       0.18841651604763152        1.5000000000000000                1
   3.2567745748756893        4.2481994365872815        38.490565325569584        1.5000000000000000                1
   4.1245550445203412        2.4870748146508319        1.9978910200191415        1.5000000000000000                1
   6.2898460177318798        4.6236172480931446        28.626115188352308        1.5000000000000000                1
   4.0684936999005705        7.0635341473263580        14.242265764001962        1.5000000000000000                1
   3.0852690923140607        6.6140446714224845        19.560754556975379        1.5000000000000000                1
   5.8074276572991526        3.6013186975245812        18.152347327987943        1.5000000000000000                1
   5.1689187997023174        3.2203503909208537        17.435180964921166        1.5000000000000000                1
   5.5546916742550092        5.4260730621819215        3.4770211897667167        1.5000000000000000                1
   2.3428280307467704        4.1033411777581801        23.547672484697895        1.5000000000000000                1
   4.4625665841836994        7.2323042752948199        26.413884905919407        1.5000000000000000                1
   2.8505774650924045        3.1482363335011248        3.3992853220539074        1.5000000000000000                1
   4.7685812446136806        4.7450670585395320       0.61846444593317440        1.5000000000000000                1
   6.9591991254014935        3.8210470467451252        29.735937425152262        1.5000000000000000                1
   6.4083736047917288        6.6063581991715221        35.713665788379316        1.5000000000000000                1
   5.0923023642308491        2.3324937927800091        14.398316385463072        1.5000000000000000                1
   4.9738779909660131        7.2205242283813096        15.669178158058690        1.5000000000000000                1
   6.3219565479435786        3.9053231088876408        1.2490381524821275        1.5000000000000000                1
   5.3892083052690962        4.1222986388095997        23.102361294544760        1.5000000000000000                1
   3.8618724732807252        7.0859971068589358        27.284937343882849        1.5000000000000000                1
   2.8862453068169835        3.1360989045810674        26.108329624508254        1.5000000000000000                1
   2.8033865535437843        3.2003846222220416        24.914601546542531        1.5000000000000000                1
   3.6328270386379389        6.9708984320101157        23.529286902250426        1.5000000000000000                1
   6.8961529682715126        6.0237693094503406        11.541125165948900        1.5000000000000000                1
   3.9056989519939096        6.0912839886450030        31.871657322092023        1.5000000000000000                1
   4.1622660221939967        6.3010329049310219       0.88123803496622888        1.5000000000000000                1
   3.2648448875574210        2.7733964601733403        8.7655923517499410        1.5000000000000000                1
   6.1097847653391630        3.7705977919281861        21.817750525118466        1.5000000000000000                1
   4.8181737545324852        4.1340944098025005        38.207969240526573        1.5000000000000000                1
   5.6322443521525694        2.4632350474815663        31.499886172770694        1.5000000000000000                1
   5.7382146748350182        4.5727198605051571        25.480011478746640        1.5000000000000000                1
   4.1854526780664010        3.6114389429954854        7.9103857397218507        1.5000000000000000                1
   6.4766852611074981        6.5277177530992994        37.401804614672109        1.5000000000000000                1
   5.7125997805636919        2.4440837155977313        24.177715529813089        1.5000000000000000                1
   7.1348613329497770        5.3991296935172022        27.098702323662394        1.5000000000000000                1
   2.3239960925184171        4.2509997498836691        30.853787196179887        1.5000000000000000                1
   6.3153301440738341        6.6713856473316886        30.520294452899172        1.5000000000000000                1
   6.1845398977694792        2.7076289235518671        39.825990298817132        1.5000000000000000                1
   3.7901829969021708        5.0172550479864233        27.376752951458982        1.5000000000000000                1
   5.7685848853738344        7.0275085899858274        8.3221860721568266        1.5000000000000000                1
   7.1864317731431528        5.0524725159594128        39.401237303460327        1.5000000000000000                1
   3.6540571361917706        2.5061045201503300        8.4607163487662673E-002   1.5000000000000000                1
   3.1053292429961092        2.8674644825712594        24.013207454914937        1.5000000000000000                1
   4.0052616329045048        4.5035945638616601        26.407545910302368        1.5000000000000000                1
   3.1489727516702573        6.6406196794015901       0.72540025857911949        1.5000000000000000                1
   7.0038728754786614        5.8127096669950387        34.569537568691310        1.5000000000000000                1
   2.9082371752037695        6.4323374924727759        25.474205014281818        1.5000000000000000                1
   4.6419918128036581        2.2801868407447770        31.386535436312368        1.5000000000000000                1
   6.2549901142664375        6.7451021193422713        22.126612296040260        1.5000000000000000                1
   4.4335379641233619        2.2824343704242480        37.779799108560226        1.5000000000000000                1
   7.2110820977326879        4.3913819800346277        28.943343705743356        1.5000000000000000                1
   5.4480264710590873        7.1369171628790085        31.922248528699189        1.5000000000000000                1
   2.4903409840592321        5.7751439293482516        2.6701401860542426        1.5000000000000000                1
   5.0086764393122385        7.2289457275863560        37.716372781397283        1.5000000000000000                1
   5.5356429157285358        7.1204941902049157        24.367228596585647        1.5000000000000000                1
   6.3788271463232382        2.8854027498134336        5.5990338148510839        1.5000000000000000                1
   3.7327117295916379        2.4706446226004020        30.522894020492490        1.5000000000000000                1
   4.7199898387407382        4.1197104373194495        17.046952058917793        1.5000000000000000                1
   3.6933632384764099        4.6120593528048435        29.928855360154660        1.5000000000000000                1
   6.6558760198567617        3.2211484971585973        30.525343901613965        1.5000000000000000                1
   3.5551313415375279        5.6243473554368455        14.229302039303859        1.5000000000000000                1
   5.5683015175024675        5.2300477041513167        8.9198818065691370        1.5000000000000000                1
   2.2925556464954053        4.8181956899498442        31.752934896644067        1.5000000000000000                1
   4.3010711245558975        5.7137052119240161        2.6978103043250150        1.5000000000000000                1
   7.1040723343955374        5.5722895509276880        37.323156752847730        1.5000000000000000                1
   3.8497380657501532        3.7762373137358303        35.201715613544060        1.5000000000000000                1
   6.0827459813013558        6.8409124719091823        19.728895176221670        1.5000000000000000                1
   3.7198909858133251        4.8550917203735073        3.8944594865208888        1.5000000000000000                1
   3.6918190291067718        7.0116718466998407        25.103290017594382        1.5000000000000000                1
   4.5368659481957581        7.2375773578765026        33.928175046149065        1.5000000000000000                1
   3.2683241125611278        2.7564045531619312        22.433951570262959        1.5000000000000000                1
   2.2719473516683335        4.5959309623179001        33.554744180529703        1.5000000000000000                1
   2.5407001342414217        5.8389300039597245        1.0279775381265399        1.5000000000000000                1
   5.5296516038994703        5.4232029786972378        15.092618007639437        1.5000000000000000                1
   5.8073865206079294        7.0051187348338733        27.833006958596552        1.5000000000000000                1
   2.3626220863652092        4.0507709404442425        37.924107462930415        1.5000000000000000                1
   6.9956652805778612        3.7725720584901770        37.692272599399644        1.5000000000000000                1
   2.5428553971682666        3.5794504644059102        38.839789330996631        1.5000000000000000                1
   5.7259024678496511        4.9139459698915946        10.068925604895890        1.5000000000000000                1
   7.0462228038223769        3.8267605306489454        7.8325855013829973        1.5000000000000000                1
   3.1631390677076259        6.6371940558693465        12.827911799394593        1.5000000000000000                1
   4.3556657374823322        3.2310030067897531        16.762012365097576        1.5000000000000000                1
   3.9096675638868792        5.2656794909494735        24.122727295940749        1.5000000000000000                1
   4.6989309983690797        5.6024616967587724        32.241281184594349        1.5000000000000000                1
   4.2014765581112474        2.4229531313537707        8.9587465050926589        1.5000000000000000                1
   5.1396251200828011        2.3035608720186911        9.7323795383768044        1.5000000000000000                1
   7.2126722614828962        5.0484694245974149        30.987100778028143        1.5000000000000000                1
   4.6258300217899349        4.7701071985363175        8.9293116938017363        1.5000000000000000                1
   7.0373147379383711        3.8792023083657030        24.909677368515247        1.5000000000000000                1
   4.0974817010458597        2.3902008352230468        21.851805975076182        1.5000000000000000                1
   4.7093282921399870        3.7122478398367220        6.1187671978875215        1.5000000000000000                1
   6.3253460329239166        6.5616021041910342        9.6406640234028949        1.5000000000000000                1
   4.5815234577454635        3.2198658807915779        36.397895428278176        1.5000000000000000                1
   6.9988179514688103        3.6767896628314816        26.547457495874241        1.5000000000000000                1
   7.1203908026411931        3.9563773685509305       0.60828087630360150        1.5000000000000000                1
   4.1642269013554420        7.1639975391853232        35.498845311089177        1.5000000000000000                1
   4.2196348006962330        6.2404848515283948        11.147484055345078        1.5000000000000000                1
   7.2406565707713577        4.6783198564512274        36.030841604676731        1.5000000000000000                1
   5.7192295512970155        2.5067329512701799        19.896953312903356        1.5000000000000000                1
   3.5656335910782584        5.1012067627053419        13.314301932494057        1.5000000000000000                1
   4.3781021605701831        7.2062762001804312        17.276720853057910        1.5000000000000000                1
   7.1467545832453316        5.0905444212272579        11.835277751224355        1.5000000000000000                1
   3.2683259195468612        2.7965193566613378        4.2497061925909758        1.5000000000000000                1
   5.4019960458123322        4.2202643263346884        35.137317830131593        1.5000000000000000                1
   5.4806424067591308        4.0744952550594222        28.325759652373549        1.5000000000000000                1
   4.1817514837175924        4.7455633592585933        32.495932401421868        1.5000000000000000                1
   2.8619157617169066        3.3613810143356049        37.243395262361389        1.5000000000000000                1
   4.0268051260628397        2.4322121509221675        23.914423663981971        1.5000000000000000                1
   5.8408382863578279        6.9924242370804901        18.709301346771827        1.5000000000000000                1
   5.8059615507180879        2.5373104865189782        4.8410649375174621        1.5000000000000000                1
   5.0653937261540065        6.1486928279675732        33.015998657698752        1.5000000000000000                1
   6.0690611463591315        5.5444656906336345        28.153984073702500        1.5000000000000000                1
   4.0075084905524703        6.1113458354039256        12.694115146448267        1.5000000000000000                1
   6.6923485933273357        3.1792270309157384        1.8361323604452418        1.5000000000000000                1
   5.5565462682184830        3.3452846431057082        13.115422635666015        1.5000000000000000                1
   2.9612321795352781        3.0074203454846513        34.661977743804968        1.5000000000000000                1
   7.1233436707789277        4.0201224489673661        15.544234644764183        1.5000000000000000                1
   2.7196113293670505        3.7286709369029629        12.324993817875717        1.5000000000000000                1
   3.6013948325038792        5.8349062752302592        33.427582798968416        1.5000000000000000                1
   6.2041699620033119        5.2260526994531267        22.207821781724569        1.5000000000000000                1
   4.1826587313230696        7.1670966559789457        16.293577595468715        1.5000000000000000                1
   6.0073462830245532        6.0341212312200447        11.070954613508258        1.5000000000000000                1
   6.8710568532131759        6.0669908074853396        18.079617232345939        1.5000000000000000                1
   5.0190883837073592        4.0400495858369370        7.5577809500154798        1.5000000000000000                1
   3.5687379584667229        3.6003807244975277        31.552298251688757        1.5000000000000000                1
   4.7181944771312718        2.2561810200455557        36.077078254937348        1.5000000000000000                1
   4.7112424210771744        3.9547744773077209        13.080397351069552        1.5000000000000000                1
   4.7353931865879302        6.1042556194518900        26.278880982366719        1.5000000000000000                1
   5.5324142025314726        4.4658156655172583        15.512322908540844        1.5000000000000000                1
   3.5874733138112203        3.8936679960761160        10.110660854339127        1.5000000000000000                1
   3.3027993911906410        5.2636430790489079        3.0770860087967313        1.5000000000000000                1
   3.9917499769555089        7.1175698586312635        15.288475633069535        1.5000000000000000                1
   7.1010318137346102        5.4518427271375014        14.539042324242455        1.5000000000000000                1
   7.0293900120454165        3.7556791579098752        11.868327352747732        1.5000000000000000                1
   5.5691058674829748        2.3938588492827151        22.647480383349890        1.5000000000000000                1
   5.1548887016997309        2.3434741571211881        4.0899842517628384        1.5000000000000000                1
   4.9406381309822676        7.2405882709455600        28.327186440098043        1.5000000000000000                1
   6.4441480952165113        2.9520606954025457        11.756847148424196        1.5000000000000000                1
   5.3353512342510205        7.1783229268359623        20.310448299498109        1.5000000000000000                1
   5.0746254489693472        5.6419913911695962        11.237930028253977        1.5000000000000000                1
   7.0045528023091519        3.7196820677504401        33.339094461365079        1.5000000000000000                1
   5.7224469916950200        4.8672300136292117        11.187817551395634        1.5000000000000000                1
   3.8473918961364748        7.0792164103464446        28.369163510509583        1.5000000000000000                1
   2.3214650364046929        4.7036900918590216        5.5268641573315094        1.5000000000000000                1
   2.6260378135088716        3.4475521797970941        19.020167888873249        1.5000000000000000                1
   3.0919049286395106        6.5989867059716909        17.798186677233506        1.5000000000000000                1
   3.4662636425249254        5.5191957720822735        35.793420950567949        1.5000000000000000                1
   7.1160381440963123        5.4630002492947938        2.0399688338226207        1.5000000000000000                1
   5.6327938622484339        4.1389609110148466        6.0296597341656772        1.5000000000000000                1
   4.6792824500662542        4.0231207138037819        35.804599740388312        1.5000000000000000                1
   7.1890405717751094        5.2607687940777295        20.006004918019322        1.5000000000000000                1
   2.4123827011662544        3.9712303268043505        16.869395885369627        1.5000000000000000                1
   4.6106401280423892        7.1676481544917072        23.903088042683461        1.5000000000000000                1
   3.0774721873265740        2.9461852240940010        7.0983364804224545        1.5000000000000000                1
   7.0437794152285313        5.7018800613970813        33.565641530780823        1.5000000000000000                1
   2.4325161921193938        5.6236641328975292        25.826992328718479        1.5000000000000000                1
   4.7167624671520336        3.8036821503389109        26.539496254772821        1.5000000000000000                1
   2.4196286608589044        5.5830084512045355        3.6942429962674894        1.5000000000000000                1
   3.8251920755545923        2.4338275038385455        27.198574304422745        1.5000000000000000                1
   5.8850594433969592        6.0692958005966799        18.298627932499983        1.5000000000000000                1
   4.1437278713649688        2.3335864756598190        4.0105439656460424        1.5000000000000000                1
   2.5037078522199421        3.6664810945039643        15.909700840335184        1.5000000000000000                1
   4.5147128053600971        2.2811275790524004        16.226683274701255        1.5000000000000000                1
   2.4282657846774143        5.6211743832820025        38.528506881405839        1.5000000000000000                1
   4.7153425505685496        4.7335248223110185        1.6202300168857742        1.5000000000000000                1
   3.7238019227260986        4.2981304452429292        25.366369549334369        1.5000000000000000                1
   2.5940481142392047        5.9565362021912627        22.082002642168824        1.5000000000000000                1
   5.4241682365397255        7.1471956077719279        23.319359437568611        1.5000000000000000                1
   6.5350196750410170        2.9996778099434964        24.427012828431106        1.5000000000000000                1
   5.6065204591150106        7.0969845731173153        25.421612473399087        1.5000000000000000                1
   3.2911002705372021        5.2089949702577245        26.491807154909015        1.5000000000000000                1
   2.8002529784844348        3.2073380726016656        33.179907778663704        1.5000000000000000                1
   7.1596695048552510        4.3806812085749378        4.4140178451814318        1.5000000000000000                1
   3.2969169730319479        4.2717294656539959        16.411016785891245        1.5000000000000000                1
   4.6343109595935061        7.2467961321615348        8.4543175586950987        1.5000000000000000                1
   6.9749009461548948        3.9018235965864725        35.402749707713916        1.5000000000000000                1
   4.9486051008260556        3.8781988529886395        8.5666083654219349        1.5000000000000000                1
   4.7613926364241586        5.7349035602897125        37.284152084740235        1.5000000000000000                1
   3.5672907525870445        5.8321620668389782        19.121343372263485        1.5000000000000000                1
   3.9249047088995952        4.2195188980106764        13.671529941855580        1.5000000000000000                1
   7.1412660004848476        5.3845390180039434        24.390690729440735        1.5000000000000000                1
   3.1816987808049393        5.6078972753458798        10.077011090692787        1.5000000000000000                1
   2.4688547941768051        5.6953545609618921        32.418049573520236        1.5000000000000000                1
   6.0241046607014832        2.5990405023549954        26.044126126610617        1.5000000000000000                1
   2.5802924427054967        3.5208903445031026       0.86871978968462782        1.5000000000000000                1
   3.3109858083978567        6.6684885162263079        21.932307759253685        1.5000000000000000                1
   4.6505566591597569        2.2636233440521170       0.60118050532273526        1.5000000000000000                1
   6.1104563130143781        5.5431077255966983        29.189300145254887        1.5000000000000000                1
   3.0600956147093088        2.9272610262882339        18.282563718316460        1.5000000000000000                1
   6.3111489920736181        6.6997725175977081        31.526574753527076        1.5000000000000000                1
   4.2996005226674381        5.0894191261846222        34.606237662864167        1.5000000000000000                1
   6.1725171477901508        5.0278859574411916        8.0927730153372011        1.5000000000000000                1
   6.7420437044599471        3.2503915707059829        36.134773234844744        1.5000000000000000                1
   4.5233883859005344        6.2500288314341361        29.511082486238326        1.5000000000000000                1
   7.0994891652044023        4.0410248829406541        21.576004128362754        1.5000000000000000                1
   3.0664260562199348        6.5730646509304718        2.2767714301379485        1.5000000000000000                1
   5.3994862168378317        3.9700127023016476        13.886967222518715        1.5000000000000000                1
   6.4463494097807210        3.0472356545448411        9.6585026354176069        1.5000000000000000                1
   3.4038555098415237        6.8442320202048368        37.796051110922058        1.5000000000000000                1
   2.4757613017963922        3.7725663775527574        17.860840396327390        1.5000000000000000                1
   2.3455689395678494        4.1604501184026494        20.324334656860898        1.5000000000000000                1
   5.8083793906345935        4.8489278251090484        36.483063803697355        1.5000000000000000                1
   6.9096712869901706        3.6146009357263162        2.7630244534424153        1.5000000000000000                1
   5.3220316593142165        5.2436714816934966        19.864557360837658        1.5000000000000000                1
   4.8206862215055102        4.7854008067589717        28.901492433136898        1.5000000000000000                1
   4.8866419643173078        3.2254424684087817        6.9865802894963345        1.5000000000000000                1
   7.0164927309163918        5.5195649661468851        5.3879915590501328        1.5000000000000000                1
   6.9123075995773986        6.0023316708950700        6.9348427814008815        1.5000000000000000                1
   6.5858317951063601        6.2631212478738920        19.024462588684852        1.5000000000000000                1
   6.4620475776792308        6.5506702429078700        29.443094687052493        1.5000000000000000                1
   3.9299459275172923        4.2367283141724297        4.9235020646504113        1.5000000000000000                1
   4.4762909494622765        6.9685496519806778        22.886994997686124        1.5000000000000000                1
   4.9869687858955096        2.2711216816786681        2.5241001620982577        1.5000000000000000                1
   3.7655445029045169        2.5952885863167392        7.8801689476298185        1.5000000000000000                1
   2.5887985927953174        3.5204863139395184        8.7357127145314077        1.5000000000000000                1
   5.5288772142245719        6.1821875767428747        4.8491238580684062        1.5000000000000000                1
   2.3441607921829073        5.4075612976378338        16.161583481414702        1.5000000000000000                1
   6.0245629499886011        4.1124297293341368        7.5259011310623452        1.5000000000000000                1
   4.7730667542974929        4.6802005559985442        16.196953352247409        1.5000000000000000                1
   4.1593369400258071        7.1493884795567020        37.189756649009496        1.5000000000000000                1
   3.5076145392683578        2.6419304707408933        25.467007904975777        1.5000000000000000                1
   4.9115508657709670        6.2531882284299805        3.2953893244506864        1.5000000000000000                1
   2.5328532128494978        5.8873764929431474        12.518612348033402        1.5000000000000000                1
   3.2468475171305178        4.8462868232600487        18.960782329123418        1.5000000000000000                1
   3.6303564233780738        5.7251734919293629        15.760990175668326        1.5000000000000000                1
   4.5414287769492683        4.0902578434574401        10.487992129734742        1.5000000000000000                1
   6.4908295438346029        2.9805117056299308        7.5839624451904397        1.5000000000000000                1
   3.8728644530159970        7.0546107248484704        38.683649565604725        1.5000000000000000                1
   2.7778196758775726        3.2271635191131582        21.694771278386000        1.5000000000000000                1
   4.3930893976289989        7.2234601419539359        4.3246917106383966        1.5000000000000000                1
   6.2915019509813011        2.8163059746204442        28.120791545722575        1.5000000000000000                1
   3.5903070973748092        2.5735195411117107        33.280379492083625        1.5000000000000000                1
   6.8598347268486535        3.4560314591898891        38.666102487860080        1.5000000000000000                1
   6.2597141912266290        4.8709477986941661        4.1830556208223859        1.5000000000000000                1
   5.7769637292972043        6.9653727793091251        15.122533769172747        1.5000000000000000                1
   4.0638753834052492        4.0728940893552030        21.618778788060332        1.5000000000000000                1
   4.0156728931801293        4.2476454132881365        15.695790523871651        1.5000000000000000                1
   3.0887810754434661        6.6004546676559448        15.411533347545648        1.5000000000000000                1
   4.9731841868490232        2.4477595870095943        29.559405684274989        1.5000000000000000                1
   2.5546005424279765        5.9137498367560060        34.558958093552391        1.5000000000000000                1
   6.5074632011886777        2.9840610955399005        31.529093717510484        1.5000000000000000                1
   2.9429617804303536        3.0947765487066463        17.279331962782653        1.5000000000000000                1
   7.1199254827239402        5.5112763193745904        25.386880648420295        1.5000000000000000                1
   2.5583966278102901        3.5946436096645940        27.045581182083978        1.5000000000000000                1
   4.8301824648542127        3.3170511895583488        28.081863738274318        1.5000000000000000                1
   5.0091120610923667        2.2862006756690523        23.484490226285441        1.5000000000000000                1
   3.1454427400466547        2.8776780196015688        9.9850441560740038        1.5000000000000000                1
   3.1215811637212827        2.8581322914331850        15.801778116597115        1.5000000000000000                1
   5.6199425335969266        7.0757624141927762        35.132538834680680        1.5000000000000000                1
   4.9075927597230171        3.3539756811972725        14.596487450392818        1.5000000000000000                1
   6.6233361993346280        6.3605516738494856        38.512520633440253        1.5000000000000000                1
   7.1550639009381838        4.7971376697054815        29.975466614419318        1.5000000000000000                1
   7.2364590086960900        4.4994553325757458        2.3776956761130079        1.5000000000000000                1
   4.7906269997181612        4.8500874827362344        3.8506169291047700        1.5000000000000000                1
   5.0526062377941310        7.2098487052377935        35.965351154542624        1.5000000000000000                1
   5.3491177185300547        2.3266523408499196        25.162082148355481        1.5000000000000000                1
   7.2137971556348539        5.1096738093717224        15.498784456474921        1.5000000000000000                1
   5.1511451589089541        3.9143098874441913        3.7347065002239805        1.5000000000000000                1
   5.3632059889726582        3.8997821996874107        2.7189989464238797        1.5000000000000000                1
   5.2269211791619226        3.9143440063496828        34.198746131947779        1.5000000000000000                1
   7.0865610052959775        5.6181335000978612        13.520168553552326        1.5000000000000000                1
   4.1263163917263785        2.3734016290737023        32.305332593160522        1.5000000000000000                1
   7.2327031689219661        4.7817852352606423        20.899159964359406        1.5000000000000000                1
   5.7507033039251185        2.4657640934787701        17.074293424977164        1.5000000000000000                1
   3.7806793096088209        4.4555473324477211        1.8912333384159878        1.5000000000000000                1
   5.4732326597618552        5.4340732556886522        17.571068794975481        1.5000000000000000                1
   6.7650769063922986        6.1664074965517450        20.057596349499267        1.5000000000000000                1
   3.7212508877629200        4.9524083861918777        30.890652513994890        1.5000000000000000                1
   5.5500348328176274        3.4386367383888952        11.873296664726782        1.5000000000000000                1
   5.8148839448970167        7.0048636436588962        16.171835862780501        1.5000000000000000                1
   5.6291366801170906        5.1991977534719842        37.428297647906810        1.5000000000000000                1
   2.7542561684758415        3.2651718841045412        4.9842336737485446        1.5000000000000000                1
   4.2581247591199203        2.3049447430317596        19.084762417067452        1.5000000000000000                1
   2.8296874999333799        6.1538105526591309        5.0648206434168772        1.5000000000000000                1
   2.4036356723069345        4.1741432187657113        32.538320306388862        1.5000000000000000                1
   6.3172191669634614        4.3587343169872597        26.279993544823665        1.5000000000000000                1
   4.9317476051757483        7.2236181922047411        10.260918866378432        1.5000000000000000                1
   3.3504337433180358        2.7492465644050417        29.629773762084518        1.5000000000000000                1
   2.5349850454837846        5.8582734380553605        23.753380236259463        1.5000000000000000                1
   2.5399084004721191        5.7262984837352171        33.502395661778451        1.5000000000000000                1
   4.5627053683323782        3.7819606419580678        31.381383297008313        1.5000000000000000                1
   5.5180121718813906        5.3454129840230689        1.2952885538564509        1.5000000000000000                1
   5.1161208826477989        3.7444207408386441        25.619111247738335        1.5000000000000000                1
   2.3095718146759427        5.2327689786762575        15.164462987508479        1.5000000000000000                1
   5.4734396388278901        5.2150576728528657        23.711442176831465        1.5000000000000000                1
   4.4015050841960397        6.1323991925425210        25.249375200158809        1.5000000000000000                1
   4.7367390072754496        7.2460076507502791        31.169598118207986        1.5000000000000000                1
   2.9655127963174155        6.4899372453956676        32.051074370029141        1.5000000000000000                1
   3.4243806909850680        6.7777319836195593        16.865051615422630        1.5000000000000000                1
   3.8774104746651763        7.0813595402781289        30.580348590836198        1.5000000000000000                1
   4.5434986563320612        5.7061303751829566        27.227899429916377        1.5000000000000000                1
   6.2338236091010479        2.7436289989540130        15.347742648662560        1.5000000000000000                1
   4.2958907256275358        3.1933290145725302        32.908285349069565        1.5000000000000000                1
   4.6921154510572283        6.3093672669472474        35.385962191199695        1.5000000000000000                1
   4.5606251555898982        3.7248630388264869        37.286306121817212        1.5000000000000000                1
   5.4618370739083382        2.3763826115445008        39.182247284302129        1.5000000000000000                1
   3.5025063108098791        3.6653033017912295        1.2982047412696234        1.5000000000000000                1
   3.1810724112564364        6.5910195521064567        13.896193120452695        1.5000000000000000                1
   2.4947433400704275        3.7776594755090307        28.910761818547478        1.5000000000000000                1
   6.5327809155613110        3.0327673473902834        19.643815391152298        1.5000000000000000                1
   2.3592367349052243        4.1549091548643258        13.187182294206723        1.5000000000000000                1
   3.9958790143489509        5.4290764416365178        22.462336948199695        1.5000000000000000                1
   2.3366603109266224        4.1877711911009712        4.6676878357883327        1.5000000000000000                1
   6.2566975724518503        6.7402045557304247        2.5429612849216787        1.5000000000000000                1
   2.7480877226582328        6.2455381756518014        18.689097903726847        1.5000000000000000                1
   5.4361139850704969        2.3772396988010827        5.7617901358604584        1.5000000000000000                1
   5.9816362527083475        6.9192645413099356        36.612558429273939        1.5000000000000000                1
   4.5724672078171684        5.6829673365256754        33.838070075758424        1.5000000000000000                1
   3.6344191440210469        4.8601501909387146        8.8325881014023917        1.5000000000000000                1
   2.2761645940087942        4.7486489648074288        37.062452569188970        1.5000000000000000                1
   5.8470889079478239        2.5052854061742065        8.3020103876248239        1.5000000000000000                1
   4.0126677673842925        7.0365315169462788        9.8428609982415960        1.5000000000000000                1
   4.0791046996947928        2.3641712716610424        29.024488779812991        1.5000000000000000                1
   3.3459040204600923        6.7730502382728606        9.1293980986675880        1.5000000000000000                1
   5.6004813398587423        4.5971263179779838        18.190983339511003        1.5000000000000000                1
   2.3011875007069813        5.2287056077481102        27.777917294168791        1.5000000000000000                1
   5.9025557692107968        6.9671541319422197        38.116829167731723        1.5000000000000000                1
   2.5002678472685829        5.7828456406965607        24.826956360372524        1.5000000000000000                1
   2.9547445084557036        6.4627496628653800        22.962961370824942        1.5000000000000000                1
   4.1856248103619809        5.6405858400176623        30.289282938158966        1.5000000000000000                1
   6.9847456593265216        5.8277653070488205        5.2628888302238344E-002   1.5000000000000000                1
   3.6736905203452870        2.5095385107033961        13.294975708200283        1.5000000000000000                1
   5.9822562287818073        3.8086444990457937        36.525129793882257        1.5000000000000000                1
   3.1491576792279190        6.5615889853337297        31.064860611609216        1.5000000000000000                1
   4.3742752536524137        2.3160444759940728        28.066526782958917        1.5000000000000000                1
   2.3131501123198515        4.1938829044895769        35.574330196199490        1.5000000000000000                1
   4.5303903342891587        5.6410957480414083        19.318934617838657        1.5000000000000000                1
   5.3604091076711065        3.4093650067254302        10.747434551268523        1.5000000000000000                1
   6.4517511073921279        4.6419889002931827        16.744725927825034        1.5000000000000000                1
   4.8483884772176680        6.2990272148588131        31.514068275658062        1.5000000000000000                1
   7.2248009418069792        4.4972815219666282        25.779092852580064        1.5000000000000000                1
   7.0564210281900079        3.8469289110255982        16.553098298698977        1.5000000000000000                1
   6.9582662039153256        5.8039201330883499        12.522825923317134        1.5000000000000000                1
   3.0441557671260089        2.9309428216182232        27.646000651196996        1.5000000000000000                1
   4.5570290745076871        3.0467842439066040        30.537405064850908        1.5000000000000000                1
   6.8433448096909864        6.0576298745904982        32.097772221590674        1.5000000000000000                1
   3.6993012099075377        5.8400446459440252        4.4971663909387551        1.5000000000000000                1
   2.3899476158471633        4.7441428527990155        12.379230924875481        1.5000000000000000                1
   3.1077761058580164        4.7922769280092599        24.713027450504615        1.5000000000000000                1
   6.9057619770794876        3.7845170959217307        23.202050238473689        1.5000000000000000                1
   6.1264788478295777        6.8337210895896678        14.104292156049347        1.5000000000000000                1
   4.5824616383023642        3.7973141848567642        19.043830842640524        1.5000000000000000                1
   4.9741091461123528        6.3751864278145121        8.8281558039768981        1.5000000000000000                1
   4.0608491419235460        3.9504290219942506        14.649729987322814        1.5000000000000000                1
   5.7553292909252409        4.3631374464778929        31.314958303290414        1.5000000000000000                1
   4.3906220862821632        6.1716070013685282        18.422281719380340        1.5000000000000000                1
   7.2463951658565833        4.7125854072100255        33.471815170349508        1.5000000000000000                1
   7.2304740015639064        4.4396573956842298        10.987852867198210        1.5000000000000000                1
   5.2466833004836317        5.5968376448844905        16.050949408851061        1.5000000000000000                1
   2.3259306076800308        4.1967259006969337        15.019028989898057        1.5000000000000000                1
   3.3669413354137774        5.5205975522376765        20.791444583974638        1.5000000000000000                1
   5.7952503166836982        5.8188918277588790        26.367381031809035        1.5000000000000000                1
   2.5665444215801476        3.5764453346732941        11.303098255512904        1.5000000000000000                1
   5.0446732045583662        7.2109583549850056        7.5279579010282474        1.5000000000000000                1
   4.0601092900224591        2.4820020959016391        14.342859009705577        1.5000000000000000                1
   3.1369131942592223        4.8504264117754285        32.309358142429190        1.5000000000000000                1
   3.1323110717617770        6.6183839890226901        10.104345367258402        1.5000000000000000                1
   7.0468680955422753        5.7337422859783604        29.604760850164247        1.5000000000000000                1
   3.1628840797486051        3.0358197352966036        28.636554060511230        1.5000000000000000                1
   6.3256107959138150        4.4751168744921843        34.844585713845547        1.5000000000000000                1
   2.9452173003569442        3.1369923523377459        6.1004570155175557        1.5000000000000000                1
   3.4138218950611479        6.8478793406705680        3.2080384786901921        1.5000000000000000                1
   3.5158618309086545        2.5990814385475560        31.538356051638697        1.5000000000000000                1
   4.8781236714714256        7.1843450822313457        29.463892350711980        1.5000000000000000                1
   5.4533113297785505        7.0735889395655676        39.598452354717949        1.5000000000000000                1
   5.5010915430811886        4.6462574261643788        21.667254411290354        1.5000000000000000                1
   2.7921367097870147        5.4762141938698443        37.543189071102915        1.5000000000000000                1
   5.3211548528227937        2.3210061080896600        30.554099622272584        1.5000000000000000                1
   2.3613189220361952        4.0310595486649854        26.111555690072134        1.5000000000000000                1
   5.3843200862528890        7.1655173288452136        17.265027134046665        1.5000000000000000                1
   3.8597926096556092        2.4567935845944207        34.329204579148140        1.5000000000000000                1
   3.5196085349889685        6.8119865881542285        4.7075644099728962        1.5000000000000000                1
   3.8220810564162768        7.0448063540018655        32.344354039574988        1.5000000000000000                1
   7.2349624259063017        4.4886059370419975        5.4085609664000387        1.5000000000000000                1
   3.8929130299890349        4.3993939641981372        6.4385845504512869        1.5000000000000000                1
   6.8872687010933600        4.4785829269676132        14.653613069451568        1.5000000000000000                1
   5.9003005364736545        2.5306087670931334        20.954919326225866        1.5000000000000000                1
   5.9724765484363349        3.6819381797311137        29.864637409211760        1.5000000000000000                1
   3.9339456644556821        2.3979646630056606        15.395945880406050        1.5000000000000000                1
   3.8211571265724928        4.4365856924160241        39.343025646573146        1.5000000000000000                1
   4.1007576055474813        2.3538409446399533        2.9919788006938552        1.5000000000000000                1
   7.2070932312250839        4.5301818761297525        37.028902515058746        1.5000000000000000                1
   2.2792449018531529        4.3700419555293388        18.747723742653079        1.5000000000000000                1
   4.6894370306464976        7.1953999367957824        32.855500916467356        1.5000000000000000                1
   7.1472639817246568        4.3950444094516028        3.3887918128442784        1.5000000000000000                1
   4.5476069200046414        3.7905689229257273        9.4868685797348995        1.5000000000000000                1
   2.7828788068428074        6.2073518246505577        7.6655025522906968        1.5000000000000000                1
   4.1386560020861154        7.1515153069472239        12.615697867658067        1.5000000000000000                1
   5.8515022147584412        2.5205632224066683        13.667378013374284        1.5000000000000000                1
   5.6709484935780745        7.0714778243277649        21.302990883813159        1.5000000000000000                1
   5.3024219500551171        2.3574007158335815        18.977512807523272        1.5000000000000000                1
   4.0219656323539299        5.4259043752765397        9.5623033625008116        1.5000000000000000                1
   5.0141450715813907        2.2693117993341798        17.755705984960521        1.5000000000000000                1
   7.0623969670535338        5.6013943373889994        35.661668300966895        1.5000000000000000                1
   3.7343596428182591        6.8993495366298552        20.302250714351889        1.5000000000000000                1
   5.8924272505152970        4.5329834134523805        14.551556330391234        1.5000000000000000                1
   6.5282156895207528        6.4196735431227383        13.260167785471751        1.5000000000000000                1
   6.4054404732451511        2.9268668389680763        26.947374727964441        1.5000000000000000                1
   2.3289790602211218        4.2933856094264202        9.3485530417149540        1.5000000000000000                1
   2.3610294187038239        4.0411354417373335        24.600445799864797        1.5000000000000000                1
   7.0483775164089266        3.9027088096992997        12.869455426031815        1.5000000000000000                1
   6.7180226878578999        3.2399700055950253        8.5981966594174146        1.5000000000000000                1
   6.4194478211072781        2.9100136833086925        22.437776027714172        1.5000000000000000                1
   2.3498210300301570        4.8325128237888908        3.0158902702277843        1.5000000000000000                1
   4.1720909013837097        5.3515135765285757        36.489573107940501        1.5000000000000000                1
   2.3851895842601007        4.0158079904515747        3.6606777411434899        1.5000000000000000                1
   3.2540959165602832        2.8969153676234014        35.645493892985186        1.5000000000000000                1
   3.7049339719329972        4.8290496686815541        23.229120064823686        1.5000000000000000                1
   4.4423434316352193        3.8111356050747753        24.858461434974718        1.5000000000000000                1
   7.1504906773384258        4.0775744990285867        30.723293951889488        1.5000000000000000                1
   2.3395188655941066        4.6024935280119692        38.758221758412539        1.5000000000000000                1
   2.7622671440637410        6.1854998132520622        36.040506619826608        1.5000000000000000                1
   2.4951455004942185        5.7773463178277522        31.314997373317567        1.5000000000000000                1
   2.2568581621255333        4.6115406051303252        21.326569633467489        1.5000000000000000                1
   6.2517993073378051        2.7689253347631917        18.500224240762353        1.5000000000000000                1
   5.6846069053570805        2.4550385941705297        3.2414943253570807        1.5000000000000000                1
   4.3176120141359942        6.2170020476844403        23.733558962830504        1.5000000000000000                1
   4.7297293055323060        6.0364703083364111        10.275615795878934        1.5000000000000000                1
   2.2887811796703237        5.0950006560842072        30.278355763238160        1.5000000000000000                1
   5.5851501187630976        5.2941284993826869        27.271795414927091        1.5000000000000000                1
   3.6130342268589013        6.9457251060062610        36.308785612058877        1.5000000000000000                1
   5.5796535152528097        5.3135851534430802        32.744894525093549        1.5000000000000000                1
   3.0197047478203856        6.5198299045512824        33.911743856318019        1.5000000000000000                1
   3.9487433462854811        3.5064621999194703        23.984622994589483        1.5000000000000000                1
   2.6414793459215122        3.5212837562855643        30.111281171932834        1.5000000000000000                1
   6.4432590523098794        2.9206658448847955        33.087574067981272        1.5000000000000000                1
   4.7493397307730092        4.7270746578331817        24.332899937594519        1.5000000000000000                1
   5.5505435567995720        3.4625470160831795        15.700053765038163        1.5000000000000000                1
   5.1134478756653250        2.2779552311817857        1.5102709795803582        1.5000000000000000                1
   5.1969598705313782        4.3861178344474601        29.772786519133714        1.5000000000000000                1
   4.4560143427440178        7.2210277989874561        19.645551667290803        1.5000000000000000                1
   2.9971091438277604        6.4493456214167306        28.375061884355596        1.5000000000000000                1
   2.2758801930432950        4.7854182361673763        29.320047999930232        1.5000000000000000                1
   2.6495120705973489        3.5279527962052408        22.653645245214108        1.5000000000000000                1
   4.4015744864745967        7.1588433023699301        6.7539017441095677        1.5000000000000000                1
   3.8911694998218440        3.0036080284257083        26.370364166548129        1.5000000000000000                1
   2.2619478536487385        4.9563990706632879        22.295700070529232        1.5000000000000000                1
   4.5203072558842150        2.2729866632340174        39.608712667559857        1.5000000000000000                1
   2.3058776081708618        5.2157896451120145        4.6642238304549490        1.5000000000000000                1
   4.0778502193606503        2.3443470313978194        22.919577757168010        1.5000000000000000                1
   7.2264669926726395        4.4935304580156750        22.525247952343268        1.5000000000000000                1
   5.4686324737931757        4.3073886204884300        27.018941371259274        1.5000000000000000                1
   7.1336047713515889        4.4422172000601527        38.564074586513641        1.5000000000000000                1
   5.1337986836715892        5.6869681073065683        13.669116135464781        1.5000000000000000                1
   3.3008786958924765        5.0350972009543078        29.094713539339082        1.5000000000000000                1
   2.7501036350789798        3.2878058549811238        14.971286096601514        1.5000000000000000                1
   2.2640052446907446        4.9861241148778905        24.187778333432718        1.5000000000000000                1
   3.1444885012055295        2.8694703852282237        14.140551981499023        1.5000000000000000                1
   6.9801416820508608        5.8545376129949220        1.0855644262320483        1.5000000000000000                1
   6.3712855719690875        6.5229422763893998        39.530978600549879        1.5000000000000000                1
   3.5904938041380596        4.9428968316349309        37.831175850193290        1.5000000000000000                1
   2.3572283695718030        5.1730045309415384        36.049887411147665        1.5000000000000000                1
   2.6565916648884365        3.5136440270806251        36.265711798830203        1.5000000000000000                1
   3.8510917974511019        5.1794896478066796        12.350576862877636        1.5000000000000000                1
   2.2699184505047092        4.4402147762235504        10.840754479596081        1.5000000000000000                1
   6.5330325556985471        3.1384293786753039        13.265163949214012        1.5000000000000000                1
   2.3403916181664624        5.0653211567862151        19.621138808352587        1.5000000000000000                1
   3.9275093003687660        7.1044077780045729        18.241562268429302        1.5000000000000000                1
   6.3863722230303654        6.6210479013158956        34.677654263999763        1.5000000000000000                1
   5.7690024936620921        7.0180924898998933        28.845369663694598        1.5000000000000000                1
   7.1597391491706128        4.9670397561985213       0.58351684436490492        1.5000000000000000                1
   2.2791039066289511        4.7203171230987255        25.351172927973469        1.5000000000000000                1
   6.7854529046468830        6.1775554001234925        17.068709898932863        1.5000000000000000                1
   4.4500935196028433        3.6027547244172737        3.0707382752381966        1.5000000000000000                1
   3.2662344683742495        2.8152350388259748        2.5291514090300202        1.5000000000000000                1
   3.7687816405898156        2.4862715648558327        6.2891608402095525        1.5000000000000000                1
   3.7541327896461731        3.5671898638909156        30.058305350348686        1.5000000000000000                1
   4.9525544067162848        7.2152954905041469        27.327518476703716        1.5000000000000000                1
   5.3697474182312925        7.1662163908259631        30.359906660874763        1.5000000000000000                1
   3.5454030918475845        6.9023318097054487        7.2060412046328253        1.5000000000000000                1
   2.2629327061587001        4.7125639600033988        14.161250280726650        1.5000000000000000                1
   5.5386806266514279        4.0406526280228023        20.741249248486568        1.5000000000000000                1
   3.3428609414587673        5.2959846626499214        16.620205993691677        1.5000000000000000                1
   4.1874510509790159        7.1713332630837234        11.576070695850181        1.5000000000000000                1
   4.3438753865724227        5.5563616967966727        16.530976987832947        1.5000000000000000                1
   3.6095813767260774        2.5358724891016640        10.814996521942851        1.5000000000000000                1
   6.9188879358453734        5.9620850968831212        23.481446248121255        1.5000000000000000                1
   7.0093055202422647        5.6010637037546562        21.515795615075731        1.5000000000000000                1
   3.7434285220396477        4.4295638931054757        19.766776519492726        1.5000000000000000                1
   7.0087090793765796        5.8149235877303580        9.4638110971151708        1.5000000000000000                1
   6.1401856648244362        3.8749007354213632        32.805891753678679        1.5000000000000000                1
   2.5276127342743835        3.7402845965542557        34.024237614692254        1.5000000000000000                1
   4.4375321686928100        3.2588005234563493        34.505021889090095        1.5000000000000000                1
   5.9440492472628561        3.7187670119610585        24.946614796519551        1.5000000000000000                1
   2.6841103098059000        3.3642655486446560        31.146630116520580        1.5000000000000000                1
   4.2891571573581508        5.6507344459421143        8.5665093702683812        1.5000000000000000                1
   5.9828012697344324        5.5863208117133611        25.382457282672334        1.5000000000000000                1
   2.4568509978565238        5.7380498815482124        17.840709238412966        1.5000000000000000                1
   7.1176838239044953        5.5195322224892438        22.606962480185324        1.5000000000000000                1
   6.6621535958801932        3.1422834629603731        6.5301017692139203        1.5000000000000000                1
   4.4122271482343303        3.3656194204350864        5.1877171341061699        1.5000000000000000                1
   7.2180986870672674        5.1266906757475441        18.064702598086150        1.5000000000000000                1
   3.2140959870887449        3.8130290630009562        4.2654471975094514        1.5000000000000000                1
   5.9425224211585990        6.9121377333269196        12.571596490228284        1.5000000000000000                1
   4.5252609502170502        5.4450411350361465        14.440949558114223        1.5000000000000000                1
   6.5928740593670945        6.4198993760521885        33.032401053525867        1.5000000000000000                1
   5.7787619064943669        5.1707318270417488        20.754341465326569        1.5000000000000000                1
   5.6741806276623752        5.2571481069922674        30.052333487748399        1.5000000000000000                1
   4.3506677380115768        2.2851670114904890        24.951229991458021        1.5000000000000000                1
   5.7747600658807583        4.5349426024783881        12.149719327497207        1.5000000000000000                1
   6.9864374154165692        5.7585381691451412        7.9294073147400441        1.5000000000000000                1
   2.9572009960040337        6.4731453231888700        29.416637328267186        1.5000000000000000                1
   6.8998862886295091        6.0068748455060073        31.082201312097840        1.5000000000000000                1
   5.5548794223126583        7.0571836577105724        3.2508408551406340        1.5000000000000000                1
   6.2592337338860089        5.9991957630436099        14.722017812245026        1.5000000000000000                1
   4.8934001776840939        3.2889678719506104        22.798449240995769        1.5000000000000000                1
   4.7740745390477013        4.7078795615024864        12.372751939494890        1.5000000000000000                1
   7.0677541316569368        5.0905305654465556        32.519746850828355        1.5000000000000000                1
   2.3663040431582396        4.0012578538391557        6.2375448344750195        1.5000000000000000                1
   5.4701409416221134        2.5063765847496522        26.877409705154161        1.5000000000000000                1
   5.4859819534210272        5.9888685110923729        9.5979757068157774        1.5000000000000000                1
   3.7565470616920593        4.9278248215941982        7.2778774474058174        1.5000000000000000                1
   5.0989058742697901        3.6378573206878562        19.922735910365837        1.5000000000000000                1
   5.1383393923254088        5.3552019678738318        35.218260912854667        1.5000000000000000                1
   4.6072786721213914        5.8223726765116357        5.0237259867478814        1.5000000000000000                1
   4.5057225800603726        7.2313991223531433        2.1186439240931274        1.5000000000000000                1
   2.4538247383713827        5.7154971291914975        28.799870932186533        1.5000000000000000                1
   6.5680756414155681        4.8789160637465772        37.806045785470978        1.5000000000000000                1
   3.8059164702845516        4.9476500626420412        14.978039266222694        1.5000000000000000                1
   6.9263213475546772        3.5208180441178372        32.293638127908466        1.5000000000000000                1
   3.6610654537897025        6.9802784897613570        1.5348917766286490        1.5000000000000000                1
   2.8373138806899885        6.3582809146085637        37.028044566760144        1.5000000000000000                1
   5.5490373429342972        2.4590972295531812        35.409595266033335        1.5000000000000000                1
   6.5270599034879302        6.4851349526184565        15.584096613324091        1.5000000000000000                1
   4.9808723253325473        7.2027813732563022        38.715956211948203        1.5000000000000000                1
   4.0316740937229056        4.4410909668959198        17.719473274859990        1.5000000000000000                1
   7.2416212639972457        4.7923069319540552        8.1006009824798877        1.5000000000000000                1
   4.0889961255732876        4.8635309970301366        33.499695720165739        1.5000000000000000                1
   3.4430918449141861        3.9572500606682670        7.3344249690432264        1.5000000000000000                1
   6.4844528695630856        3.0410263859404632        3.5862512499992918        1.5000000000000000                1
   5.4680138038070378        7.1021545573243356        9.4050698155359616        1.5000000000000000                1
   5.5653262223404516        5.5248866689068095        33.760965660961915        1.5000000000000000                1
