     1000000
           1
  0.10000000149011612     
   9.5999785606296779        4.9760374907140053        24.757251397663346        2.0000000000000000                1
   3.0518480879411132        6.4632826300126283        3.0448468294985584        2.0000000000000000                1
   7.8770237922359465        6.1500846699851266        32.296733425462939        2.0000000000000000                1
   6.0428151186290746        4.8329105579405338        2.1959979858143952        2.0000000000000000                1
   7.8832978638232722        3.3059937704281510        9.7683938611708729        2.0000000000000000                1
   5.1499194535552473        9.7020073452664626        29.265226697134501        2.0000000000000000                1
   7.4767273696239176        3.2143033874280422        26.713337361084815        2.0000000000000000                1
   7.4436455469024656        5.6502396570365878        25.875592685589446        2.0000000000000000                1
   8.5848995876032728        9.3097473884548148        27.367028604343378        2.0000000000000000                1
   9.7574744500127171        7.0376807680239057        14.821272729464212        2.0000000000000000                1
   3.0874635895924163        6.1177980174574182        34.275818865950264        2.0000000000000000                1
   5.0472436778468577        5.8499743360263041        20.469843948176351        2.0000000000000000                1
   9.5111165318258202        5.1942254496187683        18.449671637421133        2.0000000000000000                1
   7.7952488230729831        8.3621727663488414        6.6033221450577599        2.0000000000000000                1
   5.3163279698453936        5.6868477557389747        14.401918261262141        2.0000000000000000                1
   5.5233396773213874        8.0449732431178802        37.259703034611171        2.0000000000000000                1
   6.9551018891589393        7.8097830989568831        1.3385343698011900        2.0000000000000000                1
   4.4181245487623197        9.2327780911905499        6.7726006121876470        2.0000000000000000                1
   5.1114552059542024        3.6797049650257203        26.569025766785529        2.0000000000000000                1
   5.8369565579138953        3.1356983700467671        13.689545918098089        2.0000000000000000                1
   6.6407244700717971        4.8159903416306387        25.778981323871985        2.0000000000000000                1
   9.9013027748669398        6.5330062115172476        26.858878621093549        2.0000000000000000                1
   4.4031697904524236        9.2720467246283516        11.261150003062385        2.0000000000000000                1
   3.1705312239898573        7.4994564772937364        2.7850595650939289        2.0000000000000000                1
   8.7981194813856547        3.9903740642949002        33.153477551004222        2.0000000000000000                1
   8.0068362934158035        6.6271073244254755        21.499384969965437        2.0000000000000000                1
   9.1947021893304228        8.7284968738649376        10.061066171841453        2.0000000000000000                1
   3.2841314175869813        6.3584884453522159        13.391121609962848        2.0000000000000000                1
   6.9050871109271998        8.2554631389293220        24.289825408970511        2.0000000000000000                1
   3.8150830877373316        8.4721975874869120        13.667513684515141        2.0000000000000000                1
   5.7595851289834288        9.8808402708321754        9.4679989018593709        2.0000000000000000                1
   3.5760141580991469        8.2939392959216569        17.900390580733426        2.0000000000000000                1
   8.8967976161013897        8.9874255558862135        23.131176123806419        2.0000000000000000                1
   7.9955554704076910        6.9033220553674655        38.850545115921392        2.0000000000000000                1
   5.1423453831016088        6.4573411764481419        29.151592018950002        2.0000000000000000                1
   3.2839980613371571        7.5063029073717544        30.317748547220262        2.0000000000000000                1
   3.4354823889915682        7.9091538476338643        32.308013793391233        2.0000000000000000                1
   9.4438726268348692        5.1140263886447315        1.4545442984127079        2.0000000000000000                1
   5.6680181108266758        8.0227934656906523        10.215896514662262        2.0000000000000000                1
   3.3427975860561587        7.7029986196271816        19.870829032496989        2.0000000000000000                1
   9.4312086264206556        4.9773340717926393        31.353281502868182        2.0000000000000000                1
   5.9547389562091650        9.9426247479748646        18.731936684882278        2.0000000000000000                1
   3.9921231384296774        8.8966037939241804        9.2328534402192304        2.0000000000000000                1
   6.3962288624088099        9.8681607473395037        6.9033209173288821        2.0000000000000000                1
   5.0515936123376468        6.8075916685405922        4.0054427829934731        2.0000000000000000                1
   5.0432837544770921        5.5275200152022661        4.2529347268134972        2.0000000000000000                1
   7.1726881506972253        7.9322533832321538        15.674450478770543        2.0000000000000000                1
   7.0165457377841403        3.1134407774620576        32.908060250228999        2.0000000000000000                1
   6.1993193557622197        4.0807033923795926        13.587658585404736        2.0000000000000000                1
   4.2575862771382598        4.0053548904929475        38.964540209148709        2.0000000000000000                1
   3.3427644406814503        7.9047081926264955        4.9281527780024703        2.0000000000000000                1
   6.8320764513242578        6.8732153680642432        15.833184956889244        2.0000000000000000                1
   3.5492666133885802        4.6998622912883858        5.3814902455415412        2.0000000000000000                1
   3.7176425249375553        4.5533542346113300        3.0898289536088188        2.0000000000000000                1
   9.7774863642520309        5.9941593548975991        11.862758635760843        2.0000000000000000                1
   3.6090158722928871        8.4662669715543206        30.181626880623075        2.0000000000000000                1
   5.3716260043574326        9.8015394115917314        11.580959354858265        2.0000000000000000                1
   3.5065733185113790        4.7066679488926404        25.947269203521735        2.0000000000000000                1
   8.2534242512819631        6.3143879233504343        25.743945415963477        2.0000000000000000                1
   9.7887819649411050        7.0204663864860040        2.0379296972213035        2.0000000000000000                1
   4.4236444820731737        9.2382148126018446        13.416508768330337        2.0000000000000000                1
   8.8643383515319023        9.0586154110402681        18.680735969034508        2.0000000000000000                1
   7.0545266747239266        9.8628333013430360        14.878916289510240        2.0000000000000000                1
   6.0181279172474893        3.1750618392809384        32.672717795926332        2.0000000000000000                1
   7.4258521957340715        9.8237280736192947        21.122185376589112        2.0000000000000000                1
   7.8842256649288585        3.2983853372523275        34.901883022839407        2.0000000000000000                1
   3.9201518604750318        8.8225423556682134        32.221911150223249        2.0000000000000000                1
   5.1336110201785532        6.7907850028545429        14.610195117011031        2.0000000000000000                1
   6.3818826177812369        3.0734519778474181        18.330146888423599        2.0000000000000000                1
   8.3989073303257396        3.9323671333627135        16.771247291008304        2.0000000000000000                1
   5.9051253712480278        5.0190500354160728        4.5222947341078106        2.0000000000000000                1
   9.8894478215985604        5.9576377825429017        24.583146275338915        2.0000000000000000                1
   3.5119874325805767        4.9665831364546840        1.0440335802439660        2.0000000000000000                1
   4.6731600725036282        5.7100060172290874        35.440025324365699        2.0000000000000000                1
   7.9325099467643039        9.6884103445988465        18.929494952046586        2.0000000000000000                1
   9.0261236688078483        4.1128108100461418        15.817351205768505        2.0000000000000000                1
   7.5234188630408951        7.6935411630329300        9.4259211233826541        2.0000000000000000                1
   7.1464655817798191        4.9874011626670907        27.831506155744520        2.0000000000000000                1
