     1000000
           1
  0.10000000149011612     
   6.8453088857612192        4.2465905899340148        24.641471215401037        2.0000000000000000                1
   6.2555988966123195        3.5032967149652214        39.568844846289338        2.0000000000000000                1
   4.0766747655121209        3.3075517604395608        14.036848041842253        2.0000000000000000                1
   4.7672673963959138        6.9652867370445986        22.704337707958604        2.0000000000000000                1
   5.2589899623480241        6.8082983812887949        3.8139399298036190        2.0000000000000000                1
   5.4125003888846219        3.0764412070686036        10.025091578185650        2.0000000000000000                1
   3.3499156990080650        4.0943750963355194        39.436363382304513        2.0000000000000000                1
   3.0701680482118401        5.4058564865703982        28.879126410707208        2.0000000000000000                1
   4.0944344874044551        3.4084007780641246        39.337201534374643        2.0000000000000000                1
   6.6007372881774069        5.7917256137913329        5.8102723948328476        2.0000000000000000                1
   4.2956827618376057        6.8408356209352403        16.550487881313465        2.0000000000000000                1
   6.7557944089101971        5.7698989004602579        31.013302609114401        2.0000000000000000                1
   3.3900765891642557        4.1754047329051200        13.920096221547135        2.0000000000000000                1
   3.1640199433294400        5.5912176898087402        22.316012871578998        2.0000000000000000                1
   4.9084638020615072        4.9460336265042306        10.936690278009351        2.0000000000000000                1
   4.3233979976468166        6.8423326454192077        37.357330874892753        2.0000000000000000                1
   6.7375453627964470        5.8685673133136449        9.8594354750749051        2.0000000000000000                1
   6.1787128499424648        3.4523308526434553        24.796967403270603        2.0000000000000000                1
   4.8264363334574414        6.7656592483358358        11.808813315753644        2.0000000000000000                1
   6.7971312648418607        5.5139457159684877        3.8058514283997780        2.0000000000000000                1
   5.8578863535693735        6.7798511274976612        22.635079021837665        2.0000000000000000                1
   6.3367769785371673        6.4592996380887744        16.609193101661390        2.0000000000000000                1
   5.4615892731296452        6.9319409039179822        18.408131905763401        2.0000000000000000                1
   3.8310217983387185        6.5281565452551185        35.393015632768574        2.0000000000000000                1
   6.9688958537893626        5.3358099537392478        18.149147736851898        2.0000000000000000                1
   5.4027996138671375        3.1299979837818133        31.023874304743323        2.0000000000000000                1
   4.3004679009554909        6.7729756389176972        39.473343252533098        2.0000000000000000                1
   3.2864699078330268        4.0576111613268155        28.494917910098458        2.0000000000000000                1
   3.3130596929600000        4.1455860244324496        18.226484083432855        2.0000000000000000                1
   3.1252910278535153        5.6010076009515650        1.6672398304389766        2.0000000000000000                1
   6.8935478575136724        5.1530450022995931        28.706061451921062        2.0000000000000000                1
   4.0273434787526528        3.2702981950998469        37.106839200749015        2.0000000000000000                1
   4.9650646170993094        5.0790642159048680        8.8427335545024270        2.0000000000000000                1
   4.7536576060471836        3.0670168857490396        1.5118357816236050        2.0000000000000000                1
   3.2705956227417143        4.0228114626831672        20.423732483423940        2.0000000000000000                1
   5.7729873008215371        3.1912700390209725        35.060035964279379        2.0000000000000000                1
   6.0244957684209099        3.3336417818326547        37.530834184456999        2.0000000000000000                1
   4.2434482949497898        3.3025067122651341        3.4550434354377995        2.0000000000000000                1
   5.0086666317272570        4.9145597173714650        21.461363060956753        2.0000000000000000                1
   3.9238731750140530        3.3346051837272661        7.6344173935386266        2.0000000000000000                1
   3.4121913091388136        6.1320324087080955        20.395535437991640        2.0000000000000000                1
   4.9374772501819857        4.9958215244892035        17.255644652325770        2.0000000000000000                1
   6.0622267821389357        6.6387074244956574        15.590255446458393        2.0000000000000000                1
   6.9279769326399352        4.8401707807284637        9.8112891897773338        2.0000000000000000                1
   4.0115698880821800        3.3037018642881901        24.687593140943605        2.0000000000000000                1
   6.1652718753668099        3.5089532633964109        18.623757566441395        2.0000000000000000                1
   6.0407190407334577        6.6341033819951907        5.6491741056609790        2.0000000000000000                1
   6.8576309618559419        4.3281228643267795        18.502307075966460        2.0000000000000000                1
   5.3965064882035376        3.0674734889558426        5.5707689707619412        2.0000000000000000                1
   4.9092163681223813        4.9529708105155583        23.583920475242270        2.0000000000000000                1
   5.0026110309231591        5.1525986738331726        30.023718393541483        2.0000000000000000                1
   3.3490795626907581        3.9386348140884841        26.479166071862849        2.0000000000000000                1
   5.2696168393788501        3.0760017051364072        16.226895196126041        2.0000000000000000                1
   3.0614885965745198        5.1043989479696679        26.744998000278287        2.0000000000000000                1
   4.9607510025251829        4.8875286903793924       0.48840808703353866        2.0000000000000000                1
   4.7670049806492889        6.8780491174001908        35.230100484587247        2.0000000000000000                1
   6.0199354746594143        3.4557871023161586        8.0335234828941910        2.0000000000000000                1
   3.0565121005115712        4.8490855693213719        30.986616959660005        2.0000000000000000                1
   4.1742356553143072        6.6809950788943029        6.8717253972539289        2.0000000000000000                1
   3.3614512949586608        3.9364740303457846        15.928862230642556        2.0000000000000000                1
   4.9886755417339863        6.9904961297771031        13.908257603190799        2.0000000000000000                1
   4.8773330366530168        4.8357634170677395        4.7109797189691873        2.0000000000000000                1
   3.8489332511089169        6.4230368772858775        22.606012508011805        2.0000000000000000                1
   6.8598119548754868        4.4518364437201328        26.638447039343689        2.0000000000000000                1
   5.0404015707999736        5.0474805596249741        27.906537538076623        2.0000000000000000                1
   5.9531602390479339        6.7099777940430139        33.037334251971330        2.0000000000000000                1
   3.3421345893129577        3.9135099317983655        30.526884107159130        2.0000000000000000                1
   5.0450586162045727        6.9563101805192327        9.5427162336471341        2.0000000000000000                1
   5.8836364905922158        3.2751233059676905        22.762263134236328        2.0000000000000000                1
   5.2186716376832099        3.1548039560688892        28.794503309672280        2.0000000000000000                1
   6.6511458116633664        5.9500957760525335        33.079682427689228        2.0000000000000000                1
   5.3991582630975952        6.7360013878546203        20.579925900904982        2.0000000000000000                1
   6.8403920483524230        4.2668761249252931        29.187591861303240        2.0000000000000000                1
   6.1606309535430501        6.5799440724050697        31.017190450519969        2.0000000000000000                1
   4.9362031799043908        5.0781734696810723        32.042651274747335        2.0000000000000000                1
   6.6387436853788921        6.1345381323235912        35.434926650320378        2.0000000000000000                1
   3.8684962881061140        3.4512167003904315        22.333080683204845        2.0000000000000000                1
   6.9349389391748781        5.2339504692411607        14.449628541734484        2.0000000000000000                1
   3.2847324228250678        5.5748126838972141        35.612409525164495        2.0000000000000000                1
   5.3617645094770632        6.8353458174886823        26.982120138662573        2.0000000000000000                1
   6.8199419895556979        4.4879395457797342        5.7732784550405745        2.0000000000000000                1
   6.9211808711511953        5.3638438903711991        20.630677883387118        2.0000000000000000                1
   3.4126353771227045        6.0535212889794385        16.275784697749518        2.0000000000000000                1
   4.9085075134456702        4.9139481069601869        15.038418613524955        2.0000000000000000                1
   3.4668058032921825        6.0442571855617802        24.599911493337885        2.0000000000000000                1
   6.9181571589079027        4.4621799788715464        31.201751989685174        2.0000000000000000                1
   4.2604259115524084        3.1659625314274886        30.848391408734461        2.0000000000000000                1
   4.3089689396345632        3.1799584210122696        9.9645298717756354        2.0000000000000000                1
   5.1595496191017745        3.2506168449697084        18.332883775049002        2.0000000000000000                1
   4.2667083773465526        6.7711499204892878        18.561756776936210        2.0000000000000000                1
   4.6659671610736124        3.0537939487301382        35.165300916010104        2.0000000000000000                1
   4.1139708115065599        6.7627634248364785        3.6002529136623500        2.0000000000000000                1
   3.3201473471813134        3.9937832824387036        24.438041554360314        2.0000000000000000                1
   5.7823472057579037        6.6838573142100204        11.439414573414648        2.0000000000000000                1
   5.1739350769169210        3.1127564285289337        14.167180907234227        2.0000000000000000                1
   4.9907109312117024        5.0129561464485413        12.980162777540222        2.0000000000000000                1
   5.2179415744688527        3.0508744144388786        26.726214120076868        2.0000000000000000                1
   3.5366646353956410        3.7909261858930572        32.769076586691483        2.0000000000000000                1
   3.3045884821144349        3.9653672943814713        5.8373311893096043        2.0000000000000000                1
   3.0855625382718350        5.0462372312786767        3.6815494638089508        2.0000000000000000                1
   5.0685519538532144        5.0433591161520672        38.457748096070738        2.0000000000000000                1
   5.7859894352993377        6.7914481426475231        35.050973023263793        2.0000000000000000                1
   3.3137138615088553        5.9407419494537574        9.8604366179389338        2.0000000000000000                1
   6.9236328946107895        4.4573128927046390        16.330478850812749        2.0000000000000000                1
   6.4108326719283362        6.2693529358790725        20.522067502681505        2.0000000000000000                1
   3.8799709430236460        6.5942226080484208        33.295336019166747        2.0000000000000000                1
   3.7105307500211699        6.4125653436195611        1.6659657974969044        2.0000000000000000                1
   5.8294316383104476        6.7540247284323476        1.5933838030365604        2.0000000000000000                1
   3.5627311894264242        6.2163252582205946        37.556483213636746        2.0000000000000000                1
   6.3662659656199576        6.2614531684510899        24.592574464010060        2.0000000000000000                1
   3.0057679505131052        4.9610767712660238        5.6844725456177985        2.0000000000000000                1
   3.2842687138661293        5.8378922467028360        31.165062774407449        2.0000000000000000                1
   3.9710820508029760        6.7057115707721611        9.9146662185399581        2.0000000000000000                1
   5.2886192692885610        3.1350913756248739        12.069212997514143        2.0000000000000000                1
   6.5559788394755492        6.0820296935319282        1.8417653071505493        2.0000000000000000                1
   3.9103466136822749        6.6010178881471200        12.188346857573945        2.0000000000000000                1
   4.0563269020363251        3.2698252483155121        20.338147647770452        2.0000000000000000                1
   4.2981747236267376        6.7800787518434440        24.905646781584586        2.0000000000000000                1
   6.7065179718443471        3.9942820451515941        22.504482066765302        2.0000000000000000                1
   5.3452538589965144        6.9677626868346092        24.813246115494277        2.0000000000000000                1
   6.0773164063046590        6.4426875480017420        7.7475820267599813        2.0000000000000000                1
   4.1222031768636258        6.6899078343208567        31.126893983918080        2.0000000000000000                1
   3.0456788163376189        5.2422502472452672        18.119428007169635        2.0000000000000000                1
   4.1329416883094892        6.7235353626940508        14.508160872748983        2.0000000000000000                1
   6.1177848696945611        3.3836820607565339        13.937882756091582        2.0000000000000000                1
   6.3288244577301604        6.4683531434371373        26.665796861468266        2.0000000000000000                1
   6.6434792109577012        3.9225018038028066        1.6384550532502491        2.0000000000000000                1
   5.1121606770106913        3.0087493853966873        8.0318024707795637        2.0000000000000000                1
   4.8446519803145351        5.0442033726983890        2.5848341008365363        2.0000000000000000                1
   6.2545981292464452        3.4918551052121862        16.135149060687148        2.0000000000000000                1
   3.1066251016870159        4.4961337478977059        35.258428145331493        2.0000000000000000                1
   5.4292702044715782        6.7124262265874277        39.535385487607137        2.0000000000000000                1
   5.6111152583693160        6.8999765448674957        29.067559624491988        2.0000000000000000                1
   4.3397446489949232        6.8719468466935227        20.598783802539995        2.0000000000000000                1
   4.0548497469264948        3.3940420535260540        18.252603205209400        2.0000000000000000                1
   4.9423547224146747        3.0231686647734861        37.445910991494330        2.0000000000000000                1
   3.0449515187049645        5.0667552216158107        24.731167206474254        2.0000000000000000                1
   4.1512947355796710        3.2062216243714263        28.672147410679788        2.0000000000000000                1
   5.0463773028555572        4.9189952648423034        36.437604577831443        2.0000000000000000                1
   6.8681963274600424        4.4214025471726668        11.882363539290379        2.0000000000000000                1
   4.0168824281284179        6.7015911843097191        5.7037463329876337        2.0000000000000000                1
   6.8841612321917260        5.4310553915041595        7.8204673629373911        2.0000000000000000                1
   5.1218942260717490        4.9373702241733266        34.213660628671335        2.0000000000000000                1
   6.9107413783986180        5.5221061876787498        26.663290019119501        2.0000000000000000                1
   6.8502496375143238        5.0225724799006519        22.647939757082593        2.0000000000000000                1
   6.9073737598047726        4.8987640688111638        35.603076744763946        2.0000000000000000                1
   3.5023340742796716        6.1304273829882137        39.583534094933782        2.0000000000000000                1
   3.7487450954631067        3.5713228481779060        1.3953020166929233        2.0000000000000000                1
   5.1205599848273851        5.0840084963012933        25.825936720894322        2.0000000000000000                1
   3.3943226167963547        3.9345336806729110        11.796789068516018        2.0000000000000000                1
   4.8964225440404059        6.9348527949582763        33.061947686836810        2.0000000000000000                1
   6.4453607619341318        3.7793692542750508        33.251357477183049        2.0000000000000000                1
   5.1079608380746153        3.1284598977443556        20.351318543602876        2.0000000000000000                1
   6.7446756016949623        4.5021337825787855        3.7022160365897778        2.0000000000000000                1
   4.9653237752946255        5.0878468735606974        19.430371895921287        2.0000000000000000                1
   3.1482833230563037        5.2174162483358293        37.580260170643307        2.0000000000000000                1
   4.2219881180663883        3.2743706046338876        11.995115825582353        2.0000000000000000                1
   3.4550117647220508        6.1257230555126689        26.666777811109956        2.0000000000000000                1
   5.1714041875814756        3.1025118616842202        39.545473671256211        2.0000000000000000                1
   3.4264971858906450        3.7690434949156919        9.8037895063255576        2.0000000000000000                1
   6.4098666781945708        6.3561219235581365        39.567978715152030        2.0000000000000000                1
   3.0649993744177446        4.7349777245290916        33.119688950896503        2.0000000000000000                1
   5.0750752670580344        4.7296435565788206        6.7334624410819091        2.0000000000000000                1
   6.9346091202625022        4.8356025488084065        33.249895036236914        2.0000000000000000                1
   5.5946398441783449        3.2594777945979501        33.015318210776933        2.0000000000000000                1
   6.2940504926581529        3.5311107792441421        27.123559120981010        2.0000000000000000                1
   3.1930375732540019        4.5014068164173846        22.461510956963924        2.0000000000000000                1
   4.2608840995460362        3.4349016686978890        26.668368947143815        2.0000000000000000                1
   3.4777575232904612        6.1778965036467088        18.379249197060204        2.0000000000000000                1
   4.2615574178941173        3.1841144836288140        16.078221063889725        2.0000000000000000                1
   4.9928909263584282        6.8900246497480220        7.4433549188849533        2.0000000000000000                1
   4.8045765979969399        3.0197249952557943        22.578895343521051        2.0000000000000000                1
   6.9369710642000699        5.4001890586374603        39.805931332201922        2.0000000000000000                1
   3.0151876512708946        4.8682291206407564        11.624201024372708        2.0000000000000000                1
   6.9013730779853706        5.3254270191529836        12.393432441090598        2.0000000000000000                1
   5.9501697826958759        6.7451824167316969        13.515414524625124        2.0000000000000000                1
   3.8142673355971266        3.6726673404469392        35.063113539859884        2.0000000000000000                1
   3.2300297294152878        4.1756940735786925        37.336930954471796        2.0000000000000000                1
   5.4953955222771604        6.8758438063142862        37.272915612579588        2.0000000000000000                1
   6.6317094064901729        6.1176552949237530        22.563625515869067        2.0000000000000000                1
   3.0932498786244618        5.2092565407675693        7.7309345742622968        2.0000000000000000                1
   6.0322392927715418        3.3618508670380516        20.681348876100188        2.0000000000000000                1
   6.7518376916972613        4.2166473479706186        7.7714888228247698        2.0000000000000000                1
   6.8571287089929402        5.3678430556733590        24.650832989466664        2.0000000000000000                1
   6.2512413880881041        3.4905212822273235        3.6662142052675675        2.0000000000000000                1
   6.7734315783158463        4.3415289805644495        37.527314024829984        2.0000000000000000                1
   6.8758492397547872        4.3917252729153740        39.648751344355709        2.0000000000000000                1
   3.0931060675715401        5.2322042941616100        13.658207961419933        2.0000000000000000                1
   4.3097676669272564        6.7607271134090050        26.913534482913576        2.0000000000000000                1
   4.5546756031485520        3.1855967187570924        32.851280589824604        2.0000000000000000                1
   6.6145841010624533        3.9420136533459971        35.303464405059870        2.0000000000000000                1
   6.9387256801180381        5.3169378779775105        37.678098186207066        2.0000000000000000                1
   5.1567428425100355        3.1337024639859550        24.644050513629224        2.0000000000000000                1
   3.5570684428371151        6.3735069482530813        28.971182084917682        2.0000000000000000                1
   4.4666490060094235        6.8726100274479265        29.090637693256628        2.0000000000000000                1
   3.0711739825155369        5.1528035739131539        39.698853472969851        2.0000000000000000                1
   3.2149758547977298        5.7431537848879568        33.281169051689901        2.0000000000000000                1
   6.5488412646278205        6.2226104672968718        28.849588401863127        2.0000000000000000                1
   6.3830201324493272        3.5981888013225354        31.175751738391664        2.0000000000000000                1
   3.0132444842877204        5.0853534061272549        20.311683350481818        2.0000000000000000                1
   6.2355263343851890        3.4476172082811947        11.877775331038309        2.0000000000000000                1
