     1000000
           1
  0.10000000149011612     
   7.3704390121271208        6.7771384332037057       0.89957208801413224        2.5000000000000000                1
   3.8599463720823626        6.3159082993133744        5.5512266014108018        2.5000000000000000                1
   6.0534386926123505        7.5810845304698642        24.981769290251069        2.5000000000000000                1
   6.5439905473779048        3.9304695309619651        10.369259350758533        2.5000000000000000                1
   4.1794786627786342        4.5705696363458168        27.599766662810072        2.5000000000000000                1
   6.1948424408651919        7.6617670570329990        2.9341938041902660        2.5000000000000000                1
   7.3508835228359866        6.5764085209964369        11.803700521918337        2.5000000000000000                1
   4.5449905986831709        5.5636950673550505        30.009130222309654        2.5000000000000000                1
   7.5000005549325417        4.8210144800487562        27.339946466870302        2.5000000000000000                1
   4.0738168308193288        4.9529875766897185        29.298371609318991        2.5000000000000000                1
   7.7242630624134021        5.9316838786392596        9.3501047641574395        2.5000000000000000                1
   4.7313328260181393        5.5297601140519497        23.863373511647232        2.5000000000000000                1
   3.8523288928131811        6.3021567885431020        17.986243047664132        2.5000000000000000                1
   4.6742646456178507        6.4232869166513646        17.135548565836920        2.5000000000000000                1
   6.9662055967199130        7.2850340020197155        33.188140617731193        2.5000000000000000                1
   6.6103246196476606        4.1635988536281854        28.389514333214731        2.5000000000000000                1
   6.6911212389387771        4.1419381078776842        16.175908898986052        2.5000000000000000                1
   7.7283747090442878        5.9627596149799853        1.5812366630210206        2.5000000000000000                1
   7.6743689460348721        6.2840221836052228        17.056561831115694        2.5000000000000000                1
   4.2122718631838501        6.7752555711070190        1.3532343364307895        2.5000000000000000                1
   3.8318899409065268        5.8303430214988063        2.3927274800520344        2.5000000000000000                1
   4.3632988452203305        4.3173031322137128        11.996980497094102        2.5000000000000000                1
   7.5581074451696555        6.1468848741842592        33.470241777684755        2.5000000000000000                1
   3.9088877879398805        6.2621387946017331        29.603810438678362        2.5000000000000000                1
   6.1065242663208483        3.8108453179120971        21.188838988131579        2.5000000000000000                1
   6.3461337982858224        3.8656185655405215        37.214094059658798        2.5000000000000000                1
   4.7418127574276294        4.0477021866003442        8.4247778317977371        2.5000000000000000                1
   6.6194650502514936        3.9800194420224537        34.436511874690204        2.5000000000000000                1
   7.7137193906006845        5.4861088332013033        3.2708297268118409        2.5000000000000000                1
   7.4195692670631308        6.6197642592102257        32.535616234486682        2.5000000000000000                1
   7.2224266559223436        4.4024658431116928        38.489209588057889        2.5000000000000000                1
   4.2179122327820817        7.0013872679425493        12.111474616026587        2.5000000000000000                1
   3.8814909826835873        5.9934239826768394        14.591529401491684        2.5000000000000000                1
   7.3843195153496453        6.5904118268447158        30.639648506454140        2.5000000000000000                1
   5.7778135487976003        3.7524032553032263        25.610104168457127        2.5000000000000000                1
   4.7860109223893028        5.5309879833323166        14.546806372110954        2.5000000000000000                1
   7.3263743943195214        6.9711280391191881        38.879970484512505        2.5000000000000000                1
   7.4541780703226106        4.7455832712060806        28.683802436148966        2.5000000000000000                1
   6.3170555192977025        7.6414246407819375        20.004391712410840        2.5000000000000000                1
   6.5967220581970176        7.4573008880795575        10.998598069485780        2.5000000000000000                1
   7.6274750893158938        5.9757719396550382        14.546191418235043        2.5000000000000000                1
   4.8896398852839269        5.2732805480304128        38.943682743128896        2.5000000000000000                1
   7.7052011760773649        5.8576339693358710        29.953052815969432        2.5000000000000000                1
   4.6948882681949016        4.2759253213576596        26.705122322726115        2.5000000000000000                1
   7.4460594196547030        6.7716344802317510        25.604198844043005        2.5000000000000000                1
   6.3334130365264389        7.6199346747358305        38.768550445573908        2.5000000000000000                1
   5.7100043986623543        3.7541570291860844        16.062882283043631        2.5000000000000000                1
   4.5805212382005500        4.1408549384671485        4.0860310700298168        2.5000000000000000                1
   4.4291333068184668        7.2376324669341185        5.7730867941652422        2.5000000000000000                1
   4.1273775575545013        4.7787901681049076        36.416557336261896        2.5000000000000000                1
   7.7254842335790554        5.5385875730161525        15.717113617023070        2.5000000000000000                1
   5.2519168776590401        7.6467050110906767        22.308873168597582        2.5000000000000000                1
   7.4430628599062780        4.7927882017411365        6.5377007577002626        2.5000000000000000                1
   4.7819999915321487        7.4700015205891273        34.660365702568491        2.5000000000000000                1
   3.9434743269355566        5.0500774275372224        1.7403745913702597        2.5000000000000000                1
   6.5400613090849733        6.3218125218335732        36.115499844068147        2.5000000000000000                1
   7.0555032835093652        4.2853723952920060        9.5469039796216215        2.5000000000000000                1
   6.0481180448311953        3.8167416685801876        31.938468509657145        2.5000000000000000                1
   3.7913610797847093        5.3458568772964297        23.260332610386499        2.5000000000000000                1
   7.3581852378333563        4.7551029031771517        3.9627266779562440        2.5000000000000000                1
   4.9871931757622123        7.5850824211043175        12.944550338187602        2.5000000000000000                1
   6.8613249628088662        4.1133372612508952        7.0434756467120589        2.5000000000000000                1
   5.7069634749160922        7.6745003305145145        10.191392416426076        2.5000000000000000                1
   5.2410544595610684        4.0279053393589574        1.2470539892404655        2.5000000000000000                1
   5.9730726264135008        4.0760257363841070        4.3915719160762219        2.5000000000000000                1
   7.5172120880602025        4.8306603796853071        19.368936434541077        2.5000000000000000                1
   5.4508667174645611        3.7772126751617270        36.655520608626524        2.5000000000000000                1
   6.3201162750689974        7.6293932267149840        23.529680493666177        2.5000000000000000                1
   4.0129441611299885        4.8254266024263126        30.471972546237982        2.5000000000000000                1
   3.9453173002548052        5.0659746637131509        24.274378896343503        2.5000000000000000                1
   5.9490516709797188        7.7264753726742068        15.291549513514049        2.5000000000000000                1
   4.1492080274402463        4.7458409981634038        33.909331658966742        2.5000000000000000                1
   3.8575102847233755        5.2752741042316256        35.438313570556183        2.5000000000000000                1
   7.3594919547131008        4.6788990542091398        23.766600654707723        2.5000000000000000                1
   4.9443652922385199        4.0042317455220546        21.362093602754022        2.5000000000000000                1
   4.3870834130278586        5.4866174249601496        32.897355086822124        2.5000000000000000                1
   6.3194369977377285        3.8504956851125813        29.384516702325204        2.5000000000000000                1
   4.4566722972938271        7.2718680199938390        21.642434396864214        2.5000000000000000                1
   5.6172925068435102        7.7037191017745723        34.116283374531378        2.5000000000000000                1
   7.3670208812460674        6.9085677238493757        17.844182438802722        2.5000000000000000                1
   7.2595037436862118        5.9947577682399951        21.637593546695687        2.5000000000000000                1
   7.3237509703491437        4.5395769743269634        39.554617561397500        2.5000000000000000                1
   3.8213516806688554        5.8914161413736341        36.402872179522930        2.5000000000000000                1
   4.0113307412385861        6.6931687585655704        26.285565178213620        2.5000000000000000                1
   3.8297727655651710        6.1898382085919286        23.822640520762370        2.5000000000000000                1
   4.5275609756025963        7.2610642032742616        9.5937337195410954        2.5000000000000000                1
   6.4227365390435418        3.8965001695378492        30.888377170809679        2.5000000000000000                1
   6.5056789699932773        7.5731481309883240        4.0642454823775669        2.5000000000000000                1
   7.0001134069447071        7.2069413787789802        36.270224743032514        2.5000000000000000                1
   5.5229483391580541        7.6281460234598804        19.374913604506890        2.5000000000000000                1
   6.5205808560237157        5.1404111603514533        9.8860579708299436        2.5000000000000000                1
   5.1693662057477612        7.5860588557463364        31.472047988912127        2.5000000000000000                1
   7.6743283819425336        5.4745300016134886        12.093379398623183        2.5000000000000000                1
   7.6340535941207142        6.2689663556432791        5.9427843907135323        2.5000000000000000                1
   5.5725174786924088        3.8677635071745362        22.142509763661288        2.5000000000000000                1
   3.9191944562378214        4.9794999327193894        14.413716941611307        2.5000000000000000                1
   7.6997338546714227        5.5969874718681689        20.440923884534858        2.5000000000000000                1
   5.0678591160348283        7.5646099137805836        37.877242127336416        2.5000000000000000                1
   6.3919840216976436        3.8580923674744239        1.7808379575120088        2.5000000000000000                1
   3.8758801117009098        6.1825783538219952        20.665021123347859        2.5000000000000000                1
   5.7454877607244104        3.8394176279861005        12.816977364246101        2.5000000000000000                1
   5.1969385737943998        4.1766535164326424        7.5406022187980746        2.5000000000000000                1
   6.7043794865905539        7.3505483536505203        28.207887709935349        2.5000000000000000                1
   3.8258792173054399        5.5019082673614914        11.878011500068910        2.5000000000000000                1
   4.0091967047723385        5.2338634781318145        26.799863721394868        2.5000000000000000                1
   5.2792242743666558        3.8540567948716538        18.567349572176202        2.5000000000000000                1
   7.3179736372911632        6.9884251526485031        8.3403420382158444        2.5000000000000000                1
   6.8259759431986957        7.3305276391137992        1.5300765804176737        2.5000000000000000                1
   7.4669577374915246        5.8906562990801197        26.289213517412950        2.5000000000000000                1
   4.1224727886982890        6.8989442319579037        8.3936684463599267        2.5000000000000000                1
   5.6110582450163582        7.7005499776786888        28.106723371088520        2.5000000000000000                1
   4.4875506984757818        7.2917609361956153       0.46327829289050743        2.5000000000000000                1
   4.1397796500963411        4.6529170712753780        11.013763158159010        2.5000000000000000                1
   6.2277754332054647        3.8445726642440468        17.358528986068468        2.5000000000000000                1
   3.9655515593141852        5.0756325171451024        3.1854600290408164        2.5000000000000000                1
   7.6879865692144804        6.0125086282555493        13.003432943630209        2.5000000000000000                1
   3.9978108009605422        6.6655120476226779        32.228854340895026        2.5000000000000000                1
   6.1043371252868539        3.7930421394362464       0.75732639071823082        2.5000000000000000                1
   5.8821976974835977        6.7339028973678507        28.036174739297124        2.5000000000000000                1
   5.2168920298191015        3.8684820459070011        5.0255483461062918        2.5000000000000000                1
   5.9662722982753316        7.7236948373936665        13.772533105642266        2.5000000000000000                1
   3.9309308237144025        5.3611803498114083        17.016864742781252        2.5000000000000000                1
   6.5394810995320736        3.9688723593804340        24.904498135495018        2.5000000000000000                1
   6.3958688517625912        7.6383993502280996        18.810236739123120        2.5000000000000000                1
   6.4924182195744073        7.5636689326019919        7.7658182333734462        2.5000000000000000                1
   7.3418976974811772        6.8393968490537045        21.036133952013881        2.5000000000000000                1
   3.8442035978552469        5.6886269486509731        19.524159129902966        2.5000000000000000                1
   4.4089716606979499        7.2202009644602292        37.159097913009333        2.5000000000000000                1
   5.4373835103226202        7.4960204731439459        16.241397696896087        2.5000000000000000                1
   6.3787458532527825        3.8544614200489580        13.594440112291849        2.5000000000000000                1
   7.0354775366441666        7.2638349585611248        6.7627034288192807        2.5000000000000000                1
   6.9569382923524774        4.2303651181113322        31.817866628875528        2.5000000000000000                1
   4.4044387963046256        4.2909227521338638        38.881205582210789        2.5000000000000000                1
   7.5715472562134734        6.3260162536285529        36.413632365001739        2.5000000000000000                1
   5.2643167166557108        7.6727507831839530        3.4567953581935034        2.5000000000000000                1
   7.0201369838403398        7.2635132339927075        24.222872997871331        2.5000000000000000                1
   4.8764284618888354        7.5432765757542644        25.713042332448744        2.5000000000000000                1
   6.2317652319856549        4.2427001267038911        18.710519604634843        2.5000000000000000                1
   4.5541798643758185        4.2256390316563772        32.914219897843452        2.5000000000000000                1
   5.9177882987368164        7.5841092351443038        30.759114421691226        2.5000000000000000                1
   3.8308542421948215        5.2124580093896977        39.166397103763046        2.5000000000000000                1
   3.8505263748275351        6.3365282295086560        9.1846567213657124        2.5000000000000000                1
   7.6516035809513383        5.3791520586350519        38.782397145215064        2.5000000000000000                1
   4.2315278952205198        4.4542307032308655        7.4671299786437233        2.5000000000000000                1
   3.8852051923567053        5.0447544786818144        20.343682068710013        2.5000000000000000                1
   4.8847899858021941        6.2564750453393465        5.8493918336158082        2.5000000000000000                1
   7.6351834699914489        5.2140144166447113        22.917147848852998        2.5000000000000000                1
   7.3654865351092784        4.7377089670830328        34.257813918974165        2.5000000000000000                1
   7.2366495804278808        7.0747415483234688        5.3046771728085522        2.5000000000000000                1
   6.9338626859847938        4.1440394498351836        3.1020882836244570        2.5000000000000000                1
