     1000000
           1
  0.10000000149011612     
   8.0710048530945748        6.3694762920877555        2.1257759385168966        2.0000000000000000                1
   9.9768181418717354        6.7998625389473446        11.234746987842280        2.0000000000000000                1
   5.3266937504633525        5.6747045142434729        11.418483944963008        2.0000000000000000                1
   5.4231437397060942        5.4483256213374354        22.136704322905587        2.0000000000000000                1
   7.1744299841391079        9.8498616103107821        22.340337150572548        2.0000000000000000                1
   4.0086121645199224        4.0837898242345689        2.2789457549538010        2.0000000000000000                1
   7.4380068042527929        8.0102225381282839        31.866713033626226        2.0000000000000000                1
   3.9502411252159555        4.1171101199001985        38.131522352671738        2.0000000000000000                1
   8.1595082827481349        6.2598729715317356        16.596723960815549        2.0000000000000000                1
   3.5827722530949981        8.3834547565148103        26.396097509498361        2.0000000000000000                1
   5.6290895763364182        7.8109149534222508        23.518863640490700        2.0000000000000000                1
   8.5169642542056661        3.6635478827014873        15.165690574265485        2.0000000000000000                1
   8.5009185121271145        9.3502834909820862        14.077146410934786        2.0000000000000000                1
   8.7182648299111829        4.0026968089122859        25.851280856762983        2.0000000000000000                1
   6.6186619116700065        4.7704734317657529        32.606364771129464        2.0000000000000000                1
   6.0263584854150496        9.9177141276611014        16.099929567912930        2.0000000000000000                1
   5.7416773059171122        3.0927268872730047        18.744881751308451        2.0000000000000000                1
   8.6033761395821440        4.0846550136940749        23.309947465299910        2.0000000000000000                1
   5.7123793909062428        9.7729903865677681        6.0478531096384023        2.0000000000000000                1
   8.1384519042293793        6.8736294494952501        4.1430395950871599        2.0000000000000000                1
   8.7712010102942131        3.8385240895677444        1.5896819907439697        2.0000000000000000                1
   6.7302764682854104        9.9114024909641891        1.8081752942616489        2.0000000000000000                1
   5.8639457955391254        5.0843717549956233        39.318487456940531        2.0000000000000000                1
   9.7800165317859538        7.3188446622963141        6.5299158479528598        2.0000000000000000                1
   5.0211840953051592        3.3309026920229825        31.607639700129276        2.0000000000000000                1
   3.1519588850307687        7.2082953651372446        26.558232734554426        2.0000000000000000                1
   4.4457327363206378        5.3779537193616775        31.742985389772269        2.0000000000000000                1
   9.1824077694901387        8.5789317022123281        32.741561714124359        2.0000000000000000                1
   4.9397894758661360        7.1865468611904069        25.503322118277922        2.0000000000000000                1
   6.1866400986023597        9.9685118886093154        8.1974208626786886        2.0000000000000000                1
   5.9955535829517670        7.2459458064899955        36.165299007536149        2.0000000000000000                1
   4.9587801080200498        6.6094619091624098        36.122535651311402        2.0000000000000000                1
   3.0969543081678714        6.0763730822179509        3.9315259729756713        2.0000000000000000                1
   8.0270467574341122        6.4240797906392366        37.888723634429326        2.0000000000000000                1
   6.0357994413719300        9.8673757519891367        37.446848939917885        2.0000000000000000                1
   3.0748214112158876        7.1881239753039390        22.465696524068061        2.0000000000000000                1
   5.9581369490288889        8.0323919640756891        7.3899348118380965        2.0000000000000000                1
   8.0583285096029602        6.1346270290534290        39.970766309871884        2.0000000000000000                1
   7.9413501601128793        7.1880568807733445        8.7529043896673766        2.0000000000000000                1
   8.7432071642066251        4.0258854919733178        32.211709100399631        2.0000000000000000                1
   6.8147163267023609        3.0664266377852178        30.537234266224679        2.0000000000000000                1
   6.9163329582903517        3.1456023976278704        29.515052050694713        2.0000000000000000                1
   3.5552684683429483        5.0392340115556449        29.501014707222506        2.0000000000000000                1
   9.3769559414844874        4.6883616277875255        17.486967935485715        2.0000000000000000                1
   9.4476412608831524        4.6701572321315830        5.2832244501227965        2.0000000000000000                1
   7.5830579043190705        9.8012583254038006        18.330488191101789        2.0000000000000000                1
   9.1904983429828775        8.5383483512691907        24.198870839178021        2.0000000000000000                1
   3.3755207408139207        7.6954672986212609        5.7473190290145908        2.0000000000000000                1
   7.5014446232322785        9.8084495794823123        14.304394898786457        2.0000000000000000                1
   5.7112184009146469        8.8927344066181249        9.8905062101940882        2.0000000000000000                1
   4.0104953197849893        7.0654968768059456        30.641960030680419        2.0000000000000000                1
   6.7676020916969550        4.7951867243028277        5.3255178178003915        2.0000000000000000                1
   9.8775031456211604        5.6504149140892777        32.641442852556715        2.0000000000000000                1
   5.4747731900368768        9.7611553574735197        18.225997859098374        2.0000000000000000                1
   6.0492709742224715        9.9532179183060183        39.721954071754141        2.0000000000000000                1
   4.8535835233809532        5.9697106588890119        34.117498520420710        2.0000000000000000                1
   3.1490518848182028        6.0622247535894189        37.423606699601365        2.0000000000000000                1
   9.6538711361604346        7.5661732637240524        19.914713067650034        2.0000000000000000                1
   9.9249701753048072        6.2946158527563316        15.635548441121978        2.0000000000000000                1
   9.1127729170516965        4.2703144614485291        38.602599651311856        2.0000000000000000                1
   3.3410970926785928        5.0284549265563303        4.2416984845796799        2.0000000000000000                1
   7.7383204434438220        9.7566750574780805        20.341574001081611        2.0000000000000000                1
   5.7316239057066865        7.8623850939145132        25.557376871134977        2.0000000000000000                1
   3.3161385898068958        7.3101785618493471        32.950984323040075        2.0000000000000000                1
   3.0255012887781398        6.1085241858254298        16.369501821155858        2.0000000000000000                1
   5.6358711760309390        5.4499550217150867        26.438720323695446        2.0000000000000000                1
   7.6082211110559612        3.2733247974237281        2.8554667101163139E-002   2.0000000000000000                1
   3.5366536788778800        4.7524945855101119        31.542895165310064        2.0000000000000000                1
   5.8179899956348207        6.6847240518056878        32.478126385859397        2.0000000000000000                1
   6.9349239300791732        4.9929200030258123        7.6404523798987514        2.0000000000000000                1
   8.1873226875965521        3.4357293364012609        25.185119754135670        2.0000000000000000                1
   7.4540426092753087        3.1710918773980836        8.5498465473466361        2.0000000000000000                1
   9.9731964808911453        6.8230665537815627        13.343295112902846        2.0000000000000000                1
   8.1120796751637663        6.5267044521615603        18.622365005095876        2.0000000000000000                1
   8.0937930406961804        5.9342887164486564        27.365056953590322        2.0000000000000000                1
   9.6690489746412833        7.8506679342463634        22.053085219502549        2.0000000000000000                1
   8.1952592082921036        9.4330712612596184        26.558431978771409        2.0000000000000000                1
   5.9472925730550985        5.0946822950203252        7.3152612532434214        2.0000000000000000                1
