     1000000
           1
  0.10000000149011612     
   3.3635169423819264        5.3400713311425356        23.246392788449597        2.0000000000000000                1
   4.9948471845726923        6.6435023022712878        21.001523617820258        2.0000000000000000                1
   6.9669979596160037        6.8571296766278875        2.3118471409794679        2.0000000000000000                1
   8.7202636370162026        8.2908669757172326        35.439017110417517        2.0000000000000000                1
   5.6999765172585164        5.3037493480618458        11.817828728170070        2.0000000000000000                1
   4.3006764820585968        9.9345737802820864        27.747434594252677        2.0000000000000000                1
   7.1514277542503457        7.1422514339142920        30.631829988244125        2.0000000000000000                1
   10.822101949599727        8.1611104307286517        39.054248585876699        2.0000000000000000                1
   4.7486673461071423        6.9231286408413819        25.310751189196093        2.0000000000000000                1
   6.3026099589624005        5.1407318356036482        1.4845922753170193        2.0000000000000000                1
   9.0313134645445654        6.4739476864539238        11.163477399483270        2.0000000000000000                1
   4.6359874237796337        3.9920593339203152        6.3656922634807049        2.0000000000000000                1
   6.7753682508965198        7.0464968334631841        7.6940506339282546        2.0000000000000000                1
   8.4144594337372087        5.2704184327935399        23.568591647293953        2.0000000000000000                1
   5.5155663483405002        10.514979968831000        18.834216817719529        2.0000000000000000                1
   10.629751947387488        5.4475243019811659        26.441625451811596        2.0000000000000000                1
   7.0991349905593095        7.1527277029127392        8.6496060052236334        2.0000000000000000                1
   8.2338510755500902        10.718740514024423        28.120224553315058        2.0000000000000000                1
   5.3858171749283512        5.6417373009497007        13.812300062639938        2.0000000000000000                1
   7.4923515701995989        10.885565019668819        23.640042025720724        2.0000000000000000                1
   8.9937775427954509        6.8528898234597957        2.4411523629995435E-002   2.0000000000000000                1
   6.4705689473075036        4.9757064081735241        30.696117636503708        2.0000000000000000                1
   9.2640458101117034        10.043668537875519        36.370018455825623        2.0000000000000000                1
   6.5227188007203862        4.9242744276247015        18.262662698330924        2.0000000000000000                1
   7.2777704460610684        9.1639940218075537        9.2705626104716305        2.0000000000000000                1
   7.0856997321680879        6.9262254226447979        15.396437900741523        2.0000000000000000                1
   3.1323596850139168        7.9752776482913461        6.5689846769618168        2.0000000000000000                1
   8.5865390435644073        10.613168124382428        34.292505550979278        2.0000000000000000                1
   10.782763178544593        7.9864572476663964        22.008564900050420        2.0000000000000000                1
   9.7210976544583509        4.3865607837559715        32.946787974818719        2.0000000000000000                1
   3.6867880865040696        5.0708665344180686        4.1610377352139905        2.0000000000000000                1
   8.3812436308506957        5.5550854708944897        34.208441233421354        2.0000000000000000                1
   9.0577252200344542        10.201397014817447        17.102353375025505        2.0000000000000000                1
   10.976577148910714        7.3853640016249749        18.795332300019158        2.0000000000000000                1
   8.6738723082550493        6.0476240631438785        25.480090253586482        2.0000000000000000                1
   4.3096526389594043        9.5504173269197103        29.802834622839988        2.0000000000000000                1
   7.0597540817089497        7.2546860319935407        21.558057181448966        2.0000000000000000                1
   8.5536648394383850        8.0252753111888833        25.087994032186874        2.0000000000000000                1
   7.1205470887667026        9.0973146087152319        22.375972219136813        2.0000000000000000                1
   7.8557333612504054        8.9809279425823298        25.007296364499435        2.0000000000000000                1
   7.9561985186839559        3.4375255290707805        37.827973446950637        2.0000000000000000                1
   3.7255858469464815        9.2878064872396280       0.39652469443634636        2.0000000000000000                1
   5.5313570514846857        10.613858274773632        34.333148299058450        2.0000000000000000                1
   8.9527928848847740        3.5941976254379226        17.580592811712119        2.0000000000000000                1
   4.8085817276161453        7.2490812862134328        32.113029752247385        2.0000000000000000                1
   3.4221302540358147        5.5390387415914715        31.433346800934277        2.0000000000000000                1
   5.0841470530452497        7.6689549498753173        30.087348156224596        2.0000000000000000                1
   8.6751990146675340        5.6681968830942155        18.835733725131686        2.0000000000000000                1
   3.7451208715458737        9.2106735778555713        13.382701109506417        2.0000000000000000                1
   8.8395983349414760        8.0468626773805081        7.0501295348096724E-002   2.0000000000000000                1
   5.7652460592129060        3.2958493801145545        8.6330749951883536        2.0000000000000000                1
   7.1284878291378435        7.0792851252429339        34.874794523315536        2.0000000000000000                1
   6.2118042039861949        8.9320856362376500        5.9201359044364485        2.0000000000000000                1
   6.5451036668234002        10.853432309367545        34.461684646946324        2.0000000000000000                1
   3.2089049010775965        6.2038065840069194        15.204513518334062        2.0000000000000000                1
   3.8260862656510848        9.0392627069155917        15.802738562952324        2.0000000000000000                1
   4.7745084030041696        7.0299316331122723        7.2534682782694233        2.0000000000000000                1
   8.0305555351373066        10.848692213908118        30.257052895394239        2.0000000000000000                1
   4.9510353493579959        10.328582898386324        16.880606194666786        2.0000000000000000                1
   10.140533582723442        4.6960285258016166        6.4270343068297544        2.0000000000000000                1
   5.8970959935192457        5.0165789218372492        28.744929057252925        2.0000000000000000                1
   8.1534605380897585        5.1422324939521751        25.766291299295133        2.0000000000000000                1
   10.915573558538410        6.4288436219315930        19.448337541180091        2.0000000000000000                1
   10.603727943926295        8.1867567618280663        32.548568263607002        2.0000000000000000                1
   6.8974241939550716        7.0524457572162689        14.069165165136823        2.0000000000000000                1
   9.3691042701942724        10.056027133625271        19.683030984484159        2.0000000000000000                1
   9.1108359500683331        7.1445557933681449        23.242084664393367        2.0000000000000000                1
   10.907239276739364        6.2650184228474881        10.431281425485482        2.0000000000000000                1
   6.6898208927856171        9.1233686471624562        33.372401871354214        2.0000000000000000                1
   4.9505094196548205        6.9706578364751790        1.1752640724654431        2.0000000000000000                1
   5.4898685958587947        3.3200871235960916        29.764422334954752        2.0000000000000000                1
   6.6374913941417057        4.8528596923507088        34.927893608903887        2.0000000000000000                1
   10.979630477494801        7.1639097740919118        6.4139558397972962        2.0000000000000000                1
   3.2978773984395100        8.4324858927592476        17.861207126446487        2.0000000000000000                1
   8.8450650480623150        6.3030826951120922        9.1675577587194628        2.0000000000000000                1
   9.0863479135095044        7.4598183456901914        15.752245820981596        2.0000000000000000                1
   3.0824824650729981        7.5179247126192923        37.682579823494891        2.0000000000000000                1
   8.9888390220623915        3.8876636811761802        21.977100186369949        2.0000000000000000                1
   5.6113368300782209        10.253149978961138        9.4780180661560944        2.0000000000000000                1
   8.7756098022470113        3.6236835504318621        13.420143752250064        2.0000000000000000                1
   9.1763783614563845        7.6076309713661736        17.810643136218197        2.0000000000000000                1
   3.1539813805099142        6.2052741466970645        10.350694211887374        2.0000000000000000                1
   10.524052394429679        5.1109191169926484        17.562163604986310        2.0000000000000000                1
   9.0864117737843966        7.0546914385839754        38.004198144484413        2.0000000000000000                1
   4.8856125920516069        3.8574707776404327        17.361396968446947        2.0000000000000000                1
   5.2015056185662480        10.482119711228398        36.371481326683956        2.0000000000000000                1
   5.0137356611676029        7.2126496454614824        11.936074130294202        2.0000000000000000                1
   5.3231492617085259        8.4323954278314339        5.7935600248633428        2.0000000000000000                1
   5.5773352778197385        5.5935789483965870        30.879753948457687        2.0000000000000000                1
   6.8889068501043278        7.0050708331632681        10.727351466910811        2.0000000000000000                1
   6.6332856452723332        3.0569278470064787        33.644146107065509        2.0000000000000000                1
   5.0659495765625611        3.6630215954457803        19.497848250877759        2.0000000000000000                1
   8.2753895738170158        8.8661765840588380        27.277293138490396        2.0000000000000000                1
   6.1122199902120133        9.0812168234500685        31.157679705219142        2.0000000000000000                1
   3.4964809279158957        8.8895428234772638        29.388532545083031        2.0000000000000000                1
   7.1990348318915958        4.7440536844152579        14.213416279043395        2.0000000000000000                1
   6.4110533139231318        10.918589129214533        10.047048793860807        2.0000000000000000                1
   10.863040065402368        7.3099768326099186        5.3472048992056607        2.0000000000000000                1
   3.8863515972906311        9.3659865069262516        23.651077185342803        2.0000000000000000                1
   6.4898682193483932        10.959847187655519        12.381594543565226        2.0000000000000000                1
   4.6190823164359962        3.8064944108159668        23.730145536025667        2.0000000000000000                1
   7.2233532230588766        6.9526605020210592        17.513415258878783        2.0000000000000000                1
   3.0420807707572730        7.4207958634486086        8.5024180624821675        2.0000000000000000                1
   6.9383976076619849        7.1439375537933758        32.710661912494757        2.0000000000000000                1
   10.114984643701620        4.5852430667590802        26.600306773535142        2.0000000000000000                1
   6.3701034916728592        10.947230301845547       0.39299349566853070        2.0000000000000000                1
   5.8809922879575467        10.799849223745428        30.138486256095202        2.0000000000000000                1
   6.6208869745415964        10.931270921721026        32.258821826029539        2.0000000000000000                1
   6.4006940379418484        5.0889470652993856        38.873326115810464        2.0000000000000000                1
   5.0246579254610193        3.5410506169042182        4.4100330380795336        2.0000000000000000                1
   10.591020776569986        8.5052711005921839        36.906178325119733        2.0000000000000000                1
   4.8729743792686779        10.349947598425651        20.994457626164575        2.0000000000000000                1
   5.4980915603592271        5.5980105182214395        39.148926760544072        2.0000000000000000                1
   9.8240294562337880        9.8031077603368448        17.654994017026429        2.0000000000000000                1
   6.9891748081402199        6.8557706852755258        23.596730165475066        2.0000000000000000                1
   10.795542457514044        8.0344557865455144        30.427443504218346        2.0000000000000000                1
   5.8589699050795998        3.2535482590953038        10.806169227952829        2.0000000000000000                1
   10.046623375152329        4.8506381123081042        3.5952606136739909        2.0000000000000000                1
   8.3126306031668964        8.5536368790232515        16.043932435138746        2.0000000000000000                1
   9.0931787815234042        6.5657063122344548        18.338930782041665        2.0000000000000000                1
   4.0202528449496748        4.3402979399774546        12.882957701398029        2.0000000000000000                1
   3.1407363429279194        6.0855166251241339        26.197907183666846        2.0000000000000000                1
   9.4230301628084074        9.9882469918257684        32.523330771116363        2.0000000000000000                1
   6.9597412938424945        6.9996740167420484        33.873877903890332        2.0000000000000000                1
   10.215283884830281        4.7841884988116323        8.5115549220354332        2.0000000000000000                1
   10.175480385063150        4.9174162689583945        28.594312571083577        2.0000000000000000                1
   5.9147239235260063        3.2510565212686573        16.913018518541072        2.0000000000000000                1
   3.3278226921812433        8.5776660903670034        2.2698912261972755        2.0000000000000000                1
   8.1434875637413136        3.1880326291625614        15.331245600933967        2.0000000000000000                1
   5.4642766375257743        6.0731618488754808        37.031184250707120        2.0000000000000000                1
   3.6092547833275481        5.3081103775457308        12.652063126263169        2.0000000000000000                1
   7.9847373246076367        3.1627947726013619        11.090856788319478        2.0000000000000000                1
   9.2812001529683670        10.264343992323161       0.74907705413270897        2.0000000000000000                1
   3.9611392120170561        8.6248818393281255        20.548259816841007        2.0000000000000000                1
   8.7757140776249578        7.7361761990837188        20.038971938955353        2.0000000000000000                1
   6.2748974754152176        9.0594945257986570        26.693227211506755        2.0000000000000000                1
   3.1384533532502603        7.0275521235468164        35.627736280004520        2.0000000000000000                1
   4.8211776421864556        6.5728173281083944        13.994564909590153        2.0000000000000000                1
   3.0515175569022857        7.5052025053315772        33.346526812705520        2.0000000000000000                1
   9.7579388379844403        4.1765256000864674        22.560736035384689        2.0000000000000000                1
   5.9864324462930041        3.2167187399112929        4.4625352000635150        2.0000000000000000                1
   10.914186573155298        7.6329372452419220        1.1417666605086731        2.0000000000000000                1
   8.9693282541496977        6.1742069620823550        36.140977192737587        2.0000000000000000                1
   8.1270473830019156        8.9004528777830405        39.757134245024432        2.0000000000000000                1
   9.8094273647575090        9.7879984906966779        21.683262707280647        2.0000000000000000                1
   10.886852759478302        7.0761371371827355        14.634699300904037        2.0000000000000000                1
   8.9452069856004037        8.0921028962191848        27.300663825113130        2.0000000000000000                1
   6.3649884859750205        4.1977883902953019        25.404772602956417        2.0000000000000000                1
   3.2838282450191549        8.3082586176747313        26.296880186673587        2.0000000000000000                1
   5.5304579967269305        5.5300325097333314        26.723821839488807        2.0000000000000000                1
   8.6841377362115999        3.3752280274122741        7.1125795810619188        2.0000000000000000                1
   7.6629776193392543        10.734314783949202        12.526829269018789        2.0000000000000000                1
   10.776747937254060        6.0651574021179124        17.142018328040614        2.0000000000000000                1
   6.7895207495752965        9.0359349860463780        29.104259465963111        2.0000000000000000                1
   6.1094287085764973        9.1139891997867561        39.617872956617063        2.0000000000000000                1
   8.8805874847308957        8.1544348766635810        23.095270752471514        2.0000000000000000                1
   6.2963710967423889        8.9076258350670621        3.7424724505112557        2.0000000000000000                1
   6.9970511586805531        4.8555865607175628        16.218414107603955        2.0000000000000000                1
   6.5695234240771763        10.932808669032202        2.4393005638800287        2.0000000000000000                1
   5.6726711193734136        3.3801266168359114        33.902209475303643        2.0000000000000000                1
   8.4805803812152512        3.3683843669667444        35.595487654469387        2.0000000000000000                1
   6.8217909195878530        3.0330369673964022        12.866979238758331        2.0000000000000000                1
   3.0765674464701003        7.5484922976886102        2.2108182149226629        2.0000000000000000                1
   4.1092265434246151        4.3914497135604078        2.1819246684957845        2.0000000000000000                1
   5.7932206265452226        5.2332706147372097        3.4671264495813001        2.0000000000000000                1
   10.893842153606405        6.4531022796085526        26.460942411320843        2.0000000000000000                1
   3.3835998221024162        5.4296267892068313        24.298260347786314        2.0000000000000000                1
   4.8706351584971008        7.3534778397231344        9.4492760146308594        2.0000000000000000                1
   8.7278825155997541        10.583679120175525        4.3517670923845344        2.0000000000000000                1
   3.1756081535266145        7.6470950973086875        30.952257278489345        2.0000000000000000                1
   8.5522721098116516        3.3873989936904034        27.135273650705905        2.0000000000000000                1
   5.8565506683447284        3.3914963233282207        12.919996058164253        2.0000000000000000                1
   8.9115935747742796        6.5254411266406755        16.132372202203523        2.0000000000000000                1
   7.6299038571531570        10.838447164948690        6.0399774627670002        2.0000000000000000                1
   3.3414814750072699        8.2939463305097014        28.504225519261421        2.0000000000000000                1
   6.6593299506795853        4.8414405412456087        9.8399422174093871        2.0000000000000000                1
   6.1149592828822499        4.9856007143256935        24.692280135686079        2.0000000000000000                1
   10.588302644512080        5.3877952993380260        34.914663797312471        2.0000000000000000                1
   5.3929242658361511        8.2482918722679255        3.7209857967239066        2.0000000000000000                1
   6.9963873391740536        3.0971028411316301        4.7987703838970761        2.0000000000000000                1
   3.0768261184511658        7.4225747484857223        17.630065441482916        2.0000000000000000                1
   8.5418121420816551        8.2732423048579289        33.355876534185256        2.0000000000000000                1
   6.8368892222243494        7.0272395052690397        35.929000372431339        2.0000000000000000                1
   6.4348636759338964        3.0749885266707291        27.519385982645463        2.0000000000000000                1
   4.8070151186445607        6.8617875463888565        36.826449839135805        2.0000000000000000                1
   6.7880643973755417        10.894007877178522        21.525082927309786        2.0000000000000000                1
   9.5776618105015583        9.7528840733495361        8.8261780989808543        2.0000000000000000                1
   7.0721436726095597        6.9096677665761597        12.823520923105789        2.0000000000000000                1
   10.281479722378021        9.2627883924260939        10.830861097474035        2.0000000000000000                1
   4.2421322282958434        4.1251203096672633        25.694538650186914        2.0000000000000000                1
   7.1016070797548094        6.9491549545693090        22.528278875257243        2.0000000000000000                1
   3.3258549883735702        8.1585264753643099        10.966660487533959        2.0000000000000000                1
   5.5324263701063225        5.2736423350488488        34.981899559557803        2.0000000000000000                1
   10.844264149549332        7.5390430690859107        37.082581008766788        2.0000000000000000                1
   10.898143423571788        6.4352662015696502        36.968688485099854        2.0000000000000000                1
   6.2970971570349192        5.1675893578052614        32.793139549227384        2.0000000000000000                1
   5.0155486759665040        7.1964249486664951        34.405949527128357        2.0000000000000000                1
   8.8061543600300336        6.0774978871999110        27.593106674654909        2.0000000000000000                1
   5.0320162596725995        6.9235035725968457        24.034965267613202        2.0000000000000000                1
   9.0207304962118275        3.6465185591707532        39.822529461992794        2.0000000000000000                1
   8.2005032554521264        5.3214639655600466        14.440515774998095        2.0000000000000000                1
   5.0754654686199592        10.183257095338005        4.7813668271428726        2.0000000000000000                1
   10.219309077783247        9.1357191146632122        39.105621802105411        2.0000000000000000                1
   7.8309561096519227        10.720715776241605        21.411723458309691        2.0000000000000000                1
   7.4800783845838437        4.8486482606887895        23.073650230454394        2.0000000000000000                1
   7.5743385158303242        4.9978346650090790        18.262600525084284        2.0000000000000000                1
   10.291766012772577        4.8139367760250442        12.853872418538632        2.0000000000000000                1
   6.8555040947029147        9.0292238871956378        35.380390309891531        2.0000000000000000                1
   4.2170292827823159        4.1781620206029588        36.206465786724642        2.0000000000000000                1
   10.119937274197657        9.1825803821569405        3.1252652120913020        2.0000000000000000                1
   4.8212141425795476        7.3385710552284120        27.315853924016302        2.0000000000000000                1
   3.1414531409270046        8.0003048754701886        20.063261009524773        2.0000000000000000                1
   7.8496676746527729        3.1711387014649692        13.115266896622037        2.0000000000000000                1
   8.7448629919555838        5.9283538270758100        2.3142030471346091        2.0000000000000000                1
   5.2939555011005179        5.5495364850463842        20.398538698582286        2.0000000000000000                1
   4.8586020454963394        10.329755566874640        14.630318287821719        2.0000000000000000                1
   6.9664396256601337        4.9471082041191474        28.505620136428934        2.0000000000000000                1
   7.1046492062992392        10.962736919791368        28.178278129539734        2.0000000000000000                1
   7.9398208617064991        3.1134017635964102        2.9428825032098556        2.0000000000000000                1
   10.968118429376142        6.8004134537725411        28.633167354037980        2.0000000000000000                1
   4.4413344376251658        10.014705446590233        9.4183219199538737        2.0000000000000000                1
   4.6415098462229052        10.111101377418699        34.251362429777565        2.0000000000000000                1
   9.0336747689950645        7.3003056110030444        7.1025189442726138        2.0000000000000000                1
   8.2741290148355091        8.5094539826755060        3.9147217519426460        2.0000000000000000                1
   7.7141707928855245        3.1866558252266710        29.328589105980292        2.0000000000000000                1
   7.7521065447512099        8.9454468846291544        13.965443497574972        2.0000000000000000                1
   4.8908128436846177        6.4457047621685062        5.2507419872983032        2.0000000000000000                1
   9.9741511851020430        9.2322695248269149        25.986696566028524        2.0000000000000000                1
   7.0079782351173625        7.0890440500810765       0.28710382349890612        2.0000000000000000                1
   3.5862061746775882        5.5956607626696302        29.313329753773328        2.0000000000000000                1
   10.341727605457162        9.1171266132486490        8.4481846889443410        2.0000000000000000                1
   5.5592651127753498        10.572578530236083        23.115144035994849        2.0000000000000000                1
   6.8058134961843235        10.823753032915882        14.480952912275129        2.0000000000000000                1
   10.794424958011057        8.1743171706982398        16.660609824799408        2.0000000000000000                1
   4.3037030822337696        9.9213347733076809        36.259469010552664        2.0000000000000000                1
   10.211351115957759        9.2087094753117036        19.760432602426587        2.0000000000000000                1
   5.4970890373040566        10.675055611793230        11.940974700521497        2.0000000000000000                1
   5.0058554301008655        6.2982423206869589        34.852453455967428        2.0000000000000000                1
   10.802364559664792        8.1107838334703128        8.1722768368685017        2.0000000000000000                1
   8.7757674514057431        3.4309030317239930        9.1359586684662109        2.0000000000000000                1
   6.8010633024012694        8.8598844115670712        37.438553637210624        2.0000000000000000                1
   10.870743852658322        7.0048004325166024        30.693544615114334        2.0000000000000000                1
   5.5048285850863934        8.2397375343592092        14.977262369443578        2.0000000000000000                1
   6.5600434176153746        10.933313428000194        18.879404927979873        2.0000000000000000                1
   10.198916912809505        9.1001434809282689        6.4002243603126905        2.0000000000000000                1
   7.8109894284530892        10.689366733142327        14.953248154287893        2.0000000000000000                1
   3.1320360044413986        6.3920247094144180        17.833022144512228        2.0000000000000000                1
   10.578518341523074        5.3066935528359007        5.6953895369029901        2.0000000000000000                1
   6.9020458395440434        3.0327353024711083        10.857528970955258        2.0000000000000000                1
   10.682910912150925        8.5102248595068630        26.163868937192824        2.0000000000000000                1
   4.1010400740108288        9.3358599332059953        2.3998406543832229        2.0000000000000000                1
   6.8732766221607564        3.1113467007671578        17.267687190624624        2.0000000000000000                1
   8.0698857322318744        8.8082374072357901        9.8537570428093701        2.0000000000000000                1
   9.5447058989557050        4.0860594142555771        30.894472503484955        2.0000000000000000                1
   9.0313479331658115        7.3530055057244450        35.896304716298964        2.0000000000000000                1
   5.4509812253135985        10.643807455258601        25.489539260073641        2.0000000000000000                1
   7.1178330282311704        7.0226965897310825        28.573163311917497        2.0000000000000000                1
   3.1932597149083191        6.4717769907371041        37.984073059948386        2.0000000000000000                1
   10.159351566621487        4.7549457175105276        1.5072130538500004        2.0000000000000000                1
   5.8438050511315538        8.7315158427598707        24.367529560955997        2.0000000000000000                1
   10.499744160352487        5.1605540409367547        32.903853530436798        2.0000000000000000                1
   4.4326787160019672        4.0538544444911873        21.584271327600579        2.0000000000000000                1
   10.821261001771585        5.9399033915667179        22.051650122014415        2.0000000000000000                1
   7.2024818165488735        7.1762984675936057        26.575990432533143        2.0000000000000000                1
   4.5091625209044093        10.064415861384067       0.57497240268578231        2.0000000000000000                1
   3.0369948277163763        7.2729158855959808        12.978214150502280        2.0000000000000000                1
   8.7882098461544889        8.0348664264876124        37.985308920628064        2.0000000000000000                1
   4.6019704642797228        10.187892313820489        32.165708400417515        2.0000000000000000                1
   3.1572731627875790        6.4470666166098942        33.236583286430175        2.0000000000000000                1
   8.8349852857423521        8.0367570792745742        21.021647977459995        2.0000000000000000                1
   10.802073916587831        8.2050359986589214        12.484433472369638        2.0000000000000000                1
   9.1399334196761508        3.7739723517646051        19.911567366829171        2.0000000000000000                1
   7.8959513071817780        10.875234935548985        8.3564118813345836        2.0000000000000000                1
   6.2266574336225649        3.2309355113602178        21.194885133709008        2.0000000000000000                1
   10.990791204885474        7.1139669088873703        16.780208587375309        2.0000000000000000                1
   8.1519054285814629        8.7904371829607655        31.281207809914239        2.0000000000000000                1
   5.4254296424598332        3.4226261434523533        27.263531673916106        2.0000000000000000                1
   4.2032999309962848        4.2943097994409536        5.5950415964394401E-002   2.0000000000000000                1
   3.1229974652803549        6.3703641021630677        8.2460682899807267        2.0000000000000000                1
   7.8073918438793424        9.0663313003379216        29.286038209970688        2.0000000000000000                1
   8.7216795355247374        10.549817443802350        38.655439254947382        2.0000000000000000                1
   9.6361685215095747        4.1001721516863077        13.132422525195160        2.0000000000000000                1
   10.923241947776907        7.4274561388001281        24.152734884543211        2.0000000000000000                1
   3.4536749884958051        8.4942049459839630        8.5205508992889047        2.0000000000000000                1
   7.6703453627398384        3.1628441383471380        33.610912932516243        2.0000000000000000                1
   9.3973535335899001        10.067744766543159        24.065138363770277        2.0000000000000000                1
   9.4908942156909717        10.074957742225514        10.965143421382797        2.0000000000000000                1
   5.6278900189485741        3.2751377624234492        31.862204083866956        2.0000000000000000                1
   5.8516771147896627        10.791940393638862        20.883872499690639        2.0000000000000000                1
   5.1017393724415161        5.9501033697108054        15.926460147519341        2.0000000000000000                1
   6.0682035731150039        3.1517437053019055        2.2304115068174064        2.0000000000000000                1
   5.9107686502314545        5.3676163171613762        16.178760136468494        2.0000000000000000                1
   9.1217815866726273        3.6816637087365272        15.473739754546781        2.0000000000000000                1
   3.4173283823402878        5.5440869322734958        33.592904891600533        2.0000000000000000                1
   8.2977586625117077        5.5228666569477758        6.1863370918101186        2.0000000000000000                1
   7.7502368028553619        9.0501275021767036        33.266997620652241        2.0000000000000000                1
   8.8881954251868560        6.2351648251119354        7.0172749473801277        2.0000000000000000                1
   9.2060653387443772        7.3446281818467831        33.723077897317957        2.0000000000000000                1
   7.1100711425729806        10.858743245260696        16.896515651482989        2.0000000000000000                1
   6.0081784000494922        3.4227656305844265        5.1885438421918367E-002   2.0000000000000000                1
   3.1276947102122157        7.9891904184271851        4.1944068530575462        2.0000000000000000                1
   6.6136389946499685        3.0312010830465521        23.368771233613092        2.0000000000000000                1
   3.0158820562136288        7.2840602242333681        10.569366103314803        2.0000000000000000                1
   3.9766550312457607        9.4007447779561026        33.983978314254273        2.0000000000000000                1
   6.9595006791512519        7.1040118153288301        16.477615320634587        2.0000000000000000                1
   4.8121026585159834        6.4528913680096478        39.237401141445403        2.0000000000000000                1
   4.8530143188305255        7.2145024011741432        16.584446320002165        2.0000000000000000                1
   10.406209988763466        9.0308201386199922        14.873428108054700        2.0000000000000000                1
   8.7224151951260236        5.9002595431912264       0.30397508894878345        2.0000000000000000                1
   4.8558147258589131        3.9670122919272246        38.141549742781521        2.0000000000000000                1
   8.6161739989090798        8.1008005375828436        13.812952361051602        2.0000000000000000                1
   4.5887126642219558        10.108798058685148        23.424493910393707        2.0000000000000000                1
   8.0312842240494913        8.7593775956416486        5.0044119786275232        2.0000000000000000                1
   7.4263128144295543        8.6618884202340070        11.871811824223766        2.0000000000000000                1
   7.3677035333304675        4.8094289928441949        39.238332262594163        2.0000000000000000                1
   3.4644608924396141        8.5181955841648733        33.612292865583939        2.0000000000000000                1
   8.3032940738271357        5.3874066930611697        36.205637978276030        2.0000000000000000                1
   4.3993892073745613        10.012916887168783        18.815755423960042        2.0000000000000000                1
   7.3656827154395881        10.860056170464963       0.56956822242363758        2.0000000000000000                1
   3.0553031864062588        7.2121416316083655       0.14645763228808523        2.0000000000000000                1
   6.1180909256194074        10.828977827920685        27.986700587852916        2.0000000000000000                1
   7.6285639044766151        10.901989744883862        32.419285081061965        2.0000000000000000                1
   9.5157681164871128        7.0586971597793591        5.0349302647020711        2.0000000000000000                1
   3.3514312079843163        8.6187417642844970        31.446209150516310        2.0000000000000000                1
   6.1939706550986866        5.1043344783260265        14.155532984160102        2.0000000000000000                1
   6.3167136543856728        10.799780475502736        36.567613377433872        2.0000000000000000                1
   10.790490205641960        6.0002039087996879        8.2251027203371638        2.0000000000000000                1
   3.1896785107610564        6.5235343951428835        2.2497814156325040        2.0000000000000000                1
   5.1238164056218611        8.0368390653934778        1.2708842862687324        2.0000000000000000                1
   9.0847777117589104        7.0265556466829384        13.761774572382350        2.0000000000000000                1
   3.2192307369086581        8.1774772579666983        15.665098166723649        2.0000000000000000                1
   9.1462928615441186        7.4278737092839524        29.364541063096837        2.0000000000000000                1
   8.7434488586342471        10.592391662413400        6.5552524161677947        2.0000000000000000                1
   10.537438410944146        5.3162392728538688        37.150183585866152        2.0000000000000000                1
   3.9368416876144705        9.4700621309724564        31.775377734573752        2.0000000000000000                1
   9.4063278176852823        9.7980792178724609        13.059137948239512        2.0000000000000000                1
   4.1715330918765794        4.2364070271567931        15.133499109258691        2.0000000000000000                1
   9.2017444040200029        7.2181037123304792        25.262009493125728        2.0000000000000000                1
   10.682170688593031        5.4622467567663531        19.622505110284436        2.0000000000000000                1
   5.3829265165789923        3.4021858574632997        36.081461720418240        2.0000000000000000                1
   9.3542406918838097        4.0874749569606506        1.8061544445186213        2.0000000000000000                1
   9.7283111909834261        4.3468072554037533        39.459746411341563        2.0000000000000000                1
   9.1117291968757197        7.0239297317233227        27.270239284146740        2.0000000000000000                1
   7.5050455827347191        10.959317113621626        25.670845536420860        2.0000000000000000                1
   5.1636242678127529        7.9968052466313990        12.560659809761621        2.0000000000000000                1
   8.8236750065808742        10.454443862641003        21.782929312317265        2.0000000000000000                1
   7.5184909660034043        10.898600874049437        19.378827711500911        2.0000000000000000                1
   7.1363467843050561        9.1938527405568422        31.246509488690560        2.0000000000000000                1
   9.2004930805874334        10.337225795711340        28.302568789873607        2.0000000000000000                1
   7.4988374455724731        6.0086412804543201        12.429818918993931        2.0000000000000000                1
   3.7116680763900018        5.0264890458804024        36.007896366608868        2.0000000000000000                1
   6.7878825720199716        3.1865859801644225        38.068311359526952        2.0000000000000000                1
   3.1753622607552496        5.9857066271848627        36.001728142767881        2.0000000000000000                1
   5.6245604741492787        5.4913121244496965        9.6594305033685046        2.0000000000000000                1
   5.0593645123918298        7.0406950317427270        29.289305692766309        2.0000000000000000                1
   7.1419169775436551        6.8443821954858546        3.3616108956405437        2.0000000000000000                1
   6.7567469684763752        6.8454002020072453        25.594896999525897        2.0000000000000000                1
   6.1086375522602374        10.853393973404744        16.911286621319448        2.0000000000000000                1
   6.8043863664179343        7.0884465937955632        6.6162220820270914        2.0000000000000000                1
   8.2629045419559315        3.2386824357381276        19.655879052693223        2.0000000000000000                1
   7.2691259990244426        4.9279318682691100        32.578580289741467        2.0000000000000000                1
   8.8976828929117957        3.6914129400132794        11.271435515007139        2.0000000000000000                1
   5.8088407225298964        8.7518013020469976        13.065188738733605        2.0000000000000000                1
   8.9646244096592138        5.4808054353569160        16.353214167578646        2.0000000000000000                1
   4.7572936189954698        10.082138753514847        2.6225257633326149        2.0000000000000000                1
   9.6946117394770273        4.6066096517552593        10.582755192136666        2.0000000000000000                1
   4.8607222328677340        3.6874488118505564        10.975265656106917        2.0000000000000000                1
   7.2478200715019225        4.8462097919514475        20.487056498190928        2.0000000000000000                1
   6.8998219861703385        10.950229493925974        5.1106865371993262        2.0000000000000000                1
   3.6317868383321574        8.8098171967033085        4.5609213649921179        2.0000000000000000                1
   4.9682054807056835        7.0975457190237492        3.1882987376022678        2.0000000000000000                1
   10.611461433349637        8.0960248107216852        14.576147083073968        2.0000000000000000                1
   9.0395588534591518        3.5818923419023707        37.620280079628998        2.0000000000000000                1
   8.4484354880800705        8.1791945097011940        7.5501966949851020        2.0000000000000000                1
   5.8985552197412083        3.1670720190562962        19.073835767111529        2.0000000000000000                1
   5.1540813149475797        3.5644041051380682        2.3201149791791860        2.0000000000000000                1
   7.2139176531270088        3.0617015917988937        21.451496316695742        2.0000000000000000                1
   5.9257303372432286        8.7770967650587597        28.646743782367647        2.0000000000000000                1
   7.7708525589968920        5.0075488715905596        3.8492116504467178        2.0000000000000000                1
   3.9324066557935931        4.5485153649388952        17.162811090476406        2.0000000000000000                1
   10.949780239269543        7.5263809346987269        34.814536716283222        2.0000000000000000                1
   7.1873191115599013        9.0796916269839638        20.215559066638541        2.0000000000000000                1
   6.6268090987759729        9.1071461092915857        11.226213148124243        2.0000000000000000                1
   3.9432374535615393        9.0571336061123962        11.361444014921176        2.0000000000000000                1
   5.9115919243419048        8.6725271576867691        1.6012881043752980        2.0000000000000000                1
   7.1274537668873830        3.0147785377618423       0.12417957273421752        2.0000000000000000                1
   6.4897657079088740        10.834791621430234        23.712955065297013        2.0000000000000000                1
   7.6445610476518739        5.0152894191609327        12.255137110372925        2.0000000000000000                1
   3.0068310621787377        7.2048853634910932        15.403469901234089        2.0000000000000000                1
   5.4858507749801575        8.4777811938498076        26.349788462665284        2.0000000000000000                1
   3.0549685849606649        7.0172248759986147        22.001739391491949        2.0000000000000000                1
   4.1991943206698430        4.1724238754926759        4.2041685238249045        2.0000000000000000                1
   8.9581719747688453        8.0126283072937508        31.349646376981525        2.0000000000000000                1
   10.839158683316533        6.0128355054758451        39.133752267527981        2.0000000000000000                1
   9.6824535546719002        4.1256450738767505        4.3172674844110839        2.0000000000000000                1
   8.2113209810215437        3.2181117432506934       0.28076320777175406        2.0000000000000000                1
   7.7946271181777647        3.1425546584458224        9.0134886399304097        2.0000000000000000                1
   3.8260595489757701        4.5832922995948424        27.601281060438009        2.0000000000000000                1
   10.041014114815054        4.5125418176540117        24.577566151806192        2.0000000000000000                1
   7.6449902160830288        10.784131482255471        38.439335822099842        2.0000000000000000                1
   6.8571238567675472        6.9188318581196659        38.193412250793173        2.0000000000000000                1
   8.9641553485694772        6.3472619076403980        33.824003544288416        2.0000000000000000                1
   9.7829843472672398        9.8492702767718274        30.287768426010118        2.0000000000000000                1
   5.0698417704833014        6.4758628330314547        23.114085062309552        2.0000000000000000                1
   7.0499507439325670        6.9378689501849866        18.508359499934677        2.0000000000000000                1
   3.1573903390658384        6.2632278684032912        12.769276243133287        2.0000000000000000                1
   10.536483866011856        8.2192745592024110        3.4948838243366116        2.0000000000000000                1
   5.5810068727862987        5.4372120949669815        18.396083435535431        2.0000000000000000                1
   5.1357616701097779        6.1182077312415819        11.609090071111911        2.0000000000000000                1
   5.5620625671889545        3.4136635782852998        6.6280768555702076        2.0000000000000000                1
   8.2470556296156730        3.2235947467857096        24.989679294442571        2.0000000000000000                1
   8.4691938320531079        10.504356150179037        23.820249834110903        2.0000000000000000                1
   9.8879209750734578        4.2384734352095794        37.380671415188793        2.0000000000000000                1
   4.7982704000698106        7.5842083218400669        14.542544374815424        2.0000000000000000                1
   8.4767041007995036        8.3917924156140078        11.800241591515334        2.0000000000000000                1
   3.7189597120807121        5.5215075060992920        8.2563130973707572        2.0000000000000000                1
   3.0007857541658414        6.9677914114121489        19.886033529732281        2.0000000000000000                1
   10.501529482146907        5.1405588511281897        15.050675558066251        2.0000000000000000                1
   7.1334667828948373        9.0642229144031710        39.607244394119533        2.0000000000000000                1
   10.298051561902316        9.1571700612813363        12.860942597840467        2.0000000000000000                1
   5.5453086773343054        8.6950280981606589        8.0531069604438041        2.0000000000000000                1
   3.9609339591415891        9.3801378471610715        38.345732652220597        2.0000000000000000                1
   8.8373909591029278        10.479484457580792        8.6510702011356742        2.0000000000000000                1
   3.7123486594649595        9.2009436755669043        9.2183627688208389        2.0000000000000000                1
   5.1919130360435730        3.4773885180902799        14.826407029126742        2.0000000000000000                1
   4.9879402872541903        10.387572563361394        7.0903776001726335        2.0000000000000000                1
   10.828676064900332        5.8429436953723144        3.7528614913509752        2.0000000000000000                1
   6.7961415923625799        4.8550046203026103        3.5297882478241234        2.0000000000000000                1
   8.1100202073002361        10.689769879437476        17.104834031547316        2.0000000000000000                1
   6.6628018749938427        3.1181541246979618        31.630492535344189        2.0000000000000000                1
   8.7456719269199201        3.5891937584192628        2.4500387358282660        2.0000000000000000                1
   7.0792955416264478        7.1074248781555918        39.162339604480152        2.0000000000000000                1
   7.8263192657890581        8.7879024138611666        37.727188935075937        2.0000000000000000                1
   8.7914591472687640        3.7792172027504454        33.348860596322318        2.0000000000000000                1
   8.1624502428296886        5.3564580292414234        20.859902392541393        2.0000000000000000                1
   5.5095458952780598        5.6604588181692499        5.5499009181567551        2.0000000000000000                1
   7.4352366182820964        3.2141122370786577        27.185621039356150        2.0000000000000000                1
   8.4816976478498223        10.702930947610017        26.014710334790013        2.0000000000000000                1
   10.105363080955970        9.4459046030147054        36.483710418040673        2.0000000000000000                1
   3.0505310510610695        6.9639577029736035        6.1934007466791554        2.0000000000000000                1
   3.1519042331668286        5.9187612317588316        4.1879221220369738        2.0000000000000000                1
   8.2563298004289578        10.191741241147373        36.285872147101216        2.0000000000000000                1
   3.4978467046929707        5.1066344018301999        39.988223671683443        2.0000000000000000                1
   7.2630554394758375        9.2096960740361133        26.979426711211676        2.0000000000000000                1
   5.0029475548865463        10.302504333757874        29.929189316689037        2.0000000000000000                1
   7.8967654544464203        9.0637956103257231        18.312016499821475        2.0000000000000000                1
   6.4069671837156754        4.9918522661830167        5.5178976396365442        2.0000000000000000                1
   5.4993082447630544        5.8953838466486905        1.1878572444284694        2.0000000000000000                1
   3.2673978064817808        8.2499664864097753       0.10980839514057300        2.0000000000000000                1
   8.0316198675319619        8.8166171184227196        22.686662767480804        2.0000000000000000                1
   9.1341874406745482        7.4569532490167107        11.439714178520937        2.0000000000000000                1
   4.4307114392689337        10.062109401731199        25.669957709667603        2.0000000000000000                1
   10.182706065593903        9.3842730562068830        34.311752108125546        2.0000000000000000                1
   7.7049112667529212        4.9717528888387807        10.227818075002666        2.0000000000000000                1
   8.0015480261486065        3.4661053026158291        5.1820496657229604        2.0000000000000000                1
   10.247054625536403        4.8766290903325498        30.871466175689662        2.0000000000000000                1
   7.3103486604039780        4.5810676710099161        1.4379790463311015        2.0000000000000000                1
   8.9862139813721189        6.3653661259055427        29.621684635865442        2.0000000000000000                1
   8.2386328964818620        5.2489551191568466        27.833130029223113        2.0000000000000000                1
   10.937727937405725        6.3398303080206073        24.409437762907125        2.0000000000000000                1
   5.9841875917115557        8.5921191445992928        17.536690716704086        2.0000000000000000                1
   6.9747839562550702        7.0691828235511727        31.664609979548583        2.0000000000000000                1
   3.9027146849248466        4.4831802262514433        33.945233153364363        2.0000000000000000                1
   9.3905467016036575        3.8738265466218231        26.817236391235742        2.0000000000000000                1
   10.876042857990436        6.0359799857507772        14.755330243793049        2.0000000000000000                1
   5.5981767648551051        10.705856724273024        38.510420152885963        2.0000000000000000                1
   3.9428140113868611        4.7512833276616053        6.4070194172951362        2.0000000000000000                1
   3.2313239486894312        8.3348271544520021        13.378795950155157        2.0000000000000000                1
   5.8389427626049084        10.778266780099457        5.1395338207611685        2.0000000000000000                1
   10.690229443440270        6.4775939749019109        34.879942163961616        2.0000000000000000                1
   8.8552256972299244        6.6443712489035525        4.3926717657955852        2.0000000000000000                1
   10.638978672625401        6.0512803448675383        12.603148314426246        2.0000000000000000                1
   8.5258425870875154        10.650118936559949        19.497376645785042        2.0000000000000000                1
   8.5672740180798410        10.601880395250598        13.001371633374170        2.0000000000000000                1
   10.928309359947660        7.6996763088886482        21.036830878338179        2.0000000000000000                1
   3.3152193313733305        8.5532891074493751        38.047984815033473        2.0000000000000000                1
   7.0493871356593480        6.6103539837529048        19.523518589208443        2.0000000000000000                1
   7.3475355846852626        10.888312023282447        36.345460946628215        2.0000000000000000                1
   5.6621509555683982        8.7791025618595402        37.338365092521350        2.0000000000000000                1
   5.8789366709306208        8.7913608630289755        35.277586824537487        2.0000000000000000                1
   3.0507142558646043        6.3951215317027899        27.222289790941304        2.0000000000000000                1
   7.7976108710566017        8.9003330995448273        7.1815677800493898        2.0000000000000000                1
   3.0457323106449610        7.4988717113588166        24.352746802246035        2.0000000000000000                1
   4.1528649565383819        9.7920377151232572        6.8015495058589108        2.0000000000000000                1
   5.5684905271245082        5.4185800650992908        22.604579499851859        2.0000000000000000                1
   5.5507012408595813        10.714783093836022        32.324082421162366        2.0000000000000000                1
   9.9704377058229667        9.2814251117148423        5.2661622620413224        2.0000000000000000                1
   7.2366552487086873        5.0815174619599341        36.852738022489106        2.0000000000000000                1
   9.6635772744172606        9.8405447841914562        15.136122897053188        2.0000000000000000                1
   3.3222214437159034        5.5595658273815882        6.1826535932625388        2.0000000000000000                1
   6.8387734596891336        8.9141071476915830        24.466788629331742        2.0000000000000000                1
   9.9757035747884117        9.6668818794403215        28.081185620881836        2.0000000000000000                1
   10.230218237716286        9.3526782518794285        32.238745235592958        2.0000000000000000                1
   10.474732055594036        5.3441810964642773        24.027799746082628        2.0000000000000000                1
   5.7320422763480838        3.3247832582443810        38.062411165297419        2.0000000000000000                1
   9.3861321438311389        10.135255249008710        26.077547298150993        2.0000000000000000                1
   3.9494782006580098        9.1839247146619059        18.448921580473417        2.0000000000000000                1
   10.578560434631259        8.5662026609524116        19.035827097828182        2.0000000000000000                1
   6.4316713767852605        10.865714373455004        25.783609149980009        2.0000000000000000                1
   4.6806738051547940        10.199104018565434        38.413902822840484        2.0000000000000000                1
   4.5896590972954838        3.8327756249785718        27.774386764047051        2.0000000000000000                1
   8.7310872637675949        3.4500814903425288        31.176846361685637        2.0000000000000000                1
   3.1489725561139976        7.9842943664399781        22.331952700556457        2.0000000000000000                1
   10.791017792253649        5.7393704539292631        28.428824960740133        2.0000000000000000                1
   9.4153272895951439        10.014125394638159        3.1589758050790824        2.0000000000000000                1
   7.6323796496587093        10.785171042143336        10.400615918657330        2.0000000000000000                1
   5.3555177440633308        5.4872569785732717        32.957782044075429        2.0000000000000000                1
   6.7559656712141365        6.8146560585637372        4.3410984191212121        2.0000000000000000                1
   10.400309439540576        5.1416479721572301        39.391340628066388        2.0000000000000000                1
   9.8996381135088640        4.4801301697942471        19.931088961448314        2.0000000000000000                1
   6.3013855561160570        8.5847769256344861        19.850158050989123        2.0000000000000000                1
   5.1593427450110019        8.3617417497423077        22.229913796638360        2.0000000000000000                1
   3.6404440686388586        9.1576041232765810        35.948278022637275        2.0000000000000000                1
   6.1837921739264061        3.1546739827701575        14.919334049973413        2.0000000000000000                1
   3.4833374012899934        8.0134750776495256        35.591568317351310        2.0000000000000000                1
   4.1263566454917449        9.6890096467708382        4.7397619657062560        2.0000000000000000                1
   9.2779018908898028        7.2782374416069935        9.2394443125712815        2.0000000000000000                1
   6.7698047118599005        9.1414329916239829        17.964524953353035        2.0000000000000000                1
   5.6758521126824784        8.7690168453120236        33.125928948854941        2.0000000000000000                1
   10.614278006142349        8.6007960249253941        1.2174014952666752        2.0000000000000000                1
   8.3747054494994799        10.723061908752072       0.64548241664805561        2.0000000000000000                1
   5.5568177442786899        3.3400689867453992        23.170123943164715        2.0000000000000000                1
   3.0458518583889242        6.4472834756923749        29.234628472795141        2.0000000000000000                1
   6.7054669062713765        4.9325042748966332        7.6938589184184449        2.0000000000000000                1
   5.7467318901390350        10.458988309789001        14.176349245661060        2.0000000000000000                1
   3.4412711351865770        5.4200446332301242        37.989169535607438        2.0000000000000000                1
   5.9053267267173570        10.745915220516183        7.3542731029819937        2.0000000000000000                1
   9.3457482240657619        3.8783259889538209        35.407978099247210        2.0000000000000000                1
   6.5786566203937777        3.2031381268775077        29.593878396490982        2.0000000000000000                1
   3.8452814441284557        4.5976328688919690        31.718785848459312        2.0000000000000000                1
   4.2529988747665373        9.5524017725362302        20.887373743813523        2.0000000000000000                1
   5.9567207432296456        8.9590061238341114        21.991075935649121        2.0000000000000000                1
   3.6997260744608527        4.7484748706769535        21.334578235791081        2.0000000000000000                1
   5.2257714147613514        8.0740610126821402        16.984909215083764        2.0000000000000000                1
   10.874793076996525        7.8741114198997675        28.264286749678543        2.0000000000000000                1
   8.1135674054119313        3.2171156094514792        21.879773533373140        2.0000000000000000                1
   7.0690851838219153        7.0258150325122868        5.5806736975401430        2.0000000000000000                1
   5.0814591180648883        6.3277829965866816        18.484492299649357        2.0000000000000000                1
   3.6537298681664279        8.4061438701275684        23.903783349423694        2.0000000000000000                1
   3.5783445996318397        5.3281304479484888        10.599390167814336        2.0000000000000000                1
   10.666848605468912        8.4939871777623477        34.798427845175958        2.0000000000000000                1
   10.700825979117941        8.5144140426432955        24.085014702976657        2.0000000000000000                1
   6.9990654794398681        10.937757142062305        30.247952181244564        2.0000000000000000                1
   5.1316252339964077        6.0337322147657542        3.1503643971990001        2.0000000000000000                1
   7.6282525811736903        10.840556112133417        2.6128702244375326        2.0000000000000000                1
   9.0762336878791299        7.3131774871550457        2.4115609244666896        2.0000000000000000                1
   5.6551690336294458        5.2076738395393694        7.6213664346704082        2.0000000000000000                1
   5.0164034565027613        6.8067275856074687        28.186539866046886        2.0000000000000000                1
   8.7985022920725431        5.8650187752031400        38.124810295690004        2.0000000000000000                1
   4.1796900800997294        4.2069434722854817        19.380254808978691        2.0000000000000000                1
   6.1673584282402381        5.1322543360782040        36.873306038766842        2.0000000000000000                1
   8.6357360879567633        10.616742726661323        32.179625362612533        2.0000000000000000                1
   8.9093188059677235        5.9218360630451654        14.060787251521898        2.0000000000000000                1
   8.6419414122054317        3.5408225114844347        29.138629967828500        2.0000000000000000                1
   10.840863517606097        6.0350604229390026        31.031286591116057        2.0000000000000000                1
   7.2200519890371870        3.0393148637526650        19.292661638244933        2.0000000000000000                1
   9.9525238842305424        5.9661516003540882        21.555902066923636        2.0000000000000000                1
   8.8102817773213680        10.494528023382010        15.136296861814252        2.0000000000000000                1
   10.883364549399246        7.3390536850758110        10.473096512593152        2.0000000000000000                1
   8.1613943606926771        5.2659746235808118        31.881702717623160        2.0000000000000000                1
   10.748038978156213        7.1050484947391652        12.633315839284514        2.0000000000000000                1
   8.4104689771995744        5.5064055621889461        29.854831272667028        2.0000000000000000                1
   4.7461331420563342        3.7293401585821981        8.8804727932108225        2.0000000000000000                1
   9.5607222581726052        3.9495375406910171        28.844011530952656        2.0000000000000000                1
   8.9032782761934524        6.0508381478290332        31.788278844825381        2.0000000000000000                1
   4.9320813231238914        7.3952724485918253        18.892726709397614        2.0000000000000000                1
   3.5226356596247430        5.5115401187359208        17.107845611798364        2.0000000000000000                1
   5.0341264834853146        3.7684839874089753       0.29302697705512432        2.0000000000000000                1
   9.8137448826458957        4.1675415426701647        17.740923089536206        2.0000000000000000                1
   8.8057101580257910        6.0103167995082813        21.477937435288087        2.0000000000000000                1
   5.6046423403082004        10.686588124370797        2.6080983957258010        2.0000000000000000                1
   10.981243188610222        6.6210090695898076        1.0420955388652167        2.0000000000000000                1
   4.1210392108004070        4.5008256159692328        8.6928762189258872        2.0000000000000000                1
   6.7181299030864059        3.0418819961001873        8.8498223090530868        2.0000000000000000                1
   8.5369778287973155        3.3128991260997225        24.019047752773830        2.0000000000000000                1
   6.5725753761839485        3.1217109334541053        6.7866712529475333        2.0000000000000000                1
   8.1216960841824175        8.9655223512395317        1.8089146110745695        2.0000000000000000                1
   6.5535380840471209        4.9710607169051215        22.546051562778462        2.0000000000000000                1
   4.0400695838468721        4.7413731421963634        29.608946641228705        2.0000000000000000                1
   4.6024257227882739        3.8099783395619293        31.897147958820547        2.0000000000000000                1
   7.6685594074467049        4.9878332871860769        8.0272462107842077        2.0000000000000000                1
   10.450011710053133        8.8575243183347929        29.954961968071796        2.0000000000000000                1
   10.965431584846980        7.4979862235177537        26.263022879782692        2.0000000000000000                1
   7.5028100165304714        3.1489476978721833        35.715276229677123        2.0000000000000000                1
   6.3584273696544296        3.1034033003947181        36.105450116297398        2.0000000000000000                1
   10.991797987705018        7.1194916899976652        39.083803493784195        2.0000000000000000                1
   10.591147303890788        8.3878408774854840        10.395301204566421        2.0000000000000000                1
   7.3540406010903867        6.9778808786433935        1.3278596147228854        2.0000000000000000                1
   8.9608446142987752        3.8541029261139665        4.9929028670959346        2.0000000000000000                1
   4.8441282282266434        7.6149874931134098        38.994512821587904        2.0000000000000000                1
   4.2257048846135703        4.4530788811653927        10.711178741052660        2.0000000000000000                1
   10.980287900253566        7.1418740751265286        32.705290432587262        2.0000000000000000                1
   7.0125529328416718        9.1262251672129064        1.6409444812494938        2.0000000000000000                1
   4.8126752713091889        9.9068530575085187        11.540720742235864        2.0000000000000000                1
   7.7713415476371104        3.2234685591954118        31.412712896865635        2.0000000000000000                1
   10.771688716753399        6.7860983947981710        3.3759475950402296        2.0000000000000000                1
   5.1416698922655266        10.517937453592319        27.755967250538529        2.0000000000000000                1
   6.3000144527337740        3.0851685926693571        25.459638501320189        2.0000000000000000                1
   6.9997144491134993        7.0870004180793096        27.575989275848592        2.0000000000000000                1
   3.5243722605206669        5.5979691428916913        1.9627496273809213        2.0000000000000000                1
   6.3702909094578857        9.0859281782603443        15.516257165599809        2.0000000000000000                1
   5.2473804746867563        8.1700724684210950        9.9863452966217778        2.0000000000000000                1
   3.2256663444742419        5.9796139474898302        19.792049186694033        2.0000000000000000                1
