     1000000
           1
  0.10000000149011612     
   8.1086403338689514        6.0398133156540794        31.150084708426377        2.0000000000000000                1
   5.3368702235118386        5.2999224860086329        37.279418617135732        2.0000000000000000                1
   6.6360117517969570        9.9557106681156284        8.4042171219659316        2.0000000000000000                1
   4.4282806585022012        3.7247785133698357        13.094267181594272        2.0000000000000000                1
   6.2985605442709991        4.7080967030691374        13.786931999995996        2.0000000000000000                1
   8.1533044625698263        9.5018752719604400        19.095586573180249        2.0000000000000000                1
   6.9468529423897456        7.6834316047693978        9.3630161427798466        2.0000000000000000                1
   4.1498050421376487        3.9069023414674655        5.0839954667217704        2.0000000000000000                1
   3.6783595303681564        8.4338053518831657        27.187775144898126        2.0000000000000000                1
   9.1502340617777378        4.3558125504143934        9.9898981469693435        2.0000000000000000                1
   9.8644843451890321        7.2924310341650704        9.2026665166592867        2.0000000000000000                1
   7.5201580291112569        7.7601133516256322        34.277316968647725        2.0000000000000000                1
   3.0433639528301626        6.6663665072438789        26.196294296704163        2.0000000000000000                1
   6.4053564102766938        9.9805076975957299        28.596385942372414        2.0000000000000000                1
   8.0836243320420191        9.5618847830460219        1.8598056687546627        2.0000000000000000                1
   7.1323034023498426        6.2915428530797364        12.419370786430491        2.0000000000000000                1
   7.1993521742986175        3.0987152800789022        28.511030107237897        2.0000000000000000                1
   5.1438248373829145        6.1977101586706524        12.042176853881765        2.0000000000000000                1
   3.8129149402698053        8.4453842135899091        29.288112002766365        2.0000000000000000                1
   7.4727212539241981        7.8911568056904962        5.2988730426356012        2.0000000000000000                1
   6.8221300327520797        9.9012462801606347        3.6998885557059493        2.0000000000000000                1
   8.0483998565928676        5.9886133314833341        35.294538672245871        2.0000000000000000                1
   3.5400924546305923        8.2769184396582567        2.0238698856606141        2.0000000000000000                1
   4.3790908780027102        3.8680192394940218        30.243402092629374        2.0000000000000000                1
   5.4534682493806912        7.9096287155912828        34.417503956646016        2.0000000000000000                1
   7.9669615207805133        7.4163128892679788        3.2914410141040102        2.0000000000000000                1
   7.6953868984133820        5.3923863786599711        8.8188448519366087        2.0000000000000000                1
   6.7776909149817675        4.8092766103439066        24.754262468042494        2.0000000000000000                1
   6.3861653628025001        7.9917381814283326        26.073346015300899        2.0000000000000000                1
   7.9398502254915098        7.3144272843417761        16.268405503159332        2.0000000000000000                1
   4.7937928063261710        9.5155252352562680        16.615009763383437        2.0000000000000000                1
   5.6796115653033459        3.1107181427152364        14.868585671161421        2.0000000000000000                1
   7.1782114278712630        9.8729190086195686        23.929965780587064        2.0000000000000000                1
   9.4659934912294688        4.7325817487007971        7.8770697488667141        2.0000000000000000                1
   6.8924924964954295        3.0629661708273019        7.3752926809683670        2.0000000000000000                1
   8.8394829797549050        3.8968404663882699        7.6131806483624436        2.0000000000000000                1
   7.7728469834663354        9.7561350698611289        12.475160824175768        2.0000000000000000                1
   6.1278325140146270        9.9579318561034853        14.558304082882266        2.0000000000000000                1
   9.8872575822452120        5.7681401108003358        1.1330257299339352        2.0000000000000000                1
   5.9426561643822993        3.1611407043701361        23.966186807527432        2.0000000000000000                1
   7.9045474705753387        6.5545217310542947        19.567570071933925        2.0000000000000000                1
   5.6984619864568540        6.5891983526466644        8.1424303397899962        2.0000000000000000                1
   3.1211637606003619        5.7134210493641451        28.605211664602010        2.0000000000000000                1
   3.5211838970753044        8.2993051961220949        14.943569688162373        2.0000000000000000                1
   5.8919048698146739        9.8802256062940703        33.651222268988590        2.0000000000000000                1
   7.5788919818616467        5.3062816121031693        12.363319106251137        2.0000000000000000                1
   4.9195961578369571        7.1633536887284901        22.408557791452559        2.0000000000000000                1
   7.5030041276310930        9.8529153609110303        20.993190869136630        2.0000000000000000                1
   8.9198891919527323        8.9921059629853879        4.1493992857603379        2.0000000000000000                1
   6.4153137355316803        3.1096613846672114        9.3725274321455032        2.0000000000000000                1
   6.5929231957596128        5.7315094455478768        1.8810046425776827        2.0000000000000000                1
   3.2070732728355149        7.0770319990989217        19.192421700901484        2.0000000000000000                1
   6.9721694528408360        8.1485308888675743        13.552742003342258        2.0000000000000000                1
   9.5219566109339269        8.0912188782176955        2.0607019599118912        2.0000000000000000                1
   5.5632304187609449        5.2814410239466270        14.148896198959406        2.0000000000000000                1
   8.6440126748646726        3.7472212861310252        36.414371036657670        2.0000000000000000                1
   8.9645668894312625        8.9445479789807827        23.581009838031807        2.0000000000000000                1
   5.2834661969977184        3.2767467027332735        30.026043310032041        2.0000000000000000                1
   5.7272475456104175        5.2793492346982029        22.816845807337945        2.0000000000000000                1
   3.1825740798390387        5.8500296281602617        37.735206950476055        2.0000000000000000                1
   5.8151797654843387        5.4205755679765888        39.922961377425132        2.0000000000000000                1
   4.5701515326814066        9.2979705182897519        12.293454970354844        2.0000000000000000                1
   9.7441971021438665        7.7930560727075360        32.625815112392004        2.0000000000000000                1
   6.2375753567506784        3.1205724845538456        28.105939561613454        2.0000000000000000                1
   3.0848864269128917        7.0505807279703960        23.427127497784149        2.0000000000000000                1
   7.9039000506859471        4.4346796566332474        11.937209164289508        2.0000000000000000                1
   7.7455511797665126        9.5748831450012890        8.3601333301243823        2.0000000000000000                1
   3.1707373248682909        7.5765595533032037        10.652593399099588        2.0000000000000000                1
   6.6121621075910175        9.9865377491404992        31.752180139636895        2.0000000000000000                1
   9.0413910786728859        4.1659793320905036        5.0207496074478541        2.0000000000000000                1
   9.5748402204738170        8.0850914519607446        19.287685810481740        2.0000000000000000                1
   3.6627857684071103        4.6569774901825847        30.592526344464030        2.0000000000000000                1
   3.8896156130090800        4.4114446534636542        35.950779464374868        2.0000000000000000                1
   9.8102420132970227        7.5087969304776472        13.278438648492029        2.0000000000000000                1
   7.8992937102453649        3.3103363953675538        7.2840645683459426        2.0000000000000000                1
   4.9045368394774780        3.5129759235159934        38.910198148718180        2.0000000000000000                1
   7.8084950546218375        5.3168431698048950        6.6000480768379806        2.0000000000000000                1
   7.7216619201844274        3.3254464470970957        14.092968390616246        2.0000000000000000                1
   9.8719278382549494        5.5997822837314297        11.689832978736964        2.0000000000000000                1
   8.4949317022457738        9.3155377647882620        6.4417280616912338        2.0000000000000000                1
   7.1178903025742564        4.1161538771228470        30.834139783756960        2.0000000000000000                1
   3.3029119680832491        6.5647628826696627        8.6880692008654794        2.0000000000000000                1
   6.9464324674256437        3.0668569890470829        23.600554513849303        2.0000000000000000                1
   5.4980763633074448        7.3212405983298003        20.231546934429833        2.0000000000000000                1
   9.0957218086296727        4.1677203914788352        30.049164734406201        2.0000000000000000                1
   5.6753341298187703        9.8832941990274001        3.5376006117783949        2.0000000000000000                1
   4.5884975154629810        3.6046450632917191        34.194469893041259        2.0000000000000000                1
   9.8745715647451497        5.7261681248716316        27.943773422009194        2.0000000000000000                1
   4.5822970909682494        9.2639247153273292        39.400908717604842        2.0000000000000000                1
   4.0353719563056032        8.9474069014238555        33.456823930791487        2.0000000000000000                1
   9.9128066807973809        6.6642047757567431        21.904189283518395        2.0000000000000000                1
   7.7777311988796081        5.4470427170215645        26.765014166390142        2.0000000000000000                1
   9.9132341865950995        6.1878345408868602        4.6985490437890256        2.0000000000000000                1
   7.2673103366164336        9.9016073337754307        18.644614580345561        2.0000000000000000                1
   5.1797655635571322        9.7178203970530976        30.205992842670106        2.0000000000000000                1
   3.7165480068549552        8.2817315083413519        35.443890929479259        2.0000000000000000                1
   4.6928702064719960        9.2083030977176623        5.9514784155409677        2.0000000000000000                1
   7.9142437877887213        5.8341017689315526        14.268447558153019        2.0000000000000000                1
   6.0031217860479291        8.1034387558660974        19.834423197220801        2.0000000000000000                1
   8.0728240556023252        9.5775982147233645        4.2898958567175356        2.0000000000000000                1
   7.0175374924662810        8.1133212561199493        11.500996764864693        2.0000000000000000                1
   9.9372309050110239        6.6534156164928753        7.0280188484460471        2.0000000000000000                1
   9.4384829391614957        5.1258320566462263        3.0545506196518768        2.0000000000000000                1
   9.7738333524348313        5.3174103314732264        18.564200371552023        2.0000000000000000                1
   3.0195840634446904        6.6873293070521118        31.460162423225249        2.0000000000000000                1
   5.0013826142751006        5.8043177053778230        7.7984745547776679        2.0000000000000000                1
   8.3346594487582113        9.2365452877294292        10.480358475209561        2.0000000000000000                1
   8.5037824651648730        3.6605644886549240        19.583430146058667        2.0000000000000000                1
   5.0408730456302884        9.4658800602848299        18.648285086868341        2.0000000000000000                1
   3.1008211905603247        6.7352940264932482        30.397746221188957        2.0000000000000000                1
   5.8314474225094921        3.1708698917885192        32.188497061670610        2.0000000000000000                1
   3.4575653303871414        4.8043429756995844        38.137936741008268        2.0000000000000000                1
   8.3864415697277650        3.6000100670180135        9.6786677639104131        2.0000000000000000                1
   9.2576837595188266        8.6315488932205984        21.466426295927683        2.0000000000000000                1
   5.9096004387929062        5.3233090090269926        24.948849731685989        2.0000000000000000                1
   8.8044713098009311        3.8693338159325212        17.544971355323181        2.0000000000000000                1
   4.4176482772421197        9.1419116777379568        20.639654004550682        2.0000000000000000                1
   9.9506019446557836        6.0210068694235455        24.260398452431641        2.0000000000000000                1
   3.1235656868890098        7.3308355175908932        21.410834448420101        2.0000000000000000                1
   6.7138398074853507        6.0026984935465562        21.125558762654524        2.0000000000000000                1
   3.0754467659466207        6.4618866956466379        12.989862491426367        2.0000000000000000                1
   5.6231237053411007        9.8134533701330149        8.1139804017112507        2.0000000000000000                1
   6.6410121961549482        9.9559187652798506        5.8426172151715754        2.0000000000000000                1
   5.4325635127457375        9.7859544268374261        39.121857952426218        2.0000000000000000                1
   4.8215076277918421        3.4457033503875802        32.202070218429036        2.0000000000000000                1
   5.2767586669925679        7.6224110430707741        15.823436133760039        2.0000000000000000                1
   3.9018709121003936        8.3563627913926428        21.166261823375454        2.0000000000000000                1
   7.0955427603478096        9.8859289842282791        29.430949448699536        2.0000000000000000                1
   8.8127388794917536        3.9162762089351304        38.434912486802403        2.0000000000000000                1
   3.9504859985663523        8.5543060652345595        31.332828752373885        2.0000000000000000                1
   7.0600756503966666        3.9357897231612458        2.9202230223369186        2.0000000000000000                1
   4.9872965423548070        6.2634389248646061        14.142010349533063        2.0000000000000000                1
   5.2464398271747212        9.7083634972746733        26.863364637772207        2.0000000000000000                1
   6.8825269472093549        9.9056374434240588        37.530483783512238        2.0000000000000000                1
   5.8911559006002596        9.8588460721214997        37.172538769127293        2.0000000000000000                1
   7.4692903099255226        3.1498486156919423        33.658077322874135        2.0000000000000000                1
   7.9521387562696368        7.3468994016216209        24.940209559538122        2.0000000000000000                1
   6.3502243293786584        7.5791388261436401        17.886768761414231        2.0000000000000000                1
   4.9802571852498714        9.6334855267064494        32.951043370484676        2.0000000000000000                1
   9.5834632807714151        8.1168546061748383        25.848175043999756        2.0000000000000000                1
   4.6536445114573670        3.5571087007776168        2.9441019795776877        2.0000000000000000                1
