     1000000
           1
  0.10000000149011612     
   10.814388602011670        11.698624078698614        37.969504640354849        3.0000000000000000                1
   5.0298663180879348        10.312145413871123        19.274943444361291        3.0000000000000000                1
   10.130970187051060        4.8983588564133962        4.6444056778366818        3.0000000000000000                1
   5.9495041799599369        11.565802463160541        1.6015812845575179        3.0000000000000000                1
   6.2102354207679067        5.2247297957225776        34.581521853010010        3.0000000000000000                1
   12.177939333461904        10.047791571764169        33.815646137852539        3.0000000000000000                1
   8.4418821388353340        4.5495780931081962        12.581869219122984        3.0000000000000000                1
   8.8849486580723305        4.5190981605213087        17.810025261367258        3.0000000000000000                1
   9.7367629689445039        4.7196567542334424        34.660442192962130        3.0000000000000000                1
   12.205239237475594        7.0014022121502002        36.725190030065086        3.0000000000000000                1
   12.464205375423104        8.8578270391977867        3.0209300325648121        3.0000000000000000                1
   8.2996489352320904        7.3978792344086459        26.038047607813922        3.0000000000000000                1
   10.793347662978510        11.629602414633052        9.1946832300442374        3.0000000000000000                1
   11.277097182741571        11.333706954617579        38.812516889729530        3.0000000000000000                1
   8.6060445997566504        9.6176217426594075        4.4513035045932163        3.0000000000000000                1
   12.086269100310327        6.9812502740023747        24.183106719079301        3.0000000000000000                1
   8.8101016723053398        12.405185005803180        21.015512371025306        3.0000000000000000                1
   8.8213245322811300        12.425635056834183        13.375875294920492        3.0000000000000000                1
   8.8025475546789433        12.485363367645938        14.633427240760188        3.0000000000000000                1
   5.2696602721726933        10.834823440192325        9.1822352825275502        3.0000000000000000                1
   6.6271635996910554        5.0451455403244676        39.351371750425130        3.0000000000000000                1
   10.805386380838959        11.746675400847609        23.789251804669068        3.0000000000000000                1
   6.2664155116575007        11.811436774478192        13.144626304804683        3.0000000000000000                1
   4.6727320048514560        9.6512219099952272        36.682433932245324        3.0000000000000000                1
   7.6945674352436049        11.354735182622454        20.444135079563615        3.0000000000000000                1
   7.8962962047196603        4.6169684506975708        13.672513865639013        3.0000000000000000                1
   11.878040705984509        6.3844317640515174        30.355717779022982        3.0000000000000000                1
   4.6589849308550377        9.4429741705022376        30.371392879114865        3.0000000000000000                1
   7.3690241174196398        12.296755136500410        13.333734486706907        3.0000000000000000                1
   7.9062253052235683        9.6050493070389162        16.121630974627848        3.0000000000000000                1
   5.0864326733667662        6.4727118272275108        29.706769195916252        3.0000000000000000                1
   7.7741984473227417        4.5872288862265291        35.480775588395595        3.0000000000000000                1
   7.8296755653326739        4.7575893446970046        15.575806673794929        3.0000000000000000                1
   5.5112130456076978        5.8558483235262102        39.422636180240978        3.0000000000000000                1
   12.457648730390021        8.8137969753699448        35.821448160787043        3.0000000000000000                1
   7.6001488145168121        8.1531001341785068        36.653300376572091        3.0000000000000000                1
   4.9108746587129009        10.073854054391566        15.237731348449715        3.0000000000000000                1
   6.6250333667796903        4.9824568696762439        4.5353340377742786        3.0000000000000000                1
   6.9929207865999130        12.164380535020030        32.235030815987265        3.0000000000000000                1
   7.0240347301537387        4.7904727960202926        31.525816798299580        3.0000000000000000                1
   8.6733281343148825        4.5514729232482942        26.935113004481437        3.0000000000000000                1
   7.9961782872297915        9.3774279313808329        8.0577651086846362        3.0000000000000000                1
   4.6066698137136317        9.2962878465788048        35.659587799654496        3.0000000000000000                1
   12.196078025574483        9.9898835966240007        35.907502296157887        3.0000000000000000                1
   12.393578398765877        9.3375524702653649        29.709850000604551        3.0000000000000000                1
   6.4137380337064922        11.874576150157335        26.084062705161216        3.0000000000000000                1
   9.4141824682861426        8.2556020105674097        12.465887207104625        3.0000000000000000                1
   9.9701924331102418        4.9797567096377717        6.4556605287735387        3.0000000000000000                1
   7.7306018511475303        12.297596191412650        10.232606410648867        3.0000000000000000                1
   4.8744256795964276        10.166192831950564        17.285411182007991        3.0000000000000000                1
   11.193136609458163        11.429213744252511        37.061524993139571        3.0000000000000000                1
   8.6596442267625964        9.4652442436235642        11.099662395516988        3.0000000000000000                1
   10.862280690462033        5.3156043489372742        10.807964630304042        3.0000000000000000                1
   9.5433052760314716        8.5359041829513824        26.950756968651092        3.0000000000000000                1
   7.8668807821775584        12.443163747115696        37.239779429966966        3.0000000000000000                1
   9.5332448299919115        12.347658664754238        3.2662501485954749        3.0000000000000000                1
   10.331028789166323        4.9592122009113009        11.753504667897669        3.0000000000000000                1
   5.9803072277073683        5.5582340662240668       0.47431094634253879        3.0000000000000000                1
   12.416110521001348        7.9116827626293293        7.9520265809876429        3.0000000000000000                1
   12.314484433493277        7.3570432760159790        25.420627407815029        3.0000000000000000                1
   10.037201145097267        12.131174128879268        27.973933466546406        3.0000000000000000                1
   11.953323549717469        10.474449350093126        29.927382941943836        3.0000000000000000                1
   7.4263681693617816        8.5112022023794154        19.113298328870886        3.0000000000000000                1
   11.845861269170211        6.3160613244320629        27.136845441470982        3.0000000000000000                1
   9.8208449068490609        4.8697908709338176        21.884452744637773        3.0000000000000000                1
   4.5369555393879466        8.9539110137516165        15.236832202609145        3.0000000000000000                1
   4.6840725520020667        7.4472326226509313        9.3752486018911014        3.0000000000000000                1
   9.4274290207092584        8.4594620579311446        22.948403298351838        3.0000000000000000                1
   10.926945494634802        11.593094268716335        18.739058468039204        3.0000000000000000                1
   12.176540605386723        10.039239173825969        28.677508741551751        3.0000000000000000                1
   9.1834913069628410        7.7859198418690241        18.759027013505879        3.0000000000000000                1
   5.3429422405059119        6.1853176381610915        3.4601649601740623        3.0000000000000000                1
   7.5747970588099109        4.6497018487374895        8.6174685261577721        3.0000000000000000                1
   6.5695392355076034        11.944080579076610        2.2926254815998024        3.0000000000000000                1
   10.474703341945897        11.937858388162226        39.016298975632274        3.0000000000000000                1
   12.225986915440066        9.8156613500417276        7.0449431875459272        3.0000000000000000                1
   4.6402667978604653        7.5586194698192779        2.3783511582689645        3.0000000000000000                1
   4.5256731769266745        8.2121471617352046       0.16420974220543832        3.0000000000000000                1
   8.2086184067499985        12.467671076447083        1.3239406016481716        3.0000000000000000                1
   4.5817816771690829        8.1697759491973176        32.388708650989116        3.0000000000000000                1
   9.5254629005634595        8.4233256645490524       0.52184522303970682        3.0000000000000000                1
   10.064186297518495        11.799224780850061        6.2742926126713883        3.0000000000000000                1
   8.9144559200664180        9.2781084397128950        1.1501822092195979        3.0000000000000000                1
   8.1003477643298858        11.447701678511802        17.366720671823114        3.0000000000000000                1
   8.9185499573801064        12.372162527204804        6.3728842634792739        3.0000000000000000                1
   4.9399270666701520        10.308310715721284        8.0294375332101566        3.0000000000000000                1
   7.1817788442143264        4.7424209314943671        7.5391597230600613        3.0000000000000000                1
   7.4137499966105072        4.7235144215515756        12.603942507260069        3.0000000000000000                1
   12.443096239815457        8.8033179568839781        4.9404098824023839        3.0000000000000000                1
   8.1376148945744902        9.5136124477595168        23.311173552658413        3.0000000000000000                1
   9.1109256903820768        12.393006279141037        23.035902293603215        3.0000000000000000                1
   7.9232400382299550        7.8242745560746307        15.848434433076111        3.0000000000000000                1
   9.3713148417799168        7.9517141934001163        4.3285012097540259        3.0000000000000000                1
   8.4672308783980021        4.5068896896499933        34.308407902863799        3.0000000000000000                1
   12.133934342941092        7.0059349918560940        16.944573356483982        3.0000000000000000                1
   7.4856242658320555        8.6331281866395084        23.350957173025591        3.0000000000000000                1
   11.133053070448730        5.7538403392864090        13.809457196874886        3.0000000000000000                1
   11.801470439065023        10.640711971606043        11.093895119657748        3.0000000000000000                1
   5.6553810554067132        11.305885849045895        33.458132036436119        3.0000000000000000                1
   7.9873812913922366        9.2761149239611562        30.562672879732233        3.0000000000000000                1
   11.092017498420228        5.5244193006924531        37.637062762942463        3.0000000000000000                1
   5.2782292849889307        10.851804217903243        34.486108367908365        3.0000000000000000                1
   10.995581991597735        5.4925410817115541        39.691772775378062        3.0000000000000000                1
   9.4729189612932601        8.7674931096513191        8.2791518154427326        3.0000000000000000                1
   9.9915502733272739        4.9739069000836595        25.045284816277380        3.0000000000000000                1
   10.732045669753131        5.2122840257982936        34.668582501380662        3.0000000000000000                1
   7.8552750048695845        7.7040762713831699        23.065162020853265        3.0000000000000000                1
   5.1244372187252649        6.8773757003947749        17.432935041932524        3.0000000000000000                1
   11.539386896506169        11.100085048788200        33.966186969064090        3.0000000000000000                1
   9.1705648863935068        4.6015271078881597        2.5825879849800879        3.0000000000000000                1
   7.7671230107105069        4.5696841907943435        37.578678637129222        3.0000000000000000                1
   11.384228310426177        11.224669445187880        15.554690544340586        3.0000000000000000                1
   8.9114251156490081        7.8194754187794464        1.3463800602812219        3.0000000000000000                1
   4.6975041454437818        9.7025256330776699        29.377943920988052        3.0000000000000000                1
   11.570820155859153        5.9482995100770202        29.179478859230880        3.0000000000000000                1
   6.1365080043831428        5.3449473463771566        31.577926115868777        3.0000000000000000                1
   7.6807957217943050        8.7096296656457088        37.515329862547738        3.0000000000000000                1
   5.0632258549830826        10.472836021357766        30.392099005003796        3.0000000000000000                1
   5.4942730229454133        5.8907940719589504        19.533686999484679        3.0000000000000000                1
   5.0688699888348898        6.4773892888160489        11.467879783204374        3.0000000000000000                1
   6.8651878730728413        12.001304782481009        25.196521757461753        3.0000000000000000                1
   10.491779945830936        11.745393462988677        3.1823575595060078        3.0000000000000000                1
   12.409317379555775        9.2514024816931268        38.924046020991860        3.0000000000000000                1
   6.8329874517318352        4.9099552963171149        2.5960506829882766        3.0000000000000000                1
   9.3935457465209105        8.9114618575746203        18.873124153176786        3.0000000000000000                1
   8.3647753385455665        4.5501189028683573        23.799036585762476        3.0000000000000000                1
   11.171285639149978        11.469614056636086        1.9501752370617405        3.0000000000000000                1
   4.9974567367139162        10.332509943064778       0.11400235286340132        3.0000000000000000                1
   8.4633485858252939        4.6299607617398237        14.648184104292184        3.0000000000000000                1
   11.020779799419980        5.6495518501466773        31.706401385403346        3.0000000000000000                1
   5.6835260684514806        5.8474194834375401        6.4669628778378216        3.0000000000000000                1
   9.4569941339634074        8.7622395528725683        15.838855398630564        3.0000000000000000                1
   8.0663403761773100        4.5346516224792373        32.156394072074072        3.0000000000000000                1
   12.483245940386320        8.6352200077100232        39.758010822722930        3.0000000000000000                1
   6.8184488082854005        12.046637513229800        30.272859479525248        3.0000000000000000                1
   10.437511640450040        5.0790612655240395        2.6420630682992048        3.0000000000000000                1
   6.3077024607121075        5.4219843846839844        5.5428716873369606        3.0000000000000000                1
   11.006613358319495        5.4977433195029120        6.7934025851257740        3.0000000000000000                1
   5.3336596818208131        10.921259274475602        22.312875947098156        3.0000000000000000                1
   7.1124935390979740        12.240037837810100        17.477284268480471        3.0000000000000000                1
   4.6089175811573746        7.9841773114451975        17.425869356375031        3.0000000000000000                1
   8.9627088746638801        9.3539606711257921        22.586335685014067        3.0000000000000000                1
   11.445848328909799        6.0146326228174951        5.8129403608013659        3.0000000000000000                1
   5.0753993212360395        6.4523659686466077        9.4501947686435877        3.0000000000000000                1
   7.5701089657338576        4.7298514972199159        19.771563343559425        3.0000000000000000                1
   8.5141003333539125        4.5466314750169614        10.717383749186727        3.0000000000000000                1
   5.8379878643354637        5.6075974635661252        27.615875629777737        3.0000000000000000                1
   12.276424506606627        7.6233848371470341        16.046919293305258        3.0000000000000000                1
   11.502128069569796        10.826487405447393        7.0248802647487096        3.0000000000000000                1
   5.5524536316600406        5.8782650883892495        30.695074462623243        3.0000000000000000                1
   11.383964959185674        11.188996985068641        19.725977612485757        3.0000000000000000                1
   12.254599334632283        7.1285534445226624        12.978187843164319        3.0000000000000000                1
   12.485865092253952        8.3916397989121663        13.153868683601663        3.0000000000000000                1
   10.450737576428420        5.0327894174025651        25.943512000901833        3.0000000000000000                1
   11.426844383714711        11.159103568495926        3.1596007987805756        3.0000000000000000                1
   6.7795719499351890        12.030828103393473        37.336898344857204        3.0000000000000000                1
   12.003310629284384        10.268219096185476        24.641585729403982        3.0000000000000000                1
   9.0110112122727379        4.6970461710104994        13.689601114579286        3.0000000000000000                1
   9.5535772049794545        4.6489191149754951        5.5912931018741983        3.0000000000000000                1
   8.5157072612453355        12.405956104986187        29.115385382413876        3.0000000000000000                1
   12.442260779143181        8.6155477765543527        7.0111367070421977        3.0000000000000000                1
   11.545441088890250        6.2127799104901795        32.536974059693087        3.0000000000000000                1
   8.1485411552342502        12.428428899383064        17.578008771034838        3.0000000000000000                1
   7.0418560657542715        4.7939840509729361        18.632924795749780        3.0000000000000000                1
   8.4531090716960033        8.5675511157674791        4.4993478792287513        3.0000000000000000                1
   12.291377876962468        7.5430855021472940        23.368348738889932        3.0000000000000000                1
   5.7981388303879644        5.5844367891941982        35.510536755791215        3.0000000000000000                1
   8.4526721049686433        7.5589064187044279        4.4373291168181250        3.0000000000000000                1
   7.2762179002724823        4.7178535525366936        23.632131302696280        3.0000000000000000                1
   7.6721008850332293        4.7696753888760872        6.5056399816771453        3.0000000000000000                1
   7.9886729040780606        9.4730601861888584        12.047384988600092        3.0000000000000000                1
   8.6760230395836686        7.5561350268813143        19.668769776322726        3.0000000000000000                1
   9.5626207448541418        4.6449858257702328        24.017644947775786        3.0000000000000000                1
   12.314503796195817        7.4952613079137844        18.140476017083145        3.0000000000000000                1
   10.315148003075583        4.9583422152095551        28.057929540911100        3.0000000000000000                1
   4.5205691944236399        8.7580443148705811        11.317438984941402        3.0000000000000000                1
   12.120762166786967        10.141361175715378        21.587100266825551        3.0000000000000000                1
   9.1607771393935771        9.2270647170079290        33.573150923932964        3.0000000000000000                1
   5.4378598544763488        5.9620282652115453        10.413974299175665        3.0000000000000000                1
   9.6837122699611804        4.7896135346824869        14.825528047841296        3.0000000000000000                1
   10.316588909763375        11.887300474412962        32.031524854190025        3.0000000000000000                1
   6.0738896702205949        11.640532528161183        34.359042760464199        3.0000000000000000                1
   12.295295806785806        7.7622064949956151        21.265125164154920        3.0000000000000000                1
   12.381455267543997        8.9558125217539164        28.746531033820506        3.0000000000000000                1
   9.1052907830927090        7.8643609491947224        37.409168732300820        3.0000000000000000                1
   4.5076344937258197        8.6299503466795109        27.485408022347890        3.0000000000000000                1
   12.287370569237890        7.4036397123633790        30.565863028056167        3.0000000000000000                1
   5.6504264467094254        11.295108032357520        10.044459866805958        3.0000000000000000                1
   6.2677861933349162        5.3524996173380437        36.382134099314399        3.0000000000000000                1
   5.3326009707523756        10.867867400030162        18.379317921714485        3.0000000000000000                1
   5.0382365687450541        10.245673054162012        28.387556749704636        3.0000000000000000                1
   4.5800597182165665        8.2051035356151036        3.2378314271638806        3.0000000000000000                1
   5.0819632476599130        6.6588019765725956        15.459148407448843        3.0000000000000000                1
   5.4271315726199854        11.003628245228686        17.257344353572606        3.0000000000000000                1
   4.8846156136835539        7.0250283738314616        12.433939356642083        3.0000000000000000                1
   11.456340875928667        11.024501694960211        21.707522414049617        3.0000000000000000                1
   4.7104598526841990        9.3809376103959146        39.695598353091661        3.0000000000000000                1
   5.0072274542838793        10.315406422713066        10.230889488642635        3.0000000000000000                1
   12.445330100116966        8.1599188599656589        36.699586451539162        3.0000000000000000                1
   7.8834296574481231        4.6662685616073567        2.6338877547088098        3.0000000000000000                1
   10.234668340851762        12.088780113878057        37.094919174847121        3.0000000000000000                1
   8.7644084233007415        4.5408457898347416        30.037244910476783        3.0000000000000000                1
   9.0893132414803262        9.1895565989152637        23.635035351866939        3.0000000000000000                1
   5.2975291794926500        6.3738226685584802       0.37985602807324853        3.0000000000000000                1
   9.2624796384453987        4.6848985898167914        30.996605868052463        3.0000000000000000                1
   6.8608382158811594        12.133488406801010        14.191301533479917        3.0000000000000000                1
   6.7483182928695662        11.948780963535228        6.1773943075310882        3.0000000000000000                1
   11.579531175540925        6.0050982683760949        34.694909413778781        3.0000000000000000                1
   6.3887525029666570        11.844616067500636        24.277748843453075        3.0000000000000000                1
   11.640306521837344        6.0996508009730697        12.789035112106513        3.0000000000000000                1
   12.014821852448582        6.6371663891841530        33.729970689515824        3.0000000000000000                1
   7.2764371843986808        12.272485925186576        36.225406507000571        3.0000000000000000                1
   4.5475149756580340        9.0387375952516127        17.368597497381096        3.0000000000000000                1
   4.5943118973306252        7.8882992872418063        6.2539565903944965        3.0000000000000000                1
   9.0821237514239126        4.6148464121767914        27.895397776560028        3.0000000000000000                1
   11.785783862941399        6.2663273188000632        31.425853887215613        3.0000000000000000                1
   12.321292451778758        9.6307831337490768        1.9639974409302499        3.0000000000000000                1
   12.211794579266977        9.7501331796757409        30.640845253614980        3.0000000000000000                1
   7.4910044671848288        8.3549196277143789        7.8109001063646382        3.0000000000000000                1
   7.6602726023699779        4.6843703119877382        17.695339566616088        3.0000000000000000                1
   4.5158329740384699        8.6052061407635190        7.2689443384174224        3.0000000000000000                1
   11.206550689170989        11.247644903570047        8.1898895743644555        3.0000000000000000                1
   5.3762623905018376        6.0460116815107892        31.764762982154672        3.0000000000000000                1
   5.4902527608736538        11.056929404550123        31.392020418588825        3.0000000000000000                1
   4.6293595414081450        9.2954431818859131        6.2827957900850455        3.0000000000000000                1
   4.9963848073338655        10.339836941131656        6.1770148017590394        3.0000000000000000                1
   7.2137426215667828        4.7856988732626968        16.639341752422041        3.0000000000000000                1
   7.4585986063295637        8.7709989033947586       0.95510105204143381        3.0000000000000000                1
   10.161983247898364        4.8678398124245170        35.557046627754097        3.0000000000000000                1
   7.7338967175924651        12.058071513762503        28.136531234129748        3.0000000000000000                1
   10.997079259998957        5.4194046033403351        25.130494987736693        3.0000000000000000                1
   5.4407201737924940        11.007266719110893        13.150734052829652        3.0000000000000000                1
   11.998549240325662        10.176185509879948        1.1118485212151483        3.0000000000000000                1
   8.4622149851108119        8.4764543811751274        30.180194375773745        3.0000000000000000                1
   7.8672234257078015        9.3406672684691507        15.072961938098459        3.0000000000000000                1
   6.8394343109034388        4.9760558302196491       0.52345163120278571        3.0000000000000000                1
   4.5983131344036758        8.9590485062085428        26.336082608784750        3.0000000000000000                1
   9.8746920817495525        12.220112368889268        7.4043249295327976E-002   3.0000000000000000                1
   5.2255554534627269        10.793063569955711        7.0922066527877483        3.0000000000000000                1
   12.229232248194737        7.4950112201056189        28.518626117454929        3.0000000000000000                1
   12.347826816535008        8.3286608525705574        20.371765267837390        3.0000000000000000                1
   4.5805789184338881        7.7851635295641310        37.158203684504670        3.0000000000000000                1
   7.8936873288722147        7.6089689890316858        33.401734136718332        3.0000000000000000                1
   4.7085441958899032        7.3321638118688632        7.2966488078738063        3.0000000000000000                1
   11.776817580810745        10.790905539145220        4.8807803282800120E-002   3.0000000000000000                1
   12.496423566849051        8.3753911161139172        3.9267462410239293        3.0000000000000000                1
   11.126460211675509        11.511583428813651        4.0918716736022365        3.0000000000000000                1
   12.388534415230410        7.7319434500160709        11.906920132068988        3.0000000000000000                1
   12.363145335994307        9.5220614731068434        32.745989314832784        3.0000000000000000                1
   12.498064489077532        8.3867306480970445        27.589196653870495        3.0000000000000000                1
   8.2801409660443923        4.7706826981725197        38.536093546279076        3.0000000000000000                1
   9.1019216562227001        4.5526125379683355        4.6325595343700128        3.0000000000000000                1
   12.424480625707519        8.6985098701150623        23.449595336940316        3.0000000000000000                1
   12.445254852416760        8.0388005892188339        38.901344466020852        3.0000000000000000                1
   9.0598111196069340        4.6186631645324070        31.996703467207190        3.0000000000000000                1
   9.1388924933632296        9.2700557011096070       0.13822553709962176        3.0000000000000000                1
   8.5171551639079226        8.4716831111306909        11.570064643834824        3.0000000000000000                1
   8.8227738669711808        12.449758788430865        2.2664796124410049        3.0000000000000000                1
   8.9907785846752564        12.349624452158828        28.172510811734835        3.0000000000000000                1
   5.5105819195116146        11.107659009751707       0.54410086001722702        3.0000000000000000                1
   6.3970234247469548        5.2869562727790562        21.602369304323556        3.0000000000000000                1
   4.8581126105153798        9.9735076030562890        22.314154637929210        3.0000000000000000                1
   10.954655829519568        5.7629280640231073        35.559646647320392        3.0000000000000000                1
   10.756077409879397        11.578220825759207        14.536927096794305        3.0000000000000000                1
   6.7251475949569288        11.866430301811649        28.232292898912377        3.0000000000000000                1
   9.0161684184909294        12.329921818339393        8.2358727309902537        3.0000000000000000                1
   9.5662162528912873        8.3519829026088743        34.046468615797501        3.0000000000000000                1
   5.0760776592332730        6.9163149680963985        10.349192699474164        3.0000000000000000                1
   10.913852365145614        5.4209062780871946        1.7808360146937166        3.0000000000000000                1
   5.4613141605073858        10.850422658906433        38.294934265435586        3.0000000000000000                1
   4.8682084213938985        7.0554839060040004        14.413429178201275        3.0000000000000000                1
   7.3240648289086367        4.6767782650626994        3.5059652635596330        3.0000000000000000                1
   11.986724050047661        10.450600272946636        22.622867730916916        3.0000000000000000                1
   5.1680728078937337        10.443350096656864        14.254512242750030        3.0000000000000000                1
   6.0550821178350676        5.3715277480426185        25.589065909239636        3.0000000000000000                1
   9.6101873072919748        12.312103254348163        7.2801499005671708        3.0000000000000000                1
   11.723091945843917        10.599564783573342        13.217959353662636        3.0000000000000000                1
   6.8812518489208774        4.9105135544485723        13.583830028115452        3.0000000000000000                1
   8.2051667681591436        4.5508434120473105        7.6988370021535566        3.0000000000000000                1
   4.7171701446040677        9.7990200435510779        7.1832277178229500        3.0000000000000000                1
   7.3996338496021652        12.341762008311539        38.265548658692822        3.0000000000000000                1
   9.5155833678687642        4.7213601413014397        38.551734305228443        3.0000000000000000                1
   8.7424951705731342        12.373544489332147        33.069438481967772        3.0000000000000000                1
   10.555558614895624        11.903373339394713        19.692275214684351        3.0000000000000000                1
   6.5734418875110583        5.0101757815057804        24.703119281611865        3.0000000000000000                1
   7.8058258350475409        7.7023859017597118        37.549119882376402        3.0000000000000000                1
   8.3166657498624978        12.495494105690044        3.2532857275806681        3.0000000000000000                1
   11.465738613756987        11.171242570262560        12.297767544205310        3.0000000000000000                1
   9.8707988060360847        4.7831766932130142        19.755970509790970        3.0000000000000000                1
   5.9375223933118688        11.510948605753454        37.495516217513483        3.0000000000000000                1
   12.315241894953726        8.3534036812196852        32.581353501602855        3.0000000000000000                1
   8.7849149014292909        12.488099317928121        10.370955723067654        3.0000000000000000                1
   10.128789201316112        4.8707951943455656        31.644789328768557        3.0000000000000000                1
   11.172460284063307        5.7722708720285487        9.8384965488820697        3.0000000000000000                1
   8.9047671156235921        9.3135641332157402        7.6110000173537085        3.0000000000000000                1
   8.9741863240077890        4.5541077947095729        24.858306937523245        3.0000000000000000                1
   8.7351720732666109        9.4332155141460294        19.547549771736509        3.0000000000000000                1
   5.3370921908439835        6.1526673036468598        36.416014869661524        3.0000000000000000                1
   4.8769341039714709        10.067765930386736        34.961403371745249        3.0000000000000000                1
   9.4021855159421044        9.0146414992898389        4.3004305029796850        3.0000000000000000                1
   4.7278021223122533        9.7705171367378689        18.291094284013923        3.0000000000000000                1
   5.1162744260547459        6.5199244045112144        22.515584389915471        3.0000000000000000                1
   6.6183958953487112        11.907813732216852        10.015488751475539        3.0000000000000000                1
   5.1152094142982305        6.5616587674534861        13.462570428900847        3.0000000000000000                1
   11.385557025523362        5.8103984076339428       0.67513112068281400        3.0000000000000000                1
   9.8069258633340812        12.225281219857164        31.111609515281874        3.0000000000000000                1
   11.100136363968545        11.506487050762487        11.254722212869648        3.0000000000000000                1
   9.5294730616517764        8.7478029994661206        37.124157700977349        3.0000000000000000                1
   4.7745495081937417        9.9417494688759085        33.377680594571054        3.0000000000000000                1
   10.516639973687502        5.4723488328498284        5.7206127610234629        3.0000000000000000                1
   7.2315172176682871        12.231708954336247        5.3135492492779965        3.0000000000000000                1
   5.3655802646731132        6.1214559452412383        14.526939690075844        3.0000000000000000                1
   9.5830865914392085        12.298919009828467        36.132277174528575        3.0000000000000000                1
   5.5371022398312029        5.8394574181467078        26.630908716107491        3.0000000000000000                1
   8.8497205383821651        12.441993003644752        35.186626077414793        3.0000000000000000                1
   10.501666579079922        5.0616140891452162        18.804529296067795        3.0000000000000000                1
   6.8150130820367050        5.0655269567203804        35.499965138611088        3.0000000000000000                1
   9.2432055829841815        12.376606025647391        25.085441110485323        3.0000000000000000                1
   9.8176241295712909        12.134994937647949        2.2292294116077880        3.0000000000000000                1
   8.0891359989237905        4.5483235407895739        9.5214885873812687        3.0000000000000000                1
   12.395759464561669        9.1931257208438684        31.795814532715255        3.0000000000000000                1
   12.430415279747580        8.0522365724054641        24.488965653975960        3.0000000000000000                1
   6.1811860424577709        5.3298974496940845        16.530950939279979        3.0000000000000000                1
   6.8338076128039731        4.8828815824153464        22.721739610342677        3.0000000000000000                1
   12.335753361944285        7.6447678082429986        35.794379054707520        3.0000000000000000                1
   11.091278828982620        11.455216486505940        34.989876635788363        3.0000000000000000                1
   11.172498233172838        11.475138162303425        22.771568065896542        3.0000000000000000                1
   8.9913825552288547        7.6810702199236705        26.751430454484435        3.0000000000000000                1
   7.3303153431041217        12.055393243373912        9.2693621651404960        3.0000000000000000                1
   8.5119220978550718        8.4477086683026741        7.9784157762529020        3.0000000000000000                1
   10.244030234182887        4.9819220436695089        13.750872320174095        3.0000000000000000                1
   5.5254651080593620        10.938091186081703        2.4161253710769350        3.0000000000000000                1
   8.7953052986876408        9.4533450946998823        36.737793408677760        3.0000000000000000                1
   7.7973922989403706        12.425819737977475        14.401527617439221        3.0000000000000000                1
   9.4980802223444503        8.7351185146087733        11.483493879279726        3.0000000000000000                1
   10.649973754957507        11.821250905595601        5.1883674594029250        3.0000000000000000                1
   5.4399690305625628        11.007846546459882        39.368581270168910        3.0000000000000000                1
   7.7200783846327958        9.1991976304892358        26.489550109168235        3.0000000000000000                1
   4.7175579153098335        9.4178926215974936        21.404766020442139        3.0000000000000000                1
   7.9690917245179591        11.942324646922897        21.299329603403141        3.0000000000000000                1
   9.4226865650745388        8.2389882059765931        7.4092539879465740        3.0000000000000000                1
   11.464928851662068        10.607154352893939        20.713295517051517        3.0000000000000000                1
   11.452356038599660        5.9259792704194520        16.971732964331100        3.0000000000000000                1
   7.4692227424775401        12.359706088613146        20.507032269492562        3.0000000000000000                1
   4.6862560792656156        9.2519312808020064        3.1734699696298567        3.0000000000000000                1
   8.2663514249487307        4.6717370783594436        16.840356291962838        3.0000000000000000                1
   7.7659065631519706        9.2097474736157068        29.549960601176522        3.0000000000000000                1
   8.9975931905340172        7.7909920556343604        8.5693205798857939        3.0000000000000000                1
   7.5481658382794192        8.3780607470862165        15.051232391478967        3.0000000000000000                1
   12.446463530012801        8.2152901073432094        15.206223488814571        3.0000000000000000                1
   11.959243093780065        6.5258766124167140        28.360673429708559        3.0000000000000000                1
   12.486977439861802        8.3979842194945267        8.9569402854109761        3.0000000000000000                1
   12.190643785886104        9.9705550846382049        13.992116474285597        3.0000000000000000                1
   5.7233336096961622        11.219274515975407        6.1522359688145798        3.0000000000000000                1
   12.244896295237691        7.1186972851413097        15.082213218899108        3.0000000000000000                1
   8.0847475142723013        7.4899551762355685        30.363765159501689        3.0000000000000000                1
   7.6466870264938374        8.9615811137136685        11.101047664604915        3.0000000000000000                1
   11.604205716829965        10.947957835446234        37.926665555026936        3.0000000000000000                1
   4.7140436052055339        7.3231952231050048        18.363729348596678        3.0000000000000000                1
   11.844783025467745        6.3327737117086293        6.8202829519253170        3.0000000000000000                1
   8.4417749611552750        7.4448183979519937        36.715773835223338        3.0000000000000000                1
   12.345090474023319        7.5900525882872456        6.9093263069202742        3.0000000000000000                1
   4.8337719251235169        10.097444959002528        4.0883204912159270        3.0000000000000000                1
   7.9620393784865673        7.6458889805116552        8.3600567969215032        3.0000000000000000                1
   10.610056759190854        5.1843876025813573        38.568640141512489        3.0000000000000000                1
   5.3530648487477430        6.0330284738388169        28.761831431480520        3.0000000000000000                1
   4.6738589729093691        7.5300850166436879        20.521219039536685        3.0000000000000000                1
   8.2980368616454960        12.467290917810358        12.500890411792009        3.0000000000000000                1
   5.9332731062222246        5.4651037933549151        9.4549115805362991        3.0000000000000000                1
   4.7736650589426057        9.8128734942680147        11.263631220567792        3.0000000000000000                1
   9.3367082326519846        8.2610567372047399        33.057373104731738        3.0000000000000000                1
   5.0288728694936147        6.7699832695482058        8.4755951392101405        3.0000000000000000                1
   10.942133968345967        5.3553830700958374        19.881316739690615        3.0000000000000000                1
   6.2022853877410649        11.571807808972377        9.1258045863301884        3.0000000000000000                1
   5.1973849623965460        6.2966216739619689        18.470784218324390        3.0000000000000000                1
   12.372179152437784        7.6242807479977701        13.930202111630182        3.0000000000000000                1
   4.8897693574056378        6.7812158032630760        33.960613403274913        3.0000000000000000                1
   12.422855289539205        8.8834454335615511        21.372939874856453        3.0000000000000000                1
   4.8503288292120077        7.0026474781435999        21.411825725630106        3.0000000000000000                1
   5.0497342338523916        10.415616838551880        12.243816315316179        3.0000000000000000                1
   12.085079395041884        10.153140325665429        26.666633557101704        3.0000000000000000                1
   6.3432137672265441        5.2872937812751690        3.5193650036719757        3.0000000000000000                1
   10.582187914981530        11.913717656062452        26.944893208029651        3.0000000000000000                1
   8.8530652060207764        9.3782170026306577        15.282676753938780        3.0000000000000000                1
   7.8452208899671838        12.262135186116362        35.285706257743954        3.0000000000000000                1
   11.989942910682686        6.6948636588729213        2.8169595440402615        3.0000000000000000                1
   7.3536612322597188        4.7013656841693710        10.588174233499489        3.0000000000000000                1
   10.709846919195456        5.3041422895976238        22.036174881843436        3.0000000000000000                1
   10.973310881448175        5.4148029344120321        17.963946880010621        3.0000000000000000                1
   6.4046949921318737        11.758588757012198        31.292709041695502        3.0000000000000000                1
   12.250283188862669        9.0317005276933688        17.444144240407937        3.0000000000000000                1
   4.6042796765349543        9.3030151359813242        10.297525632833811        3.0000000000000000                1
   11.057963318975894        5.8108646011987917        11.789740256378687        3.0000000000000000                1
   9.6671644956575786        12.310736740237706        29.019647084308222        3.0000000000000000                1
   5.0101533422886737        10.430079345326506        21.420771041672658        3.0000000000000000                1
   12.093628379188702        10.207795419384476        10.164909349850065        3.0000000000000000                1
   12.354312888783056        7.4442976269534213        39.803955107987449        3.0000000000000000                1
   6.0149708185622890        11.426514274698045        25.241696007462025        3.0000000000000000                1
   9.8892071438980107        12.199077942158683        15.044483179989411        3.0000000000000000                1
   7.4883942642580763        8.6333970915797593        33.555041357465690        3.0000000000000000                1
   12.441492813824224        8.4743260717329996        18.306335104053694        3.0000000000000000                1
   6.8707416575900915        4.8902016012951233        20.656954949309771        3.0000000000000000                1
   7.4705036137016361        8.3831789362161224        30.524942999737021        3.0000000000000000                1
   8.6006906268104348        8.3186030469792911        33.775863171265932        3.0000000000000000                1
   11.789245522984301        10.732480506790825        25.734197065388017        3.0000000000000000                1
   11.594840629006834        10.395162554532471        6.0796479973323514        3.0000000000000000                1
   12.273023699951876        7.2080645499841678        3.8639762315696737        3.0000000000000000                1
   11.553086301130232        11.051910267051131        14.221053532970693        3.0000000000000000                1
   8.3903353008453276        12.426604443605848        7.2429522389548859        3.0000000000000000                1
   11.711661472556097        10.880426417359516        18.626665915225544        3.0000000000000000                1
   7.6736730704439076        12.363609390831897        2.3282469525302751        3.0000000000000000                1
   8.0052443714718073        4.7328944664630432        20.700659366092722        3.0000000000000000                1
   4.6161685394885525        8.1325620759905259        21.414952923958850        3.0000000000000000                1
   10.541183349458107        5.2028345829295359        16.824190065174545        3.0000000000000000                1
   11.632750282027239        10.561398953882536        2.0422007751485221        3.0000000000000000                1
   8.8298121198758928        9.4333818499774491        26.626643973858624        3.0000000000000000                1
   4.5689399226353657        8.2614784164459696        14.436945901523670        3.0000000000000000                1
   12.165689617689713        10.074959643776030        12.163086021307805        3.0000000000000000                1
   11.629470657053226        10.441669996516554        34.902001226304172        3.0000000000000000                1
   11.974994385316421        6.6456651805722009        35.735164699688816        3.0000000000000000                1
   7.4709890937575700        4.7676187254766456        21.789458790688716        3.0000000000000000                1
   4.7367493986975111        9.1125195959164920        31.526155418358847        3.0000000000000000                1
   6.1719262028505533        11.727518151465199        5.3283665891802983        3.0000000000000000                1
   5.8332631206604226        11.433189482124861        14.036124864864025        3.0000000000000000                1
   10.263002378120344        12.009286154326455        29.989493006935014        3.0000000000000000                1
   9.3339259799777157        8.4186623970823593        19.748612962464779        3.0000000000000000                1
   5.0239200292271358        10.445475271172391        3.1292497037265261        3.0000000000000000                1
   8.9815170403078692        7.6931097734706553        15.733206339878238        3.0000000000000000                1
   8.1555710395541556        12.467559806947662        39.288840689355190        3.0000000000000000                1
   6.0928234977172222        11.584618548045915        17.757854323065249        3.0000000000000000                1
   9.4920291502336234        8.6026041593880684        29.959308289123491        3.0000000000000000                1
   11.493212305910077        6.0886804870218425        36.728074128920142        3.0000000000000000                1
   4.7959788674612716        9.9012158489702689        13.381808125762571        3.0000000000000000                1
   12.219041291406151        9.6364439546424361        25.573857284576587        3.0000000000000000                1
   10.379695499264797        5.0936048241900274        9.7449458228844801        3.0000000000000000                1
   9.9496267997848200        12.220333774275041        33.124777461078345        3.0000000000000000                1
   12.235345069035843        7.2205231467084410        10.927937212949312        3.0000000000000000                1
   7.0467322890145372        4.7925457171063908        9.5539896127673956        3.0000000000000000                1
   6.4765254776972521        5.0923734541863732        19.659490290414148        3.0000000000000000                1
   7.7300145944587282        7.9010742604287909        19.911597977939905        3.0000000000000000                1
   11.770755525567617        6.3833742932719666        39.812472272287941        3.0000000000000000                1
   12.276397405334107        8.5001281776574693        1.9532613984857183        3.0000000000000000                1
   6.2840220879898734        5.4670095322087766        28.580103592552810        3.0000000000000000                1
   4.7228523300423451        7.2198614593101418       0.28472170916616080        3.0000000000000000                1
   7.6043804357742655        8.1659491616722200        4.0311677450649590        3.0000000000000000                1
   12.415346244677655        8.0550870789241777        5.9342392108726285        3.0000000000000000                1
   4.5268199574575725        8.4623292438386351        25.464555135204627        3.0000000000000000                1
   7.8693825849787080        12.211643451352602        6.3039827319182615        3.0000000000000000                1
   7.9905338251494262        7.6364452632354727        18.862831264163823        3.0000000000000000                1
   12.194962763513249        8.0634995961742746        17.187373437229184        3.0000000000000000                1
   7.5286287679365680        8.9037902756738081        4.8529408965379455        3.0000000000000000                1
   8.6346189524612758        4.6102263812262843        1.6220058301597278        3.0000000000000000                1
   8.4303799230216576        8.7495028914242585        16.003375624682143        3.0000000000000000                1
   4.8961091698661621        9.2147039073106001        28.430207380223276        3.0000000000000000                1
   8.6827278500159899        12.493974882256344        24.181619441094337        3.0000000000000000                1
   4.9563452844706521        10.180554366482006        38.947843771627390        3.0000000000000000                1
   12.278364024570651        9.7863689861730876        9.0122425004596671        3.0000000000000000                1
   4.6346790568269176        7.6041371095887023        13.332871657054650        3.0000000000000000                1
   4.6447124687040304        7.7884067185697807        24.429552128386078        3.0000000000000000                1
   7.3975120823957878        12.342642539207228        31.133056894292498        3.0000000000000000                1
   4.6280950531955147        7.6600642705169912        4.1832490954549861        3.0000000000000000                1
   11.218244656701112        11.222543259951538        17.731091001148737        3.0000000000000000                1
   5.0597085243732920        6.6842778079959055        24.423187676671777        3.0000000000000000                1
   10.932464015037327        5.3942943796791187        8.7923590784083210        3.0000000000000000                1
   8.2152780821489397        12.412431883972587        25.165066805636538        3.0000000000000000                1
   6.7084309354928147        12.040289604080789        21.083766513885077        3.0000000000000000                1
   4.5417162197402305        7.9665669058861761        34.073992419762547        3.0000000000000000                1
   5.7760149227354400        5.6382293326736814        29.662305313782788        3.0000000000000000                1
   8.5339907964912349        8.4889706197250376        36.861552341197708        3.0000000000000000                1
   9.0290166263156575        4.5574920157278269        35.381464449474549        3.0000000000000000                1
   11.840999794619679        6.3309388504787432        25.262730238494914        3.0000000000000000                1
   7.9677197353688411        12.403578399558398        8.3562140912025988        3.0000000000000000                1
   9.2792367657074681        4.6811692254320230        20.810647039332338        3.0000000000000000                1
   8.4160876583636153        8.5412878600246422        22.992729820914128        3.0000000000000000                1
   7.7564109291424055        9.3576596849339637        3.9412175239182314        3.0000000000000000                1
   12.300083522978644        9.4879804880639629        34.824088804347049        3.0000000000000000                1
   6.9171942708307084        5.0000835122763521        27.699964372371859        3.0000000000000000                1
   5.4471582279056481        6.0603305431750520        12.494238555227879        3.0000000000000000                1
   7.3524258464523831        12.325221648624508       0.39370704046298655        3.0000000000000000                1
   4.9783770420743192        6.6968111646694606        37.283826840503032        3.0000000000000000                1
   12.277182639198603        9.3696534768238244        6.0295207933820612        3.0000000000000000                1
   11.338925546564072        5.7555298095088467        2.7300605361663806        3.0000000000000000                1
   7.6475761448688742        8.8325439262429093        22.362224162998437        3.0000000000000000                1
   8.6810445045475877        12.361114659710170       0.19503079194864381        3.0000000000000000                1
   8.5854095166757070        7.6604254362699145        12.291430918659426        3.0000000000000000                1
   11.522478492069494        11.061080045115595        16.718813805215749        3.0000000000000000                1
   4.7394787149399304        7.1940924286008450        16.441403380777530        3.0000000000000000                1
   10.839070371290141        11.705630521516591        30.947244592214641        3.0000000000000000                1
   10.389751004155922        4.9922183733548602        21.050114329952500        3.0000000000000000                1
   7.4338567553299670        8.6700006896208262        16.070302114843710        3.0000000000000000                1
   4.6106642987741058        8.5839045453992622        36.390672709532190        3.0000000000000000                1
   4.5343763347932011        8.8936535663906131        24.383254352209587        3.0000000000000000                1
   6.6994762337390075        4.9524490097082969        15.588677562794057        3.0000000000000000                1
   4.5798385692117254        8.7504691325346826        20.374312788062205        3.0000000000000000                1
   6.4992361750441905        11.709060134938062        35.432229276038434        3.0000000000000000                1
   8.0815198212785901        9.3779365810835884       0.42989195408320041        3.0000000000000000                1
   8.5278869100844386        8.3895388229599686       0.41313608785317024        3.0000000000000000                1
   6.1221793365798538        11.714510571339270        27.310366732580707        3.0000000000000000                1
   5.5126749144862339        8.7373153528404668        27.422258115144636        3.0000000000000000                1
   8.1469710209651609        12.447563217225580        32.180832006334569        3.0000000000000000                1
   12.026438968543227        10.340929051020813        38.914231966845456        3.0000000000000000                1
   4.8322091019539899        6.9176560550897550        19.526579442284895        3.0000000000000000                1
   8.4416407218522078        8.5010771368525582        26.507980613517265        3.0000000000000000                1
   8.1840366182746873        12.450567192922875        11.369914929430280        3.0000000000000000                1
   10.096762503540996        12.080106538610108        35.024140092901526        3.0000000000000000                1
   7.3142153228810605        4.7830585173028011        34.536762011646800        3.0000000000000000                1
   7.6835153228909361        4.6313821006197724        4.5218501904069264        3.0000000000000000                1
   12.487038993891613        8.7155917687580455        37.977969442784577        3.0000000000000000                1
   12.129674589563285        7.2787830813953329        20.179000698345543        3.0000000000000000                1
   4.8482518566745592        7.4584918725087963        39.231358336421366        3.0000000000000000                1
   5.1470936647470422        6.4301262705844033        20.535175475091819        3.0000000000000000                1
   11.471178968385789        11.109211330414798        26.851239620307908        3.0000000000000000                1
   9.1405062234840351        12.417323842111967        17.989758916444522        3.0000000000000000                1
   9.5211968640202187        12.339516543651543        27.094351924584611        3.0000000000000000                1
   9.6458105492118129        4.6726049203703628        28.941863191868539        3.0000000000000000                1
   8.2212793978662049        4.5222745880035120        31.047975424964690        3.0000000000000000                1
   7.4873216096899791        8.1334146587982854        26.489892273545838        3.0000000000000000                1
   9.2192960451374404        12.394232826932003        39.255763207015463        3.0000000000000000                1
   10.749418921508203        5.3485378535723331        12.784956549260656        3.0000000000000000                1
   8.7164086608266107        12.476039561495071        16.580190619926899        3.0000000000000000                1
   12.068241466574628        6.8412280321662893       0.73604482419806061        3.0000000000000000                1
   9.7720876564304042        4.7975162644510583        1.6440133292920576        3.0000000000000000                1
   4.7204357882155845        7.4724155848338958        33.218165425455204        3.0000000000000000                1
   7.8030331009762932        9.2064658059564373        36.611128237569766        3.0000000000000000                1
   11.170060403273959        11.455838416070918        6.2100598803961997        3.0000000000000000                1
   7.1942666768997938        12.272369451927318        29.052538936738436        3.0000000000000000                1
   11.442058379381939        11.056368172483976        10.038467077187693        3.0000000000000000                1
   5.7251964244846159        5.6384591274787557        15.520034059850957        3.0000000000000000                1
   11.225457455770391        6.0787332389834203        38.712267270944245        3.0000000000000000                1
   11.322434572754675        5.6758153965599449        28.215630229457652        3.0000000000000000                1
   11.187774789134769        5.5937305130665260        21.153067588842497        3.0000000000000000                1
   10.105793894581709        4.8520477282747629        17.849969303073237        3.0000000000000000                1
   5.2509148694259924        6.1932535082960971        5.4044344243908231        3.0000000000000000                1
   9.3595509472714227        4.5940988526173250        25.881676122656444        3.0000000000000000                1
   5.2319690900887892        6.8442454699286861        6.4382980405963961        3.0000000000000000                1
   10.738203350659424        5.2650255601881764        14.826741096243284        3.0000000000000000                1
   12.052566567424584        10.328421914244288        31.797451203363210        3.0000000000000000                1
   8.7268145245864996        7.5293891613058861        7.6427406212330657        3.0000000000000000                1
   8.8304086090595693        9.3703978574428017        29.818489821476280        3.0000000000000000                1
   8.0254548546355480        4.7224756439505500        27.898548040339282        3.0000000000000000                1
   11.634618620196473        6.0480683656053316        3.8025359959248468        3.0000000000000000                1
   8.1094146918463519        9.4551589214905096        33.586960705514358        3.0000000000000000                1
   12.476833132935161        8.7169228400299836        14.149538538418795        3.0000000000000000                1
   11.940157339877247        6.9036545289200149        9.8556580625510879        3.0000000000000000                1
   8.8400552804694748        7.5434486158204317        22.902542076459394        3.0000000000000000                1
   9.9546104252166021        4.8555350083870135        8.7702510678718966        3.0000000000000000                1
   9.0301360429526749        9.2683652836770793        12.271792489949853        3.0000000000000000                1
   8.3797578432873063        12.472824574699011        22.102597941337837        3.0000000000000000                1
   9.2784914566905812        8.6509610662121457        25.964252511993724        3.0000000000000000                1
   6.3849764430586431        5.1093950641460646        26.662240140217691        3.0000000000000000                1
   9.6721154248764414        12.252054815648869        24.050405523967889        3.0000000000000000                1
   12.402533048095213        7.7751410246317816        2.9446954727012038        3.0000000000000000                1
   5.3278931950138659        6.0731153835991600        23.601372590985118        3.0000000000000000                1
   4.7327852158130073        9.6112134380969767        27.302500981419264        3.0000000000000000                1
   8.8379362549138438        12.431241883916435        26.029574620179904        3.0000000000000000                1
   5.6680849364606001        11.003966506309260        24.299087953232426        3.0000000000000000                1
   4.6679722523623948        8.0628801082136530        10.299869403250847        3.0000000000000000                1
   7.8643042793866842        4.6470280045409806        22.762032763401596        3.0000000000000000                1
   12.164804085080885        7.1707342135334304        22.316758364676392        3.0000000000000000                1
   10.506377753737100        5.0772584757141912        7.7501425069422876        3.0000000000000000                1
   4.7598483828366174        7.1056762442532380        3.3057657495725379        3.0000000000000000                1
   8.5605341261987142        4.6009897121071495        28.779902172263942        3.0000000000000000                1
   8.4687231223757813        8.5884340464083238        19.082765613508254        3.0000000000000000                1
   4.6351422229505106        9.5138011257870829        14.357785145305488        3.0000000000000000                1
   12.445581499549297        8.0029398179439344        19.236234795369995        3.0000000000000000                1
   11.566093906082793        6.0757498741960037        22.236007491014078        3.0000000000000000                1
   11.885640983919732        10.429339911721305        17.437254837827801        3.0000000000000000                1
   11.603191552300666        10.878149961806335        30.926460320310980        3.0000000000000000                1
   7.0918451562491835        12.230952182960618        34.335155194017922        3.0000000000000000                1
   11.647505134003458        10.873710061189495        23.722303060302917        3.0000000000000000                1
   4.7678248217323178        7.2317739360587279        23.557403073653362        3.0000000000000000                1
   7.5892083956521379        4.6943207698107603        1.5109537804185231        3.0000000000000000                1
   8.7681454141146062        7.3866241040094014       0.45328678088683866        3.0000000000000000                1
   11.001168230690009        11.586188495423723        20.748767054469663        3.0000000000000000                1
   5.7302911640427219        5.8129642572593250        24.568844858887832        3.0000000000000000                1
   4.9530838548684395        7.1414463150689809        32.298475437682256        3.0000000000000000                1
   9.1034196536342229        7.6052255402825795        29.940780591756077        3.0000000000000000                1
   12.337542972363941        9.4221458957383195        13.111495980366753        3.0000000000000000                1
   12.336589014607780        9.2513616945922870        24.524811995629207        3.0000000000000000                1
   12.227292150518961        7.2198893140242193        27.407715033587060        3.0000000000000000                1
   12.368617936644947        7.8680872644334015        10.033165862473529        3.0000000000000000                1
   12.262459590436972        7.3006724438248467        8.9159222757201579        3.0000000000000000                1
   12.185314988037284        7.0411506535014787        31.930123827277736        3.0000000000000000                1
   11.594392267891251        11.019407174183883        5.2231995288240878        3.0000000000000000                1
   8.4667693963407498        12.441640284111681        36.168209463528356        3.0000000000000000                1
   6.7006822890682818        5.0037182241949463        6.5796990951248899        3.0000000000000000                1
   12.346717959917832        9.4436966295669542        27.593500086709760        3.0000000000000000                1
   11.117799132048349        5.5025867855816140        15.865712757112378        3.0000000000000000                1
   7.8941879613299841        7.6511841706473245        11.534297186148066        3.0000000000000000                1
   4.7961956379483119        9.8688669109085012        20.288068986482131        3.0000000000000000                1
   9.1557731828600097        12.377275336678727        11.649923768433197        3.0000000000000000                1
   5.0951602509869227        10.535901443380384        23.229551601015352        3.0000000000000000                1
   11.826902130929794        10.715024849420198        9.0844748850986772        3.0000000000000000                1
   7.9590946676751528        7.7880172129293612        1.0406968974782342        3.0000000000000000                1
   8.8804859693086549        7.3779195482937086        33.322635221499141        3.0000000000000000                1
   4.8555598014827464        10.104500486064918        31.596953646506947        3.0000000000000000                1
   8.0379286745259328        4.6389266292327580        11.634866255593414        3.0000000000000000                1
   7.4743796058837537        8.6145802511109917        12.049088851666911        3.0000000000000000                1
   10.613221750398866        11.839003271054867        15.741963835544071        3.0000000000000000                1
   9.2259963623474750        12.364644593910670        32.120160082592449        3.0000000000000000                1
   7.2738843734009322        4.8925625162511759        38.490323571383257        3.0000000000000000                1
   10.133324586374279        4.8642271472651784        39.473646471792968        3.0000000000000000                1
   7.6999729344664205        8.0630228094798237        29.515404921893179        3.0000000000000000                1
