     1000000
           1
  0.10000000149011612     
   3.7889942096238243        4.7765516896328135        24.673806454365639        1.5000000000000000                1
   2.3715528675401036        4.3189538156452496        12.576512031627672        1.5000000000000000                1
   4.5114070171903897        4.5009639263093071        13.333431566374664        1.5000000000000000                1
   4.1478576871582247        2.3284232746871343        26.381032233395125        1.5000000000000000                1
   3.1012190707240292        2.8317722310664011        30.026653694080874        1.5000000000000000                1
   3.9132211827355605        5.0771231235385219        9.1626537547061098        1.5000000000000000                1
   3.7753669495856919        2.5660253853596355        17.262829419138406        1.5000000000000000                1
   2.6831397764411911        4.1412308138966516       0.12714892600592265        1.5000000000000000                1
   2.9810926099238566        4.2113922402489283        14.489060338806638        1.5000000000000000                1
   2.6690276068013494        2.8680158282938821        11.821895524303615        1.5000000000000000                1
   4.9692772528735576        3.8857177183150742        24.141897427277883        1.5000000000000000                1
   4.4844642789271054        4.6939006197461994        27.163271062002423        1.5000000000000000                1
   2.4866888898329158        2.9702844563748649        39.090705145066508        1.5000000000000000                1
   4.7306697535025464        4.5873927898307052        36.178990195787101        1.5000000000000000                1
   3.4082713492108185        2.8176716062054625        35.337808004638326        1.5000000000000000                1
   2.9194718744103474        2.5288913753245410        23.162818592241315        1.5000000000000000                1
   2.8075866007294015        4.8714109007416173        25.929274225240370        1.5000000000000000                1
   4.0249543556053196        3.2376121369603168        19.294323525113867        1.5000000000000000                1
   3.5242022780872317        5.1410837279790398        31.508858670533236        1.5000000000000000                1
   4.4234820410128135        4.6580554681943047        17.201246733872821        1.5000000000000000                1
   2.3472534751438059        4.2263335154133168        4.7335933417215879        1.5000000000000000                1
   5.0647256842582502        4.1025400996294996        9.2601823305812445        1.5000000000000000                1
   3.9096952484629512        2.2780118992006027        12.754129559741642        1.5000000000000000                1
   2.9378673378218467        4.4443328311219963        21.833676690233766        1.5000000000000000                1
   2.6537930074372125        2.7751216692053537        18.312796409084786        1.5000000000000000                1
   2.9297191031183112        4.9195288980036018        3.4557660021389176        1.5000000000000000                1
   2.7769665608456520        2.7804937369419829        8.3323539681012324        1.5000000000000000                1
   2.3473439326368193        3.9279607306273365        24.075680617857401        1.5000000000000000                1
   4.3450274497610453        4.5093930249857825        22.552994772252870        1.5000000000000000                1
   3.1266139660798018        3.3044117485151068        5.8394043787630014        1.5000000000000000                1
   2.5079629711386047        4.1472250608552885        32.561277152301656        1.5000000000000000                1
   2.7034047044184524        4.3850068164763183        10.881738933388926        1.5000000000000000                1
   3.2398317427750465        4.7216638849551451        6.4892341166411347        1.5000000000000000                1
   4.8414178976161066        4.3855951373194388        15.178698695216616        1.5000000000000000                1
   4.6421186475306602        3.9931283888274991        38.373511387564754        1.5000000000000000                1
   4.1293134435659651        5.1220914317912429        18.840675191515395        1.5000000000000000                1
   4.5046324432890970        4.5489670848123200        7.5951735902192405        1.5000000000000000                1
   4.3159084650634369        2.8668410095824726        8.4018167111341864        1.5000000000000000                1
   2.6355991421335450        3.5696150239667168        27.648408583254586        1.5000000000000000                1
   4.7223394360301789        3.1536618461298009        6.5067856337669285        1.5000000000000000                1
   4.8902910602453042        2.8975596945023088        36.087020061657782        1.5000000000000000                1
   5.2408758548322565        3.7768590903133052        11.913174589016798        1.5000000000000000                1
   2.6817451087796904        3.1798398790446774        26.052336065466800        1.5000000000000000                1
   4.9839459866466980        3.0765798944866400        32.069702729246018        1.5000000000000000                1
   4.6143756008198569        2.6870351682757452        14.635615380999877        1.5000000000000000                1
   3.0309705621477625        4.1565679167636578        35.942358025101527        1.5000000000000000                1
   2.6029829250993624        3.0752935651314441        9.9428940799562167        1.5000000000000000                1
   5.0618089397663777        3.2675848014471716        16.331551683382209        1.5000000000000000                1
   4.2595800149114149        4.2108139307195245        5.0476448223397590        1.5000000000000000                1
   5.0254502977043467        3.9939534192766089        28.649826123457906        1.5000000000000000                1
   3.5104196005847652        2.6052513907892161        24.737555316293360        1.5000000000000000                1
   3.4729566961569027        2.8028514527057480        20.989658033025339        1.5000000000000000                1
   3.1404204767534614        4.9872441713117652        28.186239646532002        1.5000000000000000                1
   4.7930856904164667        4.5760091893881505        30.709033559603579        1.5000000000000000                1
   4.6504219573599839        3.6783946889530541        25.760819805400420        1.5000000000000000                1
   3.6928596194245342        2.2829646451511882        31.464428537613660        1.5000000000000000                1
   4.6793803084316012        2.9174677236807969       0.18236565280326200        1.5000000000000000                1
   2.9793265360499528        4.7936102487764227        17.703766884351364        1.5000000000000000                1
   3.7666481634993731        4.9794397522900686        11.949040324855364        1.5000000000000000                1
   4.3057854408878518        2.4052046321546765        28.550515756548222        1.5000000000000000                1
   4.8462243568039405        3.8416205844287536        2.3266056424771584        1.5000000000000000                1
   3.3240380205693518        5.1674204310206182        38.840879585340240        1.5000000000000000                1
   4.7651135288661441        4.6231344958730309        21.058247155124949        1.5000000000000000                1
   3.3627756584467314        2.4678870262677899        37.522084358022944        1.5000000000000000                1
   2.3786828302765985        4.0633342818163971        20.204376037065696        1.5000000000000000                1
   4.2747877316032534        2.5778310666488444        10.478118811408041        1.5000000000000000                1
   2.7031363749911850        4.0005264830346299        1.9146535790304993        1.5000000000000000                1
   4.7831709075737114        2.7999304242475476        22.032951244472997        1.5000000000000000                1
   4.4876662850237352        4.5888074962899923        32.914003880728750        1.5000000000000000                1
   4.3942199670078486        4.8527074117220774       0.95366402208522261        1.5000000000000000                1
   4.9471887061639030        4.5846372767176380        34.397457668250745        1.5000000000000000                1
   4.0401536664432234        5.2165390313293045        2.3745548482396752        1.5000000000000000                1
   4.9119354134906716        3.0476512318925186        34.105843297483993        1.5000000000000000                1
   3.5351902019380166        2.4953116251959728        1.6906127272653064        1.5000000000000000                1
   2.2870599097561266        3.5232065197517834        37.601726551878059        1.5000000000000000                1
   3.1417458167181422        2.5920178109735215        14.123832831712997        1.5000000000000000                1
   4.2783906390773945        4.0724375172746052        10.780540802521802        1.5000000000000000                1
   2.3739685932574965        4.3470977192821243        8.7288594763938665        1.5000000000000000                1
   5.1453983336325884        3.2671302867840328        27.229767100039393        1.5000000000000000                1
   5.0210721615698528        3.3777761002840223        4.0241210320757670        1.5000000000000000                1
   3.4212140015579293        4.2789633227485213        16.099365266096175        1.5000000000000000                1
   4.4072619510906650        2.4999905899948107        38.680321631037089        1.5000000000000000                1
   3.5832395273662372        3.2098188383008006        3.0761339051317118        1.5000000000000000                1
   3.3952047463412374        4.9567007057530530        29.870059511049742        1.5000000000000000                1
