     1000000
           1
  0.10000000149011612     
   8.3737181678081782        7.0871469929142963        36.102542984436816        3.0000000000000000                1
   8.3370571365182045        5.7468737561232492        12.351981113649531        3.0000000000000000                1
   8.3871212340250594        7.0452946260286629        4.3014369890199209        3.0000000000000000                1
   4.5571786567493513        6.3642701577936984        8.1631910433560169        3.0000000000000000                1
   5.1540873822659297        7.9582919968569845        24.729250877107145        3.0000000000000000                1
   5.8207112079890191        8.3592747873963624        38.999620870610279        3.0000000000000000                1
   7.8869939959472060        5.2144662913849666        20.215041638151149        3.0000000000000000                1
   7.3338492917056497        8.3038559350867853        30.699010560242368        3.0000000000000000                1
   6.5023818979647769        8.4932473405413162        12.699099105248582        3.0000000000000000                1
   4.5477712667303418        6.3004584938372004        25.983263021650558        3.0000000000000000                1
   8.0815587539200866        5.3541045725744985        37.185481703027754        3.0000000000000000                1
   5.5160483345583460        4.7653603513899796        26.907742750328758        3.0000000000000000                1
   4.5047738391484184        6.4474891095889859        9.3670377552325537        3.0000000000000000                1
   4.8461521034372410        7.6147540457385636        27.716385799258234        3.0000000000000000                1
   4.6753731186506027        7.2793312583505303        23.788620462921013        3.0000000000000000                1
   7.5427488203723092        4.8186740757536102        3.4196146112752834        3.0000000000000000                1
   8.4387284770012414        6.8303936850187803        38.623522733725004        3.0000000000000000                1
   7.5068087963360473        8.2162060928584850        17.594944081000317        3.0000000000000000                1
   4.8640160635465763        5.4447496063902623        15.958545830112229        3.0000000000000000                1
   4.7973941557427668        7.3815558815363804        1.7209732761568268        3.0000000000000000                1
   4.8496453049578747        7.5977160461251056        35.954523420993887        3.0000000000000000                1
   7.7656152975822303        8.0117047407737374        34.261352267114916        3.0000000000000000                1
   4.6107113051617201        5.9224426561397481        14.967672859474972        3.0000000000000000                1
   5.8818891232217316        8.3795468782982034        20.723684529649756        3.0000000000000000                1
   7.2618082980249046        8.3468367470415501        36.277750341522825        3.0000000000000000                1
   7.3278214620293340        8.3201490076463465        37.582194604141456        3.0000000000000000                1
   7.4317452398763884        4.7657727571957409        36.477459275167469        3.0000000000000000                1
   8.4615844372876996        6.4271124030470581        18.345691283968165        3.0000000000000000                1
   4.5760304063004957        7.0042655508309526        12.916954149934746        3.0000000000000000                1
   7.9279307007884192        5.1420187857032849        27.187970120738193        3.0000000000000000                1
   4.5939418800520748        7.0147753979467824        12.891039681165433        3.0000000000000000                1
   8.4377054505254119        6.0542168865057464        15.366675100689639        3.0000000000000000                1
   5.8556987866683663        4.6113835880316776        35.008120364314408        3.0000000000000000                1
   6.5042897896740319        8.4687221659181606        36.953933591719789        3.0000000000000000                1
   7.3071406378570352        8.3289441363651679        4.5509542976291959        3.0000000000000000                1
   7.8644638904359034        7.9369014364983439        14.530663796315238        3.0000000000000000                1
   8.4280866541776032        6.1901029827664695        36.612663135303947        3.0000000000000000                1
   5.4959538107889827        4.8125649149135494        20.049107431983170        3.0000000000000000                1
   6.9463948465215459        4.5554948430971569        11.158941271793788        3.0000000000000000                1
   4.8907952624032633        5.3161703377073337        6.2818367049107602        3.0000000000000000                1
   7.5585328261296487        4.8742152656749598        10.369988719797981        3.0000000000000000                1
   6.0195084908773850        4.6125685187859728        23.073706365215447        3.0000000000000000                1
   5.9464419160470481        8.3888502057747711        33.378291062497397        3.0000000000000000                1
   7.9438003613131496        7.8269078052562229        3.8208489573936695        3.0000000000000000                1
   5.2905319501862076        8.0177967524498612       0.97852755828159244        3.0000000000000000                1
   4.5320783364462800        6.1593865643678543        6.8813932835353562        3.0000000000000000                1
   4.7822056957734187        5.6054380694111678       0.53231181542612982        3.0000000000000000                1
   8.3097095147655526        5.6553916929887356        8.5462340072563840        3.0000000000000000                1
   8.2113809760252714        7.5111337216156215        20.426766458186385        3.0000000000000000                1
   4.5673292542298389        6.8884329248435856        4.9116494804096638        3.0000000000000000                1
   4.5762062816196405        6.0073042992800021        29.020475683960203        3.0000000000000000                1
   8.3294542539357206        5.7891127261142712       0.43850018435753846        3.0000000000000000                1
   4.9748233066226684        5.2482922706443675        36.880718290760107        3.0000000000000000                1
   8.3925884445516292        6.9146098563004017        30.356710747303453        3.0000000000000000                1
   7.0929828905590986        4.6167891798730274        16.155388960431051        3.0000000000000000                1
   5.6425006618605744        4.7313114581313593        30.534903106747922        3.0000000000000000                1
   5.8983517632995346        8.3939685481020216        13.648438724475614        3.0000000000000000                1
   5.0237674110760917        7.7859766906775754        15.806119034757611        3.0000000000000000                1
   4.5599975172288429        6.0841364441689532        23.834199241854968        3.0000000000000000                1
   4.5532725858931489        6.1394465532967333        18.918851092601532        3.0000000000000000                1
   7.5314853625787785        4.8361833347173500        17.191384642919992        3.0000000000000000                1
   4.6501775860260048        5.9011394256974476        28.970861616799034        3.0000000000000000                1
   7.3494331768967038        8.2950993393897718        27.556030549895205        3.0000000000000000                1
   4.6417573905563536        7.1360393256698620        32.204089746889053        3.0000000000000000                1
   7.9402883011504155        5.1418933175326371        31.533936160742691        3.0000000000000000                1
   7.8361520293269624        7.9622814680987926        14.517711016358364        3.0000000000000000                1
   5.6685613338684879        8.2895221923562961        30.774911507158428        3.0000000000000000                1
   6.3686605333746442        4.5418381483735990        6.5033880497729895        3.0000000000000000                1
   8.3469383432183673        5.8339983774253668        7.3564285378079459        3.0000000000000000                1
   4.9265495423816912        5.2757711879323654        13.917300363464893        3.0000000000000000                1
   5.4745355381478804        4.8156955834810660        6.9790453511193640        3.0000000000000000                1
   5.7556337848750720        8.3412105504791825        32.032735567055433        3.0000000000000000                1
   4.7558429107569324        5.5416947982632205       0.55987049781272968        3.0000000000000000                1
   4.6267121777221636        5.8841182318052931        36.151611877030646        3.0000000000000000                1
   5.4448345249720429        8.1976295061650806        14.745244656994899        3.0000000000000000                1
   4.9259204581376794        5.3415149060155027        6.3128544975827054        3.0000000000000000                1
   7.5072024931978492        8.2236721967532667        24.523693251278598        3.0000000000000000                1
   6.6666445910289500        4.5323429025572803        3.9880999060466622        3.0000000000000000                1
   5.6528786276307539        4.7013312324478429        30.566874923926456        3.0000000000000000                1
   4.6911049197456478        7.3383221327715118        9.9036044063650817        3.0000000000000000                1
   8.4495488866929094        6.8863262898775561        12.479965941664179        3.0000000000000000                1
   8.4900932549967774        6.5566752928464114        34.181082365692092        3.0000000000000000                1
   5.3067122106261788        8.0747234909270009        2.2373484216104016        3.0000000000000000                1
   8.2375884845986924        7.3456736328083254        33.574499023054749        3.0000000000000000                1
   4.6641131764924300        5.7548273709763595        10.160238525987850        3.0000000000000000                1
   8.1033898072552901        5.3268007919283766        28.362832469263456        3.0000000000000000                1
   4.5306452472097867        6.7946731713032875        3.6946911760307417        3.0000000000000000                1
   5.3443302354501672        4.9018856978597718        15.038744273415443        3.0000000000000000                1
   5.3101531228511316        8.0990193920220399        12.798755772415646        3.0000000000000000                1
   4.6109030343622930        7.0072938129993503        6.1349921924679851        3.0000000000000000                1
   8.2433819500317735        5.5237283521852216        2.9111243392286452        3.0000000000000000                1
   4.5771009192185623        6.2088246978865529        38.659387916384205        3.0000000000000000                1
   7.5327500835950776        4.7903088922425425        26.073014678340716        3.0000000000000000                1
   8.0264722681985141        5.2316845184516962        5.3803066080490396        3.0000000000000000                1
   7.2883912116053908        4.6984351379780014        5.8909598875897204        3.0000000000000000                1
   4.6088492248292443        6.9891860743213385        37.842474302876887        3.0000000000000000                1
   8.3067047257611115        7.3107441154351589        22.411711600220372        3.0000000000000000                1
   4.5196220888459457        6.4239380060945708        13.730159442666871        3.0000000000000000                1
   7.6459132409089259        8.1364384491464499        19.537821343973537        3.0000000000000000                1
   8.1000456245447641        5.3210545839148988        25.176486574549099        3.0000000000000000                1
   4.8381849925884088        7.5713956871793036        27.762093770349146        3.0000000000000000                1
   5.1409185656261824        7.9539220438087979        24.740636825408156        3.0000000000000000                1
   8.2531308998343782        7.4509692479126981        32.432590737923825        3.0000000000000000                1
   4.7830589146885911        7.5212652240841926        11.874770883243540        3.0000000000000000                1
   8.1336917349102293        7.5706208866945266        7.4680836732983833        3.0000000000000000                1
   5.7767550614443151        8.2772626565172853        11.715778301259554        3.0000000000000000                1
   7.3451236778082158        8.3076777711859613        30.721717002358258        3.0000000000000000                1
   5.4698378043026175        4.8176712335000840        20.055857171616463        3.0000000000000000                1
   4.5633721478683196        6.9475094565580369        19.872573320385069        3.0000000000000000                1
   4.7933528768089442        5.7073988530525188        1.8314691104838394        3.0000000000000000                1
   6.1958454894840100        4.5619221429598742        19.021628447747094        3.0000000000000000                1
   6.9350486524918002        8.4433299382411811        25.621109306176066        3.0000000000000000                1
   7.6804605537953732        8.0924299184236705        33.024314541523879        3.0000000000000000                1
   4.6957208203911547        7.3277896021735103        16.874795651058236        3.0000000000000000                1
   6.0429584374321310        4.5713323372605057        33.804371697927614        3.0000000000000000                1
   5.0408372806487840        5.1713294461295556        18.986485732257044        3.0000000000000000                1
   5.0238154806901871        7.7737462753621003        22.754579871187399        3.0000000000000000                1
   7.9338820996891206        7.8465514244906505        16.565689406331025        3.0000000000000000                1
   8.4642276978253648        6.3255968305359671        35.393242477033169        3.0000000000000000                1
   7.9829330706860215        7.8365979026322297        36.876017587961201        3.0000000000000000                1
   4.8392730158162003        7.5802124952691248        29.138998662368337        3.0000000000000000                1
   4.5101409347611368        6.6426890654841380        35.393631052985789        3.0000000000000000                1
   4.6568923300187519        7.2614991393015842        33.427326286334633        3.0000000000000000                1
   4.6543410178334828        7.0929567331173278        21.842167977446501        3.0000000000000000                1
   4.5539206140199795        6.1314818750723150        16.870710706915997        3.0000000000000000                1
   7.0243253591877872        8.3787319349910003        11.565255239696793        3.0000000000000000                1
   5.0280423826546459        7.7695983179480610        22.760215852536920        3.0000000000000000                1
   4.6070289450788335        7.0862973438887309        32.173150311630479        3.0000000000000000                1
   4.7598384192931649        7.4211837536033975        34.723754101491970        3.0000000000000000                1
   7.7615074344568251        5.0296355026756618       0.95836371406975329        3.0000000000000000                1
   6.0077445769949600        8.4137160880582904        20.701575557644691        3.0000000000000000                1
   5.0458317069575331        5.1876974761279202        12.049591047061785        3.0000000000000000                1
   7.7789810330272529        7.9672839376724340        28.548293709665433        3.0000000000000000                1
   6.6899954428998338        4.5258668935354525        3.9844404618549936        3.0000000000000000                1
   5.3113669835927375        8.0730976994767065        19.737160150468466        3.0000000000000000                1
   6.9724125356226869        8.4226505413587507        25.620150199268043        3.0000000000000000                1
   5.5095650064843147        8.1809088304897379        36.503120329910253        3.0000000000000000                1
   8.4894674692567573        6.6774543389788423        11.370750781135008        3.0000000000000000                1
   4.8491770983982434        5.3872597255040064        9.0189426054200457        3.0000000000000000                1
   6.8413383188722126        8.3887351973232978       0.78088188034044237        3.0000000000000000                1
   4.6829166994099616        5.6655838315593954        17.964597203916806        3.0000000000000000                1
   6.2371891140764930        8.4331027877293270        35.716719954531797        3.0000000000000000                1
   4.5383231983980865        6.2438723537165064        27.542136535978628        3.0000000000000000                1
   8.4649214214348376        6.2639507660092555        13.405468437339524        3.0000000000000000                1
   8.4701762552224089        6.5173679528845092        25.400133207331351        3.0000000000000000                1
   8.4415529409855523        6.5279940129490841        9.3619255515699535        3.0000000000000000                1
   8.3935813336640859        5.9078327267610025        17.315846882459581        3.0000000000000000                1
   5.1697102137612401        7.9185688731402308        8.0490588649436390        3.0000000000000000                1
   7.7142660097571527        8.0537289677403123        26.478622226113355        3.0000000000000000                1
   8.3541539008858408        7.2179892139140920        29.358333212184331        3.0000000000000000                1
   5.5981922249957403        8.2790625445730761        23.825465386391510        3.0000000000000000                1
   7.8727924909190410        5.0742997503045721        39.686472841685251        3.0000000000000000                1
   8.4320338084036539        6.6598315964207053        23.323849233311552        3.0000000000000000                1
   4.7968543251892743        5.4627940000828676        7.5617151439213659        3.0000000000000000                1
   7.0789584333005493        4.6020086898970876        23.097994131856225        3.0000000000000000                1
   6.9928934213657108        8.4143169966699958        2.0124953147654692        3.0000000000000000                1
   5.0722359646851416        5.1287994079751176        25.915547286658221        3.0000000000000000                1
   4.6659405941729410        5.7714517943314627        1.7666950768578509        3.0000000000000000                1
   8.4451638692147046        6.6625057586571890        16.412316700372539        3.0000000000000000                1
   5.8396887998487168        8.3545136520631420        7.2786799988732493        3.0000000000000000                1
   5.3293835394848834        4.8942619265565526        17.006913228403810        3.0000000000000000                1
   4.9841054670818536        5.2239320275185817        29.825194193061883        3.0000000000000000                1
   4.6094826032094804        7.1173322042599674        21.833284224866329        3.0000000000000000                1
   8.4315737709573888        6.7213863064020121        21.368405576500315        3.0000000000000000                1
   7.3631590209040736        8.3011532917110724        22.559325530855020        3.0000000000000000                1
   8.3440047380836972        5.8206953949516675        19.303812673321033        3.0000000000000000                1
   4.5656473168584482        6.8371056369160490        28.388487906671589        3.0000000000000000                1
   5.1807259267066685        5.0310533598285669        16.999325457729693        3.0000000000000000                1
   4.7042389062040737        7.1617184766521333        7.4594827476528867        3.0000000000000000                1
   8.1868899412354956        7.5312722895114046        13.548558633330055        3.0000000000000000                1
   7.6639181024188696        8.1156958567200093        12.571916024198156        3.0000000000000000                1
   8.0540156658732709        7.7352434122740306        4.9798351377440309        3.0000000000000000                1
   5.5346862989278520        8.2409559525453346        29.548589031017389        3.0000000000000000                1
   7.1395825736037084        8.3730728044736171        20.621432683184366        3.0000000000000000                1
   6.4918711591434342        4.5171022801828764        20.104351068965684        3.0000000000000000                1
   6.1850757773592244        8.4654663106672334        34.514096583134716        3.0000000000000000                1
   7.4470569488317038        4.7681948527478610        4.6413329568855488        3.0000000000000000                1
   5.3959232266842783        8.1502950333241841        35.117526570303625        3.0000000000000000                1
   8.2623962107046989        7.3528246140460913        1.8675784064776211        3.0000000000000000                1
   6.1032438687630375        4.5492729224279289        21.039880948055664        3.0000000000000000                1
   6.4036025042522384        4.5411392383475064        24.045290428019293        3.0000000000000000                1
   8.2501032358704762        7.3228089911418976        15.451888534399711        3.0000000000000000                1
   8.3942667083945377        6.9385063503460263        26.318261345114781        3.0000000000000000                1
   4.5565089604524251        6.9516984820785179        26.802224274796952        3.0000000000000000                1
   8.4442952771360762        6.0337160954177858        4.8940537211544282        3.0000000000000000                1
   7.7089781824670318        4.9271922782849868        33.965329528630647        3.0000000000000000                1
   8.1975415817105581        5.5438373392445301        16.318958184162259        3.0000000000000000                1
   5.4094606159828693        8.1605803001618842        3.4538265406793354        3.0000000000000000                1
   4.5143669000315496        6.6070680602352772        2.3425561159391317        3.0000000000000000                1
   7.8391356913419372        7.9463710979374804        28.586963272220817        3.0000000000000000                1
   8.2990431330268830        7.3484085928407925        8.8000204554748862        3.0000000000000000                1
   4.8672774296869985        7.6396669382186149        4.2094719259090168        3.0000000000000000                1
   7.6200159919842925        4.8682279235753407        24.137589735920884        3.0000000000000000                1
   5.3719052242500887        8.1411096766799975        28.409645598118338        3.0000000000000000                1
   5.2900822061362396        4.9081296389356535        1.3095577395866238        3.0000000000000000                1
   7.5395883179450278        8.1967710881531897        10.637120139675487        3.0000000000000000                1
   8.4973806246286916        6.5268342188365809        28.507405386887243        3.0000000000000000                1
   6.9462940709355259        4.5681092826540448        1.5358897610841753        3.0000000000000000                1
   8.3323945827347927        7.2922916061883285        34.851059534790117        3.0000000000000000                1
   7.5681706577067187        4.8529843479398664        10.367760473996530        3.0000000000000000                1
   6.7999052369263113        8.4735720039269413        23.623565450389453        3.0000000000000000                1
   7.3716078219363901        4.7244004388824612        37.745832687310021        3.0000000000000000                1
   8.1127934963525288        7.5582521537689020        31.098141642638254        3.0000000000000000                1
   4.7202323444151597        5.5958774795952237        33.543785810934956        3.0000000000000000                1
   4.8973585835333786        7.6592440619780024        4.1874556960554639        3.0000000000000000                1
   8.3143050026574432        5.7832443290522839       0.43687616172592253        3.0000000000000000                1
   4.7658965215950655        7.4840204993308239        18.790568167098733        3.0000000000000000                1
   5.1506283786003104        7.9425987402193821        17.778350981120770        3.0000000000000000                1
   6.3921347632316818        4.5380546327705105        31.259709871562997        3.0000000000000000                1
   7.9803217866471492        7.7637674587146686        5.0409188654812596        3.0000000000000000                1
   5.3120557985405084        4.9056344916648973        33.070219747746229        3.0000000000000000                1
   5.1824964759037950        5.0496969489787222        2.5547565374172403        3.0000000000000000                1
   5.0754414260967797        5.1165711655442321        25.954482520172331        3.0000000000000000                1
   4.8270037285823522        5.5018684470761992        39.376775311880479        3.0000000000000000                1
   8.2656962241659766        5.6306407360058364        1.6267368777128386        3.0000000000000000                1
   7.2609580522871777        8.3438818214395987        29.433209544072515        3.0000000000000000                1
   5.1082421246781813        7.9010475049452600        10.759089344045062        3.0000000000000000                1
   7.4782374311388384        4.7690159171461053        36.478657115811956        3.0000000000000000                1
   6.0243132569840112        4.5949521539652531        28.023892462223500        3.0000000000000000                1
   6.1833261736833194        8.4392678764614129        2.7167563674651545        3.0000000000000000                1
   6.4541001704078571        4.5081759778356911        17.074719702612636        3.0000000000000000                1
   4.8527144840000087        5.4558804400865739        15.928642895713299        3.0000000000000000                1
   8.4371502632865525        6.6377773380878136        23.321204508017960        3.0000000000000000                1
   8.0684192580292251        7.6267128687648587        6.1878639071211499        3.0000000000000000                1
   4.5134851333112778        6.6569804271537869        20.846830415071896        3.0000000000000000                1
   6.9807171287309018        8.4181787136501356        18.641814161867163        3.0000000000000000                1
   7.9240880817213180        5.1966774536531926        6.6484154139761982        3.0000000000000000                1
   5.3578040981655963        4.8606812603515985        8.3240493025683655        3.0000000000000000                1
   5.6273812652420805        8.2679854303490163        16.738163732157595        3.0000000000000000                1
   8.2016642827830371        7.4577458778391552        32.403908486821749        3.0000000000000000                1
   4.9454549597430564        5.3491639123283452        20.942886542579732        3.0000000000000000                1
   8.0072915046968323        5.2106741170912603        38.444591363134009        3.0000000000000000                1
   6.6786914202337933        4.5320449786306831        27.180386634562289        3.0000000000000000                1
   6.7589410592992856        4.5847852069284221        2.7169391368918032        3.0000000000000000                1
   4.8002857782596600        7.5447044727718087        25.958138529745355        3.0000000000000000                1
   6.6602197241975443        8.4523763228268667        39.547922474821043        3.0000000000000000                1
   4.5412464373506145        6.7672492952985559        24.851621478207615        3.0000000000000000                1
   4.6515813784646634        5.7567614795191968        19.900245133961786        3.0000000000000000                1
   8.4575500138621322        6.5634031599640990        8.0424911578695895        3.0000000000000000                1
   8.1075097836767149        5.3262580120093945        9.6477055345789111        3.0000000000000000                1
   7.8370993384015968        5.0231682008876302        32.727562688528458        3.0000000000000000                1
   6.6975404231222004        8.4853072546164512        9.6691721276800298        3.0000000000000000                1
   6.7455699356732275        8.3859657423100860        16.651721453352831        3.0000000000000000                1
   8.4594034222123504        6.8004902562371043        5.7040004573596050        3.0000000000000000                1
   7.4814833938088574        8.2243248554129131        7.0067623279088673        3.0000000000000000                1
   4.6706003488947818        7.2528684646903381        8.6479303872747870        3.0000000000000000                1
   4.7927119323796834        5.5077473131050931        22.904881899012409        3.0000000000000000                1
   6.0495880945782616        8.3386262607347685        27.696642709088334        3.0000000000000000                1
   6.4628323788090114        4.5101186094669687        38.253357540376371        3.0000000000000000                1
   4.6748803181491034        5.7224590612436756        12.917516899697008        3.0000000000000000                1
   5.1581346372102104        7.9326067491961352        32.744837330541074        3.0000000000000000                1
   7.9590935633561015        5.1723552127321861        13.333047829466370        3.0000000000000000                1
   5.3169280853634424        4.9466443017136834        1.2818790650445719        3.0000000000000000                1
   6.2544105234660021        8.4563802567520021        24.652059503487425        3.0000000000000000                1
   6.8499684418545526        4.5316386438697673        34.574370477018995        3.0000000000000000                1
   8.4844133605656591        6.5739770610364516        8.0276723510478334        3.0000000000000000                1
   7.9239488020220881        7.9012392784291219        35.591676984175891        3.0000000000000000                1
   4.9260778056897356        7.7319089766896587        20.822922525971723        3.0000000000000000                1
   7.8852444079626958        7.8894256486172569        9.5575645675513208        3.0000000000000000                1
   4.9691738927431057        7.7764658580641131        31.455174066507460        3.0000000000000000                1
   7.6891040378088000        4.9518174664086194        2.1876368398989281        3.0000000000000000                1
   8.3616739550926393        7.2066923938461578        29.368514392205746        3.0000000000000000                1
   4.7351927329159507        7.3145006712111815        23.803028028079073        3.0000000000000000                1
   5.9111901621969727        4.6176412027345020        23.068265948568971        3.0000000000000000                1
   8.3565841360141491        7.1865348541990057        24.360495725332107        3.0000000000000000                1
   4.9400930174751414        5.3417996789522020        20.946126455131864        3.0000000000000000                1
   6.4843842892458241        8.4886206594504294        21.627752912853275        3.0000000000000000                1
   5.4186106752354428        4.8262875348660073        3.0244836596770752E-002   3.0000000000000000                1
   6.6236552037412295        8.3960595203530559        14.643789417574698        3.0000000000000000                1
   8.2658736573225404        5.5646754811090142        14.258688198297779        3.0000000000000000                1
   8.4637502968163449        6.8191522856146047        14.430633138196876        3.0000000000000000                1
   7.5829559050063082        8.1779441637780970        4.7024160534309710E-002   3.0000000000000000                1
   6.9386147755427796        4.6217022025176009        25.007776837285991        3.0000000000000000                1
   8.3998473824505488        6.8137390990762610        14.385579138640784        3.0000000000000000                1
   6.1181194927100950        8.4296911990392775        15.676738272554832        3.0000000000000000                1
   5.1665900976966563        5.1179732879713242        35.562197425855125        3.0000000000000000                1
   6.0867970918480259        8.4515490951020880        22.703543514734697        3.0000000000000000                1
   4.8815383509451218        7.6704714719675628        4.1687873833102609        3.0000000000000000                1
   6.2214228244458898        4.5781698617128272        10.459799411880983        3.0000000000000000                1
   8.2453450652335061        5.5953241890796344        21.283884027863401        3.0000000000000000                1
   5.7618227659714725        4.6670614658432257        36.251952552615165        3.0000000000000000                1
   5.7155891098061034        4.6842391202330615        18.065341911545296        3.0000000000000000                1
   8.1761070908305342        7.5276612778071383        7.5133194830104495        3.0000000000000000                1
   7.1741232890036999        8.3054091324816799        3.3350951883255151        3.0000000000000000                1
   5.0647002666219354        7.8108951069237671        6.7408190445391742        3.0000000000000000                1
   4.7524468661277393        5.6886206988902179        34.831697867901205        3.0000000000000000                1
   8.4801726538072728        6.5398340008046736        1.1069129057064555        3.0000000000000000                1
   5.3218489984113795        4.9646911239484286        1.2964459753043873        3.0000000000000000                1
   7.8175150033067302        7.9711889054554206        2.6063848342628058        3.0000000000000000                1
   4.9364132788618234        7.6752243772636133        30.164670326348574        3.0000000000000000                1
   4.5846313480558747        7.0509841710879133        30.878477482529995        3.0000000000000000                1
   8.4889931817856059        6.5946839619106781        32.946577387546881        3.0000000000000000                1
   4.8437453857968800        7.5781222613084811        29.147699982093684        3.0000000000000000                1
   7.1899995474066545        8.3573656231384224        13.668227718689582        3.0000000000000000                1
   6.7701485213165968        4.5263903399518810        2.7047012312775460        3.0000000000000000                1
   8.4687613451165209        6.7035780764088999        31.645484072526482        3.0000000000000000                1
   7.7445089483514353        8.0453751773336268        26.440921325357813        3.0000000000000000                1
   5.6705421124084392        4.6839272524788633        11.335370705053096        3.0000000000000000                1
   8.0882771109413820        7.7133823574884843        18.468469404299093        3.0000000000000000                1
   5.3608257575520417        8.1289972999211511        35.165320746863181        3.0000000000000000                1
   8.1598074548362316        5.3916229886493712        4.1572245116417914        3.0000000000000000                1
   6.6661827165728740        8.4911376645756480        14.601235297070382        3.0000000000000000                1
   8.3491357693112978        7.2191953053322928        10.508021203625901        3.0000000000000000                1
   6.3836427660157824        8.4755972861197506        17.642868428018179        3.0000000000000000                1
   5.4567341980763331        4.7952438219535107        31.803255531732400        3.0000000000000000                1
   6.3113996944796940        8.4816500712947391        17.712551448965147        3.0000000000000000                1
   8.2469766370130451        5.5498465729066302        14.312176791100692        3.0000000000000000                1
   4.9110906443150126        7.7103360735043065        37.196214734691182        3.0000000000000000                1
   6.0610370093218613        4.5658863547745776        9.0631572352292160        3.0000000000000000                1
   6.5585607931631591        8.4603096227024519        26.671852824874033        3.0000000000000000                1
   6.7559043740705240        8.4372544285812161        32.425845295908410        3.0000000000000000                1
   7.4388550868523575        8.2589756212139207        38.805975513156888        3.0000000000000000                1
   6.7270849212011807        4.5158156601669743        28.813517083802516        3.0000000000000000                1
   8.4356778879519645        6.0078889306164553        24.347269997671543        3.0000000000000000                1
   8.4204966848897698        7.0526544108277953        4.3351862290214527        3.0000000000000000                1
   8.1645063588138544        5.3961153109556310        28.204521572540692        3.0000000000000000                1
   8.3470242812924997        7.1807214204027021        17.442007102901517        3.0000000000000000                1
   7.4565595715294704        8.1668282854165639        38.797665475647499        3.0000000000000000                1
   4.5743492677239939        6.5843199222461841        10.717919614159291        3.0000000000000000                1
   6.0105755129182370        4.5749079377828057        14.077068931431629        3.0000000000000000                1
   5.2810168539139672        4.9244513223076458        23.913012712740077        3.0000000000000000                1
   6.5821910896755584        8.4905860269030669        6.5288064629634048        3.0000000000000000                1
   8.4039050523232124        7.0046990857722049        19.422270536055375        3.0000000000000000                1
   7.8021009126848693        5.0032354689571328        15.238562791736616        3.0000000000000000                1
   7.8522936710334292        5.0964480196916622        39.679373124549748        3.0000000000000000                1
   4.5658548904774339        6.8650106570079448        36.703245675921231        3.0000000000000000                1
   5.9203527145767403        8.4107399424567184       0.28224897577545838        3.0000000000000000                1
   7.2665083394357692        4.6631570174068679        21.130392368791313        3.0000000000000000                1
   7.9587853470287646        7.8649867371557560        30.017791119889601        3.0000000000000000                1
   8.2377169607024303        7.4838899359939148        27.363004428064297        3.0000000000000000                1
   7.7554146441487619        4.9823019286666730        15.220546793734522        3.0000000000000000                1
   4.5021918502174874        6.4955918091771743        34.175722407811193        3.0000000000000000                1
   8.4980869411211337        6.5038666878670579        27.368866643890669        3.0000000000000000                1
   4.9978085216920034        5.2056286921459289        27.916331510516670        3.0000000000000000                1
   5.7697548604825482        4.6956430118189658        4.4883509436707056        3.0000000000000000                1
   6.9366342699308206        4.5518021704524125        25.051839603465300        3.0000000000000000                1
   7.9633354383868822        5.1482824646255416        31.525283035852304        3.0000000000000000                1
   5.2414668304847831        4.9640541140474514        17.035751086686936        3.0000000000000000                1
   4.7067840056753960        5.7028299807283345        12.879785773423189        3.0000000000000000                1
   8.0048882435265671        7.7141183054309757        11.521216898822070        3.0000000000000000                1
   5.8455253171803818        4.6412356966116892        16.013747536861828        3.0000000000000000                1
   8.3058091502573994        7.3576904182402538        8.8005011262885429        3.0000000000000000                1
   6.0567585261439572        4.5839649707175498        33.803004916229874        3.0000000000000000                1
   5.4174609901409347        4.8247574048379045        21.964512013922302        3.0000000000000000                1
   7.1672982457675110        8.3798125781575283        3.3372838857551717        3.0000000000000000                1
   5.9543657361434743        8.3940050016265495        20.736799386512079        3.0000000000000000                1
   7.2624552709677808        4.6644948909686912        30.782097554353399        3.0000000000000000                1
   6.5230571715402368        4.5517600555419131        5.2085276724545446        3.0000000000000000                1
   5.5018248598025243        4.7965238035690207        6.9650413983709578        3.0000000000000000                1
   8.4367326374822245        6.6933437715085677        39.861321671092533        3.0000000000000000                1
   7.5154592815248717        8.2032328782216641        8.4669384648034285        3.0000000000000000                1
   5.5882310356794935        4.7616337622284117        5.7630728637818311        3.0000000000000000                1
   7.0130609693852852        4.5819794138263825        18.129807273495157        3.0000000000000000                1
   7.0963293273972852        5.3801298613579398        30.064835756760090        3.0000000000000000                1
   5.9905655093392873        8.4026723286196159        8.5251446510561486        3.0000000000000000                1
   8.3633334114698261        7.2154706840928045        3.1032423852314230        3.0000000000000000                1
   5.5676365783605322        8.2634901626654464        4.6484791409813830        3.0000000000000000                1
   5.8968238751860840        4.5934940052993856        16.020542366197638        3.0000000000000000                1
   8.0978675180700073        7.6866110829043883        25.516552097220856        3.0000000000000000                1
   6.4864444286571254        4.5282017190404469        15.139335761504014        3.0000000000000000                1
   6.3120545660454486        4.5137593066047286        39.529402349375687        3.0000000000000000                1
   7.3127381551683319        8.3244874691305775        15.604293076421650        3.0000000000000000                1
   6.3228602472616675        4.5443992348286244        12.105032574869162        3.0000000000000000                1
   5.8147713182200125        8.3480399659799076        18.695261311463259        3.0000000000000000                1
   8.0008671669259783        7.8050233902148367        23.442075709176134        3.0000000000000000                1
   8.4478068799630908        6.2033929416241476        36.608362179029363        3.0000000000000000                1
   8.4556793285615832        6.2308996943459558        22.321101209833447        3.0000000000000000                1
   4.5931349582601877        5.9518350177067516        21.957382345948869        3.0000000000000000                1
   5.2853600369453062        4.9457964243287584        9.9781303660774370        3.0000000000000000                1
   5.6867476147991098        8.2836262862529484        37.700662727095363        3.0000000000000000                1
   5.2681555095659149        8.0061813308625247        26.841113650180773        3.0000000000000000                1
   4.9384201502962579        7.7326418580602887        20.814630712978893        3.0000000000000000                1
   6.2223764061364468        4.5365972972033175        7.6875545272907440        3.0000000000000000                1
   8.2168152606990770        7.5146038690861809        27.394108746331348        3.0000000000000000                1
   4.5164678980188491        6.6460055479298203        22.948230162674399        3.0000000000000000                1
   6.3738581551019111        4.5127865867449470        6.4718238086743893        3.0000000000000000                1
   7.1088219143276179        8.3904684679649364        11.583518693026434        3.0000000000000000                1
   8.1377329110668644        5.3810284452424320        35.920753383914530        3.0000000000000000                1
   6.4391835449288726        8.4319499703790566        19.688603164094381        3.0000000000000000                1
   4.9331834025320864        5.2853231163861292        31.102417943981727        3.0000000000000000                1
   6.3814896996917705        8.4846470690832394        19.665006794768445        3.0000000000000000                1
   4.5530758498428137        6.0437693387066549        37.396259727783622        3.0000000000000000                1
   5.2498610894952140        7.9698436912959636        9.1728880681176737        3.0000000000000000                1
   4.6140731741270917        6.9613519941879467        6.1540266437644462        3.0000000000000000                1
   8.2182918408347874        7.4627155414488833       0.59993117943375196        3.0000000000000000                1
   4.7983952340517400        5.4962899275020183        32.342467883204641        3.0000000000000000                1
   6.9030936074789970        8.4399086606204961       0.77873054354140780        3.0000000000000000                1
   6.9073437612877315        8.3517301218670266        33.774012805105528        3.0000000000000000                1
   6.5307418676378175        8.4624882796982757        30.110768715563808        3.0000000000000000                1
   8.2818900429675022        5.5939511668901485        1.6507002689953307        3.0000000000000000                1
   4.5803922646128976        6.2957137037457596        11.885501885382764        3.0000000000000000                1
   8.4781460665290940        6.7718921835945007        14.375752293131178        3.0000000000000000                1
   8.2873553550812744        5.6298861115718797        33.477925561887311        3.0000000000000000                1
   5.3702270065710138        4.8859379356869805        8.2578424875264407        3.0000000000000000                1
   5.0550214017065658        5.1636533722286764        12.044274160321322        3.0000000000000000                1
   6.8084025747830914        8.4572591461871358        7.7141366171275845        3.0000000000000000                1
   6.8566255146456836        4.5514492762662444        9.6793302229734977        3.0000000000000000                1
   6.5934652033509371        8.4946157637316766        38.294046932656421        3.0000000000000000                1
   5.2313821680140045        7.9905845592467744        33.980188726388455        3.0000000000000000                1
   7.8179328016163101        5.0216512708679550        22.155032804713684        3.0000000000000000                1
   7.0740354654371114        8.3958926226199413        11.546874645568552        3.0000000000000000                1
   4.8077220832198053        7.4932920095779147        2.9342519955233866        3.0000000000000000                1
   5.0253014262013522        7.8508352512598600        38.405137500412494        3.0000000000000000                1
   6.4807106207714398        4.5941939120711179        15.121381487157224        3.0000000000000000                1
   7.1985407145445324        4.6271502518268024        14.167210093347451        3.0000000000000000                1
   5.2216456182365469        4.9746578413073967        34.219070818161875        3.0000000000000000                1
   4.5290522615839217        6.3534430431733151        39.877132799473017        3.0000000000000000                1
   8.0974808226388930        5.3452273009306230        30.209063710191874        3.0000000000000000                1
   5.9301919417348570        4.6318474512282224        35.055196210732454        3.0000000000000000                1
   7.9316440997523108        7.8666563157542821        30.007164274888812        3.0000000000000000                1
   7.7580934851769152        4.9580736611872345        15.245863327693575        3.0000000000000000                1
   4.5817904734570636        5.9954567198577218        30.354307267362792        3.0000000000000000                1
   5.0360005358538045        7.8611376380139761        6.6549723116912505        3.0000000000000000                1
   4.5636378429294195        6.1504812806833096        16.906495650297085        3.0000000000000000                1
   7.9019771375581573        7.9229560581524261        35.607478981589395        3.0000000000000000                1
   8.3047618704317774        7.3584858116778129        15.466033176479929        3.0000000000000000                1
   8.4622808398634692        6.2694577963001654        13.405350983690923        3.0000000000000000                1
   5.3568832105388378        4.8787531940729076        33.111614120001114        3.0000000000000000                1
   6.1140770383080856        8.4028552162315933        1.4958224156074580        3.0000000000000000                1
   8.2926828365859979        5.6617763246320951        1.6290206274588432        3.0000000000000000                1
   6.5391249147898414        4.5568051736549018        29.821439211737157        3.0000000000000000                1
   4.9639720653906929        7.7632817015506692        5.4120176466563654        3.0000000000000000                1
   7.6484825263967053        8.0901769135044468        12.593071658587888        3.0000000000000000                1
   8.4344244862602746        6.7224410337420091        39.879045683896514        3.0000000000000000                1
   8.4152054823821558        5.9583715696263164        10.366040660250928        3.0000000000000000                1
   8.3017560781088804        5.6738290686766844        1.6342390948051626        3.0000000000000000                1
   4.9166736100328130        7.6589660927944427        13.867049912394805        3.0000000000000000                1
   5.1602833972250375        7.9745774325673828        39.665599636721694        3.0000000000000000                1
   4.5150468168721467        6.4971421529979336        1.0705464544493228        3.0000000000000000                1
   4.5037426287590598        6.4740210471838315        15.903666267446027        3.0000000000000000                1
   8.4586160017795908        6.2731584409220646        20.325171054849282        3.0000000000000000                1
   5.2634853941483248        4.9978362408127426        34.285135916317479        3.0000000000000000                1
   7.4733896676830049        4.7544765621669853        12.144363248492651        3.0000000000000000                1
   6.3679565548731389        8.4932247300230443        17.662058222078247        3.0000000000000000                1
   8.0624650160828075        5.2976583244065036        18.287321031755962        3.0000000000000000                1
   8.0725375827478274        5.2780445951444603        11.255916818195065        3.0000000000000000                1
   4.6470333125967951        7.2409410592986294        33.417623538554871        3.0000000000000000                1
   4.5271688305561950        6.1771924146848827        16.889532223064968        3.0000000000000000                1
   8.0866018079609621        7.6845013793506931        38.119735465519945        3.0000000000000000                1
   7.9096186809017111        7.8543216639947318        3.8480158615538151        3.0000000000000000                1
   6.0480992066030321        4.5577168123085645        33.804112157826481        3.0000000000000000                1
   4.7197562002798081        7.3702572033840452        9.9145405971653613        3.0000000000000000                1
   8.3839922761359524        7.1257209161005752        36.140924303448145        3.0000000000000000                1
   5.6430091010274461        4.7728322650611013        37.575364144730479        3.0000000000000000                1
   5.4843593096275365        8.2112016604396434        21.677243628236518        3.0000000000000000                1
   6.2141897966125059        4.5551788346814401        26.072650521047450        3.0000000000000000                1
   4.5155004034574908        6.4358381194429537        13.794738728446482        3.0000000000000000                1
   8.0507630252108200        7.7322346542618758        5.0426114206879413        3.0000000000000000                1
   5.1168209133014653        5.0672105211709058        2.5712769718663853        3.0000000000000000                1
   7.8591415408233347        7.9566186308165019        21.490362216248030        3.0000000000000000                1
   7.3392982276689809        4.6947304226905358        28.038752214845818        3.0000000000000000                1
   6.4429669836435570        4.5206002722847733        22.012988558849127        3.0000000000000000                1
   8.0622176645865036        5.3591140817637930        37.192180643536773        3.0000000000000000                1
   7.5709407308691512        8.1682339201060401        31.775967011696693        3.0000000000000000                1
   6.4625691470013260        4.5155801950327019        37.032132465321745        3.0000000000000000                1
   8.3207100070774249        5.9384587029196627        39.190116107553294        3.0000000000000000                1
   4.9092018151199905        5.3125104014438538        5.0379450308377542        3.0000000000000000                1
   8.3019202052444250        5.8313678434108915        32.206959930868166        3.0000000000000000                1
   5.0614405917704053        7.8093494929679608        31.451820471189020        3.0000000000000000                1
   6.3338931159742362        4.5101673412937826        32.843618161033106        3.0000000000000000                1
   4.8921128098670872        5.3860131765376824        38.162597951421745        3.0000000000000000                1
   8.3379563486671255        5.7188199075462069        26.287449239624600        3.0000000000000000                1
   8.1638013901507875        7.6071115466741892        39.324648323252362        3.0000000000000000                1
   5.5350380049986425        4.7677901301458316        38.827857159923752        3.0000000000000000                1
   5.5860450486474296        4.7560473086503885        5.7423359377242642        3.0000000000000000                1
   8.2355423235150056        5.5093737496622799        23.232883046774159        3.0000000000000000                1
   4.5139253307981706        6.3582907533725113        25.935171635557975        3.0000000000000000                1
   6.5194306748852986        8.4728141931601666        10.704296007788418        3.0000000000000000                1
   8.4273544799077822        6.0125506138666944        37.915223714817948        3.0000000000000000                1
   6.4371897554292987        4.5367742014157280        15.129393316229432        3.0000000000000000                1
   5.1068472071815041        7.9128326467111574        32.725496768270681        3.0000000000000000                1
   4.9441300510714372        5.3600258581264990        38.161877689596103        3.0000000000000000                1
   7.5460053910735088        8.1151284432043802        5.3125326406017172E-002   3.0000000000000000                1
   4.5257191843363547        6.3467133206349962        32.852174680912505        3.0000000000000000                1
   8.4487915514168428        6.7368098998501491        6.8369925121111246        3.0000000000000000                1
   4.7239840636885093        5.6029545682078892        26.794386244185951        3.0000000000000000                1
   5.3749132581049253        4.8952947430621174        15.040225403143632        3.0000000000000000                1
   7.5272751670810436        8.2040253119757853        24.474851165733309        3.0000000000000000                1
   8.4830686471452310        6.3911347730888295        18.371535375638626        3.0000000000000000                1
   4.7922245985159231        5.5340781619124231        24.923435348185365        3.0000000000000000                1
   4.8932980412255462        5.3483554577629544        38.163826571392903        3.0000000000000000                1
   8.3366936978447796        5.7661236031560481        32.240407600105222        3.0000000000000000                1
   5.9771628172747597        4.5866804154545191        2.0222538682971805        3.0000000000000000                1
   6.0904752369913391        4.6016964788074262        9.0379879083275085        3.0000000000000000                1
   7.2055657013904373        4.6726841393337546        38.943510823404516        3.0000000000000000                1
   6.5053993589284849        4.5316221289971743        29.838319523883591        3.0000000000000000                1
   7.3772365952298706        8.2592266450277698        5.7824186335759702        3.0000000000000000                1
   5.7915996109510681        8.3321360473708985        25.745749983045805        3.0000000000000000                1
   4.6940294486641925        7.3478804819664196        16.880233781511052        3.0000000000000000                1
   4.5969163051418223        5.8880260355388518        3.0344241239711827        3.0000000000000000                1
   4.8286498122738282        5.4962820108704245        39.363766724108260        3.0000000000000000                1
   4.8731766030106520        7.6377427890037799        4.1363247888169496        3.0000000000000000                1
   8.4189718176978463        7.0240971020696419        37.272087670547833        3.0000000000000000                1
   6.6571839502787427        4.5710153551948016        3.9611270735404585        3.0000000000000000                1
   7.4531220221849672        4.8405861480710346        19.158433611304886        3.0000000000000000                1
   5.5265705100643050        4.7667018461572139        13.027457369143240        3.0000000000000000                1
   5.8334360270096202        4.6475908500787542        24.999766718618972        3.0000000000000000                1
   5.8301596496336234        4.6745327277074633        3.2327405037873049        3.0000000000000000                1
   7.0287233833056160        4.5983613654928535        8.4561510847232366        3.0000000000000000                1
   6.4829667440603052        4.5249289885878206        20.087151906725527        3.0000000000000000                1
   7.7449754188418183        4.9501095296205788        29.280976116957817        3.0000000000000000                1
   7.9800899874764220        5.1606989925017661        20.260380420353446        3.0000000000000000                1
