     1000000
           1
  0.10000000149011612     
   8.4282876898548444        6.4185607419934723        35.490980620264317        3.0000000000000000                1
   5.0705153763781725        7.8661258490532724        2.4160094041662634        3.0000000000000000                1
   4.5569440605395677        6.8648747631637432        35.723762126514629        3.0000000000000000                1
   7.1095445320109620        8.3784643076898302        21.790490694682074        3.0000000000000000                1
   7.3757964313717936        4.7763721297278012        1.4626436237221772        3.0000000000000000                1
   5.2670268329758292        4.9516556268622987       0.52602549920252462        3.0000000000000000                1
   8.3727171357891752        6.4567049763845628       0.33349832849179167        3.0000000000000000                1
   4.6151913220145628        5.8791320725519389        36.411341052986671        3.0000000000000000                1
   4.5025530378354244        6.5151671690272046        27.059852429962085        3.0000000000000000                1
   5.5862113168970966        8.2343000882395447        26.925354399085389        3.0000000000000000                1
   6.7761698807216559        8.4576033042658967        10.739253486916072        3.0000000000000000                1
   4.5659982312884146        6.0253122714850136        37.708328267545404        3.0000000000000000                1
   7.9390924129771934        5.1161847799727216        11.963852560974987        3.0000000000000000                1
   7.5677505011032711        4.8259265851646225        22.047760240237462        3.0000000000000000                1
   4.5121123708137958        6.3936055749942291        12.253215367399578        3.0000000000000000                1
   6.9257447533198739        8.4512436993450351        25.168600991345034        3.0000000000000000                1
   7.8664232561132428        7.9406941540889093        8.9007241778746096        3.0000000000000000                1
   8.3797544851328869        5.9443904445982696        26.053402880210726        3.0000000000000000                1
   4.5650648553302142        6.0051273332378612        15.840408564393968        3.0000000000000000                1
   8.4799701978369075        6.6627051966652759        20.737659756775543        3.0000000000000000                1
   5.2948352889243395        4.9183278023424517        18.612217857196359        3.0000000000000000                1
   8.3942191299560172        6.2793899206499475        36.588257794602356        3.0000000000000000                1
   7.9641969201310703        7.8605246931579122        23.647537243492877        3.0000000000000000                1
   7.6747111716054670        4.8982989774248660        6.1739415308499170        3.0000000000000000                1
   4.5385518589918554        6.8172599501985474        22.140906882413848        3.0000000000000000                1
   7.3885925868970164        8.2864344578667009        18.408235296519727        3.0000000000000000                1
   5.8368482048623767        4.6642769593413700        29.230096846233778        3.0000000000000000                1
   8.4898184325692867        6.5126370570474590        12.602009831677808        3.0000000000000000                1
   5.6802134019775217        4.6815866564972506        8.5608977753444329        3.0000000000000000                1
   6.3662279372617085        4.5576845344918206        20.302383883858205        3.0000000000000000                1
   8.3759774435076082        5.8307615309131444        24.961955043459398        3.0000000000000000                1
   8.3457554452569003        7.1888784809447017        11.836033846952931        3.0000000000000000                1
   4.6226907160289095        7.1581951750583608        15.174861252262039        3.0000000000000000                1
   8.2248434740362644        5.5556141971561077       0.76785520478446656        3.0000000000000000                1
   5.5900779100869613        4.7406947242183115        24.573023862591832        3.0000000000000000                1
   7.4966565196998838        4.8208293623172098        3.8277663448799384        3.0000000000000000                1
   8.4354296532250110        5.9987311690160521        10.171285733892187        3.0000000000000000                1
   4.6269200404842996        7.1968261357377585        32.338976269952951        3.0000000000000000                1
   7.3907909985019424        8.2875429301110533        37.905023401332429        3.0000000000000000                1
   7.3769343779208105        4.7389800321792679        38.982881858853048        3.0000000000000000                1
   4.5874441177820433        6.8820399157291829        21.073519229094252        3.0000000000000000                1
   8.4996558027160933        6.4818593319525455        38.901647155654722        3.0000000000000000                1
   4.5393835875597457        6.5172223366942879        26.993055600347589        3.0000000000000000                1
   8.3797225983209422        5.8566880488437700        7.7819477715772392        3.0000000000000000                1
   6.2207966260615333        8.4699090996563005        35.930575440515227        3.0000000000000000                1
   4.6531558702055911        5.7390145201401284        3.5010061899892069        3.0000000000000000                1
   6.2177924670948581        4.5386626046442737        15.551383385817344        3.0000000000000000                1
   5.7794444807903531        4.7068875542959097        27.984351325528870        3.0000000000000000                1
   6.8030221635011996        4.6308146811251012        28.325112533443594        3.0000000000000000                1
   6.5632338010068585        4.5025784175183210        23.915569641295669        3.0000000000000000                1
   4.9921929948318216        5.2066179320282142        29.787738174431738        3.0000000000000000                1
   6.5690464159201785        4.5942813481436371       0.89070808398844115        3.0000000000000000                1
   7.5168416724586651        8.2218233285184272        31.772122360445383        3.0000000000000000                1
   7.9320341566250576        7.8119944008382527        4.3805350957004565        3.0000000000000000                1
   4.7398757371573277        7.0985822765475133       0.68168499019176565        3.0000000000000000                1
   8.1830638639907889        5.4258247357534879        17.888885701982637        3.0000000000000000                1
   4.6342774340149573        7.0384296053766535        16.446096628068830        3.0000000000000000                1
   7.5946946035243839        8.1737310604509901        12.443847619483762        3.0000000000000000                1
   7.0410942143695427        8.3783106570928254        4.8153082747217395        3.0000000000000000                1
   7.3663382935961366        4.8196225542901505        37.947594695643168        3.0000000000000000                1
   4.6380536703398141        5.9453501019529007        36.362556348794634        3.0000000000000000                1
   7.7094283636473202        4.9217928656216685        24.286797070143511        3.0000000000000000                1
   8.1766352152302275        7.5489820479319309        32.576978327258850        3.0000000000000000                1
   6.0152159090022188        8.3618221216824811       0.81997499102230198        3.0000000000000000                1
   4.7577254470890811        7.4323973082178973        28.780711025895144        3.0000000000000000                1
   6.9268770888600821        8.4469248291790269        7.1515291648378332        3.0000000000000000                1
   8.4885976279649107        6.5707045164511761        18.448571289210484        3.0000000000000000                1
   6.0131359086546148        4.5703372193553538        31.276451066413465        3.0000000000000000                1
   6.9381968885800491        8.3277496132954258        5.9305424476240924        3.0000000000000000                1
   5.9532966280027786        4.6103984151909811        13.343055585622160        3.0000000000000000                1
   4.5296241824583028        6.1583263949100475        31.552068103678700        3.0000000000000000                1
   4.7936699591596303        7.5096070141605313        10.544988761373824        3.0000000000000000                1
   4.7277748794415091        7.4245584247641094        11.759867071041903        3.0000000000000000                1
   5.9990557526953463        8.3585389568596451        21.119583308712834        3.0000000000000000                1
   6.2329647285888043        8.4684233872397634        38.361701148069777        3.0000000000000000                1
   8.4464500994117557        6.3571614327454382        1.3968665231844535        3.0000000000000000                1
   4.5114315073917153        6.5707375633521137        6.4088780392165550        3.0000000000000000                1
   5.0571432437538322        5.1180870340825519        32.219415020160291        3.0000000000000000                1
   7.6933532760217682        8.0971028297952063        28.366616385954710        3.0000000000000000                1
   4.6269249861806294        7.1741213401701334        33.375022139289008        3.0000000000000000                1
   5.5505127659147684        4.7632032906245581        7.3876907265782688        3.0000000000000000                1
   7.5761578736446404        4.8809485029537871        7.2894454836001721        3.0000000000000000                1
   5.8743065810187201        4.6049770703902482        30.242482853921338        3.0000000000000000                1
   5.2522355610968026        8.0582588042631187        33.016996902314247        3.0000000000000000                1
   8.3643496174672034        6.0442678061078308        27.184873766542527        3.0000000000000000                1
   8.2313310050860622        7.5007473026639619        17.850926510350853        3.0000000000000000                1
   8.4806749186451782        6.4171555979089003        34.253773455811896        3.0000000000000000                1
   6.7783253324839414        4.5319739124289402        8.0770767199677316        3.0000000000000000                1
   6.7123136153168108        4.5131914591215008        24.932467508666925        3.0000000000000000                1
   5.4174455862841784        4.9030887996779251        19.772192436546973        3.0000000000000000                1
   8.4715526127840803        6.5474332982665420        14.895099493901439        3.0000000000000000                1
   4.9393561467532905        5.3262856423244225        11.565140725294844        3.0000000000000000                1
   8.4521986397218001        6.4608402453848317        2.5437696681689359        3.0000000000000000                1
   7.6432275029618886        4.8716987384578418        23.277409189369909        3.0000000000000000                1
   5.1707015499078315        5.0213092182498578        14.090092905602939        3.0000000000000000                1
   4.9899405723883614        7.8036400140196420        37.591562101558054        3.0000000000000000                1
   6.5185322460798343        8.3357337760114163        15.414794622423138        3.0000000000000000                1
   8.0425812962341219        5.2431189846162480        13.112137458097907        3.0000000000000000                1
   8.3867819231382175        7.1418987546655845        28.886821896061321        3.0000000000000000                1
   6.0371968659610626        8.4373930395941272        18.900206599306145        3.0000000000000000                1
   7.7124890439983895        4.9696454929927123        9.6200641047930482        3.0000000000000000                1
   4.7783291420553820        5.7290236980988931        20.347851116313951        3.0000000000000000                1
   5.2191836004928627        7.9951511449244910        17.102688140916758        3.0000000000000000                1
   5.1989347249013340        5.0213930778140732        33.249807278059478        3.0000000000000000                1
   6.8681119419407866        4.5427830643301261        11.527999552309073        3.0000000000000000                1
   7.4036268418938507        4.7824231021147403        37.789226365359880        3.0000000000000000                1
   7.3936917132809121        8.2871073118901037        33.000480158885388        3.0000000000000000                1
   4.5033339398879120        6.5891921551629329        24.587860311313527        3.0000000000000000                1
   6.3211438602012349        4.5533844286978820        16.877334058147685        3.0000000000000000                1
   7.9796776759085200        7.7272064508044611        37.177732646043800        3.0000000000000000                1
   6.4984107448333024        8.4966069817520591        31.247086764048053        3.0000000000000000                1
   8.1753910530743585        5.5170567467701854        39.625366262550415        3.0000000000000000                1
   5.1346973726976337        7.9532863383913943        18.118095441269684        3.0000000000000000                1
   5.1617071756626363        7.9827724817512831        19.399576496452948        3.0000000000000000                1
   4.6706238258064525        5.7477770339372647        4.6229926129022374        3.0000000000000000                1
   4.6244771028891396        5.8394888829993574        2.3145470209965673        3.0000000000000000                1
   4.5263076281158883        6.1953137755544558        30.393534793897189        3.0000000000000000                1
   8.3794957833492738        7.1515312761974625        27.698560606788313        3.0000000000000000                1
   7.7648884969659182        8.0324960095922258        10.080124359985227        3.0000000000000000                1
   4.5503332304781443        6.9084216845783581        37.119807384716601        3.0000000000000000                1
   4.6010672396951247        5.9259242340469553        18.009708021942746        3.0000000000000000                1
   5.6046851021492738        8.2875846972626395        10.016307885466423        3.0000000000000000                1
   7.5773903966235050        4.8941519360946293        5.0101510024038278        3.0000000000000000                1
   5.4829738162978110        4.7858828956656216        22.190289417925364        3.0000000000000000                1
   7.4022306589928206        4.7420879688163735        36.589939683182152        3.0000000000000000                1
   7.8767362485529899        5.1060239293536958        10.942201903067284        3.0000000000000000                1
   8.4220277495385076        6.9834581541185576        7.2593293254763083        3.0000000000000000                1
   8.1465807160593720        5.4075450813181556        38.403841495461464        3.0000000000000000                1
   5.1932319350507656        5.0274199726112929        33.313469120516750        3.0000000000000000                1
   5.6094659577890358        8.2185612709621623        25.743327612220906        3.0000000000000000                1
   4.9279777008162116        7.6147496560594972        8.3202672909230238        3.0000000000000000                1
   5.5975113657918003        8.2321728560678515        29.404946954356046        3.0000000000000000                1
   4.6776902821046535        7.1204881419603874        34.654615616857001        3.0000000000000000                1
   8.0305733550352958        5.2769551621364350        31.377698550113294        3.0000000000000000                1
   5.3003002402768811        4.9132699817801617        1.6014116227831547        3.0000000000000000                1
   6.2138741522128038        8.3827528944927696        4.2325424994726379        3.0000000000000000                1
   8.1149744329233631        5.3701784932531904        16.760760784430740        3.0000000000000000                1
   4.5275505989187073        6.6433559259846620        5.2393147348412086        3.0000000000000000                1
   6.6215862801056309        8.4611069760385966        14.157922142839750        3.0000000000000000                1
   8.3089937615698393        5.6614618211688068        5.6941014676584034        3.0000000000000000                1
   4.5821020386167817        7.0325076690690489        39.512519426984440        3.0000000000000000                1
   7.4980997460737893        4.7759200695315762        2.6761535685598958        3.0000000000000000                1
   8.3792236082972913        7.0859246904246485        9.5751796439520955        3.0000000000000000                1
   4.8159304824786595        7.5692146198407313        26.429564796652258        3.0000000000000000                1
   7.1615074889742889        8.3138014442589014        19.464857020345523        3.0000000000000000                1
   6.9393859168234107        8.4311090922709848        23.021371831562981        3.0000000000000000                1
   5.7374827641741692        4.6972908701719369        9.8304834689173397        3.0000000000000000                1
   4.5980165165001843        5.9080100868655787        33.884589089229202        3.0000000000000000                1
   4.7878864592523671        7.5299151346750319        27.705687240777994        3.0000000000000000                1
   8.4128555351114009        7.0281457906517000        25.491244293356576        3.0000000000000000                1
   6.9142945874726527        8.4264087945181458        24.159941296413788        3.0000000000000000                1
   5.2858762071308174        4.9411879691837761        34.444624680697800        3.0000000000000000                1
   5.2362743145271589        8.0485132366213552        15.778383372486159        3.0000000000000000                1
   4.7057465724688585        5.6472165737936031        22.713721395364882        3.0000000000000000                1
   8.1710968164415583        7.5218255040664115        16.693106458550496        3.0000000000000000                1
   8.1982085673639968        7.4746290733394121        15.429849737234886        3.0000000000000000                1
   6.7998302856210762        4.5401191505140428        10.348235166119206        3.0000000000000000                1
   8.4426429718691853        6.0247462737467092        11.417005507110435        3.0000000000000000                1
   5.3169914391424511        4.9415241789813962        5.2165955674808639        3.0000000000000000                1
   7.2719494229875785        4.7118802468994101        33.120356659478098        3.0000000000000000                1
   7.5143601748393385        4.8509457796680735        5.0708595111727863        3.0000000000000000                1
   8.3153642996020665        6.0302065500652882        9.0539599865964178        3.0000000000000000                1
   8.4621624934342137        6.3390812272040540        33.111824947198286        3.0000000000000000                1
   6.3426458041088214        4.5378110177453506        20.316064044095629        3.0000000000000000                1
   7.9103984212454463        5.0835519641913329        28.964181635112492        3.0000000000000000                1
   4.8340129492455075        5.4234825153481445        10.551977336054746        3.0000000000000000                1
   7.9854007092493609        5.1873597879621549        30.147903511227181        3.0000000000000000                1
   6.3905843247083034        4.5202743192765817        21.488548390670154        3.0000000000000000                1
   4.9900899953653051        5.2240989086007641        12.745392530741238        3.0000000000000000                1
   6.2130010708834105        8.4018454760496031        1.8635444462949813        3.0000000000000000                1
   8.4874861329460725        6.5727834203793734        17.362271475251983        3.0000000000000000                1
   5.4319117196457487        4.8237438086515576        6.3460078987019530        3.0000000000000000                1
   8.4544689176495780        6.2782009971512140        30.679714736168538        3.0000000000000000                1
   8.4646014471640427        6.8127955233324986        23.133480939906235        3.0000000000000000                1
   7.2903279695024530        8.3009138250720120        17.137897303860154        3.0000000000000000                1
   8.0327156188694229        7.7236429896140741        21.321714686250100        3.0000000000000000                1
   7.6395500357363249        8.1134892644962857        11.355029218803514        3.0000000000000000                1
   8.4114743872551685        6.7080824816206643        21.867036823375937        3.0000000000000000                1
   7.0757722621994530        4.6374743876675302        30.874983454263312        3.0000000000000000                1
   7.6656647652645011        4.9142643473774017        8.5832770625896355        3.0000000000000000                1
   7.3448796814259278        4.7193295658283194       0.25714232762638944        3.0000000000000000                1
   4.6371537287230229        6.7163459757854582        8.7183094791776927        3.0000000000000000                1
   5.0840672644667251        7.8400075394723174        20.504737488301604        3.0000000000000000                1
   8.0553327078778665        7.7259369409184631        3.0505363496958120        3.0000000000000000                1
   5.1389529638970401        7.9647276716133506        34.080268018872445        3.0000000000000000                1
   8.3651389493860702        7.0768311892653708        8.4736696267848899        3.0000000000000000                1
   4.6872469245200685        5.7623913144873331        19.236037610729991        3.0000000000000000                1
   5.3694520269736445        4.8517193212270993        2.7540566060699194        3.0000000000000000                1
   7.8696579782587159        7.9220337653534241        6.7124134281113905        3.0000000000000000                1
   6.7858507685225558        4.5576422595403372        9.2509190979096427        3.0000000000000000                1
   7.9634078735211524        7.8406430596663306        22.418259849988324        3.0000000000000000                1
   4.7386572773695788        5.5781193243971012        24.013632464099789        3.0000000000000000                1
   7.4970753509703005        8.1827803016582390        13.725439421641614        3.0000000000000000                1
   5.5985552609855507        8.2701500471114553        28.318921350459519        3.0000000000000000                1
   7.5048016871102350        8.1768865719049799        14.957320697457330        3.0000000000000000                1
   4.5036376548970800        6.5170303061588415        11.123594594120519        3.0000000000000000                1
   4.5767452220827973        5.9854172528896727        32.750002530247009        3.0000000000000000                1
   4.8205240193650498        7.5402225587685541        9.3895834040554202        3.0000000000000000                1
   4.7112932652029889        5.6673267048066913        21.586075341304753        3.0000000000000000                1
   5.5887017114544175        8.2086083170425272        8.8757952740811827        3.0000000000000000                1
   6.1042538970365712        8.3628642068936028        3.0468144648615119        3.0000000000000000                1
   4.5495413512304381        6.5070721415650414        9.9852807560615613        3.0000000000000000                1
   7.4051152083733101        4.7388006951679724        35.478740915489553        3.0000000000000000                1
   8.3903452749915086        6.9942348163759753        6.0517967023055057        3.0000000000000000                1
   8.1826402567094387        7.5699979763263174        33.770541238386741        3.0000000000000000                1
   4.9264241670388857        7.6854518637338289        8.3311293742460606        3.0000000000000000                1
   5.3841538488284382        8.1439874381855315        13.633379508562138        3.0000000000000000                1
   5.0784247930345030        7.8523997965125485        35.332538958352409        3.0000000000000000                1
   8.1487885363646004        7.6098904092950432       0.75545955315098512        3.0000000000000000                1
   4.6009267215177516        5.9755709761842200        38.844715391920381        3.0000000000000000                1
   8.0744947728638259        7.6877462195332216        38.519532407300844        3.0000000000000000                1
   4.5280698550229577        6.6589537470876952        4.0972443992693020        3.0000000000000000                1
   8.4558572898514051        6.2111586544538904        29.544013758987631        3.0000000000000000                1
   4.5297494299066976        6.5905738887191641        7.6296718811503439        3.0000000000000000                1
   6.1539147933130973        8.4373643708428521        39.635249648659716        3.0000000000000000                1
   7.9164682859544220        7.9087211194999139        7.7293599180402728        3.0000000000000000                1
   8.4582031688784909        6.6504492553355128        19.602463863527234        3.0000000000000000                1
   6.9600485434319825        8.4128911560627309        4.9132503301610058        3.0000000000000000                1
   4.5890917092426449        6.0058508258833241        16.995686023929075        3.0000000000000000                1
   8.2470546957628006        5.5401414744272071        34.860254420895814        3.0000000000000000                1
   7.6463359549149201        4.8815381557997011        24.299045539161543        3.0000000000000000                1
   6.5107185677978006        4.5653085199416310        3.2568508852755373        3.0000000000000000                1
   7.7968881028355721        7.8645252496513711        5.6128672468719305        3.0000000000000000                1
   7.1595064022038875        8.3322978355644999        2.5769520742384340        3.0000000000000000                1
   5.0339394758142957        5.2635220157565801        30.837666306071824        3.0000000000000000                1
   5.2049192916075633        7.9130080138394403        3.7567470231789440E-002   3.0000000000000000                1
   5.5647519857415242        8.2578710143615730        11.301881461475757        3.0000000000000000                1
   4.9066161037830716        7.6870548950430955        7.1309901511200176        3.0000000000000000                1
   4.5982216799488986        6.8978864273593894        1.8312317157430151        3.0000000000000000                1
   8.4268250327220127        6.3365214092502562        37.817975500413965        3.0000000000000000                1
   8.1306508728010805        7.5533045214366483        18.956961023329036        3.0000000000000000                1
   6.4901991319793098        8.4321794489835771        27.667198629991940        3.0000000000000000                1
   5.4728251142332791        8.2160561877318745        12.328423623697649        3.0000000000000000                1
   5.2918457139168309        4.9821656293566505        15.117069032272669        3.0000000000000000                1
   7.1829971433827087        4.6409688040411732        32.030805207949776        3.0000000000000000                1
   6.5054196962388477        4.5234424031882998        38.484644250884159        3.0000000000000000                1
   4.5099984134503135        6.5509305859732203        25.844577005891917        3.0000000000000000                1
   7.2307705224458276        4.6719300595833202        16.248571141104883        3.0000000000000000                1
   7.4315748026613706        4.8028034433678535        37.872952029665257        3.0000000000000000                1
   5.6058765495550205        8.2651613918996585        7.7418229979706750        3.0000000000000000                1
   5.4999176678568125        8.2211440320108622        30.564615560456797        3.0000000000000000                1
   4.5268448498965546        6.5771712148868762        28.132834681134224        3.0000000000000000                1
   4.5653786627342514        6.3463949461183580        13.397758051495076        3.0000000000000000                1
   8.2131274925055031        5.4788506044974525        33.679971417225374        3.0000000000000000                1
   6.1364815996913649        4.5633041463596378        14.493402311151598        3.0000000000000000                1
   7.2104461418987196        8.3365160620900198        20.735924347231517        3.0000000000000000                1
   7.9249037796888215        7.8954106219841469        24.654097004035624        3.0000000000000000                1
   5.3064602519427249        8.1038765138798077        31.848066676175399        3.0000000000000000                1
   5.7907308553353607        4.6334673572802680        10.939220322019372        3.0000000000000000                1
   8.1384188806972677        5.3588055595569770        32.549821051392144        3.0000000000000000                1
   8.4536847607460626        6.2997339285315883        31.941926579883752        3.0000000000000000                1
   8.1564427361507033        7.6022503803534471        39.519633715222582        3.0000000000000000                1
   6.3211905552489860        8.4118595041241626        37.226804940825723        3.0000000000000000                1
   6.2632100684108183        4.5164236055415747        19.140736053032022        3.0000000000000000                1
   4.5965147101088304        5.9368983375403248        35.253433561474310        3.0000000000000000                1
   4.9023793015814539        7.6881658829581214        24.040026141953362        3.0000000000000000                1
   5.1655179621650955        7.9046308714356197        1.2140505944286759        3.0000000000000000                1
   6.8498838332325196        4.5383345864580225        27.315553895269144        3.0000000000000000                1
   5.9724461811877800        8.4019485884727576        22.318020218460198        3.0000000000000000                1
   5.2105567950682188        5.0084213868954182        17.465304954865914        3.0000000000000000                1
   6.6865172533341202        8.4698319130923654        11.897952037377378        3.0000000000000000                1
   5.3776335431933804        4.8686461743719258        20.991993964168564        3.0000000000000000                1
   5.0750632286850159        5.1671809771585844        13.912542872181444        3.0000000000000000                1
   7.5633183895104485        8.1796710577196041        30.706695862193889        3.0000000000000000                1
   4.5126327407809219        6.6737837464456691        23.349387845578256        3.0000000000000000                1
   5.0305005947548072        7.7421816663874097        38.921193306864851        3.0000000000000000                1
   4.5988751526749425        6.9502885939316323        17.566183945814814        3.0000000000000000                1
   6.3381919069364949        4.5128110096572271        18.057056768849321        3.0000000000000000                1
   5.7314747298583084        8.3429996163503031        24.638101869958451        3.0000000000000000                1
   7.2819749078762577        4.6726233800753798        17.377742832587447        3.0000000000000000                1
   7.9842552914567806        5.4531432815533982        35.975257371885668        3.0000000000000000                1
   8.4048382139966318        7.0581130131240881        10.654009705356918        3.0000000000000000                1
   8.0674783184779706        7.5940485105561892        20.220853896674861        3.0000000000000000                1
   6.9602599971334618        4.5603209888870513        29.718320382397970        3.0000000000000000                1
   8.4420149302599850        6.0785689292962486        28.504593931917697        3.0000000000000000                1
   6.1768311894449504        8.4419524937484276        34.709332014141346        3.0000000000000000                1
   7.8275863552143932        5.0615902340902510        27.954751046337687        3.0000000000000000                1
   4.8567297311421829        5.3665506585032716        28.590949924041158        3.0000000000000000                1
   6.0962021609463362        8.4526358349631519        20.037552192645808        3.0000000000000000                1
   6.5476534880637844        4.5107406786601558        36.028708219569076        3.0000000000000000                1
   6.3736004488202100        8.4013526305625117        32.472380079115688        3.0000000000000000                1
   8.0846143708527691        7.6873859384207632        1.8890367407567525        3.0000000000000000                1
   6.9434458853147101        4.5665663246548913        12.608838204935731        3.0000000000000000                1
   6.4984939195486726        8.4055826625383308        28.813822765838587        3.0000000000000000                1
   8.3082315380300695        7.3484839874506847        31.285372179175980        3.0000000000000000                1
   6.6681488501331998        4.5380370152582934        5.6005136588453022        3.0000000000000000                1
   7.1593691386122105        4.6170832931832155        15.141041158188800        3.0000000000000000                1
   8.2455111104077190        7.4048527383509892        14.425507917097018        3.0000000000000000                1
   5.8205771969742637        4.6449064146987507        12.091494326473819        3.0000000000000000                1
   4.5999519253532437        6.1385898089215543        14.657023747737270        3.0000000000000000                1
   4.9724202358108229        7.7022440109530281        22.813667104885596        3.0000000000000000                1
   4.6157224031490509        6.5197848120768631        29.278503883495329        3.0000000000000000                1
   5.2180645236873229        7.9856209836097429       0.18180601571057087        3.0000000000000000                1
   6.5170115998659881        4.5209913901714360        2.0877350898474227        3.0000000000000000                1
   6.4789129320413963        4.5092101527554309        22.608438508969314        3.0000000000000000                1
   8.2347260177154435        5.5814610781615785        2.0081376759090914        3.0000000000000000                1
   4.6755192513627453        7.2963417454634625        31.165744101721071        3.0000000000000000                1
   7.8226313458437362        5.0425583899217319        26.811675571469468        3.0000000000000000                1
   6.0598665428509806        4.5744498408405754        32.673404230411933        3.0000000000000000                1
   8.2566516997328314        7.4329630704999392        14.247807601004462        3.0000000000000000                1
   8.3054688325071382        7.3174953259145861        13.173526203914374        3.0000000000000000                1
   5.8535001294265987        8.3580579637651997        23.643514861396305        3.0000000000000000                1
   6.2671465736073149        8.4783653342274139        16.605549796842570        3.0000000000000000                1
   6.7065416640535016        8.4210493415640890        12.898956353327195        3.0000000000000000                1
   6.5173113786360588        4.6600230987262590        39.600685177057386        3.0000000000000000                1
   5.2834070042900647        4.9772369140764035        18.640214882980459        3.0000000000000000                1
   6.0675284584385647        4.5631421522980640        33.826365407998829        3.0000000000000000                1
   8.0941270232615050        5.3949880706799149        37.066621636813274        3.0000000000000000                1
   7.4015426308401269        8.2657553105903627        16.034434831505887        3.0000000000000000                1
   8.3884390651319585        7.0969402249255289        26.521715114341998        3.0000000000000000                1
   5.0222662682596839        7.8084378023974370        3.6437712895264878        3.0000000000000000                1
   8.4963934607279672        6.5402651757288162        16.078034634961941        3.0000000000000000                1
   4.7243814785266407        5.7136638129935120        5.8311954712893330        3.0000000000000000                1
   8.4564906265956417        6.5202621121383109        13.827160918846845        3.0000000000000000                1
   6.6066147303762701        4.5058278802478435        37.165303238404782        3.0000000000000000                1
   4.6919712075264322        6.6965524868588968        8.7414183896568609        3.0000000000000000                1
   4.5521885617624029        6.8347412885065655        2.9759794972904103        3.0000000000000000                1
   8.4959678537163459        6.5757796109371105        19.559738651516106        3.0000000000000000                1
   5.3200044160140409        8.0620796110469399        14.765185589071766        3.0000000000000000                1
   7.0538975458082334        8.3941869224053871        3.6460772202175060        3.0000000000000000                1
   6.7047490353753920        4.5372480535200292        26.269284536601216        3.0000000000000000                1
   4.9222046701768161        7.6654513676813227        25.205719351697486        3.0000000000000000                1
   7.6921651499500658        8.0849787520463590        27.136372872853858        3.0000000000000000                1
   8.3174722414987983        5.7221417992080372        23.602474572680709        3.0000000000000000                1
   7.4804518580206301        4.9670970793222349        25.404110352713310        3.0000000000000000                1
   8.2872697495067555        5.6220232941202335        3.3011141130829222        3.0000000000000000                1
   6.8877872677796956        8.4027897116646884        5.9718283199748692        3.0000000000000000                1
   5.0403514249124353        7.7792347961477128        21.726257433667985        3.0000000000000000                1
   7.0318717265016870        8.3201250012054615        4.8701165492756928        3.0000000000000000                1
   8.3151195519675607        5.7343492038968202        22.581572585456598        3.0000000000000000                1
   6.4800148870794274        8.4812958170693200        30.020771970105304        3.0000000000000000                1
   8.3251959122895656        5.7138485634805001        6.7079870787439386        3.0000000000000000                1
   7.9138002221182129        7.8991681256563284        25.883278714388631        3.0000000000000000                1
   7.6047952290744849        8.1656641981016431        29.488301458714869        3.0000000000000000                1
   8.0771639237636474        7.6788184318424753        34.858071259202305        3.0000000000000000                1
   8.0876173008133900        7.6651611879668877        36.083625059477974        3.0000000000000000                1
   6.8350365678687544        8.4679443468368518        6.0790692038013905        3.0000000000000000                1
   5.4905112343839733        4.8708234468823726        20.924998288745510        3.0000000000000000                1
   4.5781833778997019        6.6029791507845443        25.782915411843952        3.0000000000000000                1
   6.7121984275263369        4.5310340644732729        6.7554116995501232        3.0000000000000000                1
   4.7346442320290372        7.3867422883471265        29.975191039370966        3.0000000000000000                1
   4.6881508176181432        6.9532616477895530        38.183093932978622        3.0000000000000000                1
   8.2369348943650813        5.5475787370229401        4.3461284191231977        3.0000000000000000                1
   6.2388026228444131        8.4278270807210145        33.584620694263499        3.0000000000000000                1
   7.3295869741040462        4.6920708640827078        34.243551825888616        3.0000000000000000                1
   5.1182934620764016        7.9292505909954967        1.3686706354556313E-002   3.0000000000000000                1
   5.1063889911594726        5.0776194292926071        16.309855913087343        3.0000000000000000                1
   7.1417813748851868        8.3023694066115237        36.493404965673783        3.0000000000000000                1
   5.4568620632278240        4.9492806097341360        19.778628981992707        3.0000000000000000                1
   4.9035851305571221        7.6780711994946076        36.337279795685355        3.0000000000000000                1
   6.7026127954366341        4.6185178047405788        4.4267976512225147        3.0000000000000000                1
