     1000000
           1
  0.10000000149011612     
   6.4659342038428926        9.4940037008589346        14.930837656450253        3.0000000000000000                1
   10.442505192364502        8.0697981896206006        6.3138837930551421        3.0000000000000000                1
   10.204959398760630        8.7922794265984603        15.124927776997175        3.0000000000000000                1
   4.5316819720436410        7.0981997430101549        13.706220719516580        3.0000000000000000                1
   6.0217179046328111        10.107855891630518        19.119696778000261        3.0000000000000000                1
   4.5904473408902788        6.7741409315091525        33.398138384909991        3.0000000000000000                1
   6.4352616271367546        10.303110926735977        15.709956767262616        3.0000000000000000                1
   7.8503890158803893        6.5034138064279432       0.14753416060436519        3.0000000000000000                1
   6.6157115117528660        10.360984650059148        38.230458581462493        3.0000000000000000                1
   6.7061167620724822        9.3334257759306922        12.750768084792345        3.0000000000000000                1
   4.5087516532772458        7.4057443743122127        7.3151855493405904        3.0000000000000000                1
   6.4508352219500260        4.6896625823447078        13.866671719696134        3.0000000000000000                1
   8.3679279886291589        10.360611682225100        29.007707242773396        3.0000000000000000                1
   7.4898277664439536        7.5049378445916624        3.3835102858357580        3.0000000000000000                1
   6.4377093416824485        5.8002712447087914        30.138063242094631        3.0000000000000000                1
   7.3028660185801577        10.478476091323001        16.416639335646874        3.0000000000000000                1
   6.5097863651628201        7.6252578523242622        11.827137743358875        3.0000000000000000                1
   5.9435277116289660        6.0695361415104356        2.7124855212938641        3.0000000000000000                1
   9.5333524389361095        5.2968785983234010        36.757200969861913        3.0000000000000000                1
   10.104947491941848        6.0143225120705326        1.2684692895481808        3.0000000000000000                1
   6.6110099598454299        4.6808933230604159        8.3963359636805635        3.0000000000000000                1
   10.225817833977981        6.2518006787588094        31.755155020153786        3.0000000000000000                1
   10.100967318359782        8.9877601202265947        5.6368170921107845        3.0000000000000000                1
   10.028061978575879        9.1096970429953519        12.127149145464907        3.0000000000000000                1
   8.3963272573349865        10.355347006652234        17.218980935516974        3.0000000000000000                1
   7.3442176796754302        4.5092638836770238        1.2311104652936198        3.0000000000000000                1
   10.258413819207712        6.3585049699347875        3.5512558890111845        3.0000000000000000                1
   8.6956491077479594        5.8227832911270205        3.9343372833255557        3.0000000000000000                1
   4.5060054360937256        7.4396859559665227        24.610128387878063        3.0000000000000000                1
   4.7799567988275573        6.2763727236124121        35.798861414623836        3.0000000000000000                1
   6.3324065271842889        5.9068667748754100        39.672169516246726        3.0000000000000000                1
   7.6583575908214767        4.5332976530319256        26.162925440379233        3.0000000000000000                1
   9.4631036309490977        9.7676037104170170       0.60954971788736567        3.0000000000000000                1
   8.2532130372972858        10.401447394349864        6.2144996406280821        3.0000000000000000                1
   7.8602140154617883        8.5158562760477388        1.3212099395444699        3.0000000000000000                1
   5.1689028057500739        5.6204571367280440        11.137475983605997        3.0000000000000000                1
   4.8818312337986169        8.9356912378500546        27.251565071796211        3.0000000000000000                1
   5.3706373912403365        9.5989163479766209        17.308851068895770        3.0000000000000000                1
   4.9828148309253368        9.1248105665116253        36.855563451565807        3.0000000000000000                1
   7.3874143690247296        4.5028323176533638        13.241583117427217        3.0000000000000000                1
   6.0473129772479437        6.2030492005691258        6.9821060902426160        3.0000000000000000                1
   6.7604777713738935        5.6225969066733743        14.131340744091675        3.0000000000000000                1
   4.8789197050050390        8.8942226655028982        10.002336605228651        3.0000000000000000                1
   10.277887569360058        8.5593646138720949        20.558495654893804        3.0000000000000000                1
   5.9880361979905041        6.1271528860719462        19.009305392130226        3.0000000000000000                1
   7.1682365282152460        9.4566238277187615        34.712931712562280        3.0000000000000000                1
   10.463089184454285        7.5772313128536339        14.740508749630305        3.0000000000000000                1
   9.8987657076002034        5.7149736236991213        33.704723757810463        3.0000000000000000                1
   5.8190191060703667        5.0260808767567378        5.0147344135527918        3.0000000000000000                1
   4.8420338927269766        8.8843256697520196        4.5215269785298524        3.0000000000000000                1
   5.8283238290562700        9.9853396215180492        25.510774238309246        3.0000000000000000                1
   4.5138852635172269        7.7293581597764032        10.362481004600783        3.0000000000000000                1
   7.9246945607437542        9.4698792916757029        27.297818260201705        3.0000000000000000                1
   10.468179884368613        7.1231852007595142        12.557292295971534        3.0000000000000000                1
   6.8104733858479571        10.408980341612684        14.596391444864970        3.0000000000000000                1
   5.3547246199863130        7.2476572475220280        28.851790457729649        3.0000000000000000                1
   10.389055573210687        6.9196537409087187        35.157203696228635        3.0000000000000000                1
   5.3902844026699883        9.6320199428683733        10.694505459078192        3.0000000000000000                1
   7.4892761030765840        7.5037574978793415        32.018250556360840        3.0000000000000000                1
   7.4810557993784608        7.5012225280590510        11.496256077313218        3.0000000000000000                1
   5.8461118032162052        4.9979935529319173        22.440560587956586        3.0000000000000000                1
   9.1814202340012692        8.5315995467591339        6.7101522622158090        3.0000000000000000                1
   9.3268328348607508        7.4679381001618017        2.7816150658485075        3.0000000000000000                1
   5.5440966144197095        7.4583431198225343        36.553569804009598        3.0000000000000000                1
   9.3968517178752009        7.9464706449730214        8.8176543370851270        3.0000000000000000                1
   4.8927561995130615        6.0232666892165136        2.3264466743767165        3.0000000000000000                1
   4.6334664586554473        6.6888533870704530        5.4179325740663709        3.0000000000000000                1
   8.6319390356989381        9.1783537587396289        37.769458861280327        3.0000000000000000                1
   8.7118048986882428        4.7633173095867525        37.505735575441058        3.0000000000000000                1
   6.3195295870007495        9.0799270643182197        1.7275299046857711        3.0000000000000000                1
   9.0187207056008880        4.9159908280625615        27.868172061069803        3.0000000000000000                1
   10.335669153845856        6.5254434460363671        22.113576564285221        3.0000000000000000                1
   5.6177920761588878        8.2913335425362149        18.929625471052507        3.0000000000000000                1
   5.6297552082635587        9.7783538243246788        32.096149800104740        3.0000000000000000                1
   4.8255792939377438        8.8534975424607154        21.894822108489191        3.0000000000000000                1
   6.1883547107751502        8.9735772364591497        28.075789157715739        3.0000000000000000                1
   7.2933022182933316        4.5193816403919724        29.257860856446669        3.0000000000000000                1
   8.8402240312329496        10.180160610038898        26.927364760555314        3.0000000000000000                1
   7.7644258694112045        10.486721430852867        8.6403353932167075        3.0000000000000000                1
   9.8473220420558647        9.3625593094947632        3.6468178910951856        3.0000000000000000                1
   10.451719887019705        7.8657216011005904        10.468251795559771        3.0000000000000000                1
   9.1887180224058085        9.9727580870293213        1.8782780435117148        3.0000000000000000                1
   10.471353733799578        7.2582709180426281        20.099139566665997        3.0000000000000000                1
   10.460949317209048        7.5581055119121370        9.3509667611636385        3.0000000000000000                1
   4.8853744977140421        6.0632530687539070        7.6774539092678582        3.0000000000000000                1
   8.5828627118522114        4.7028659973373284        36.398893457590745        3.0000000000000000                1
   4.5295642639093217        7.0837400556839940        37.550948986467588        3.0000000000000000                1
   7.5067558070917260        7.5002902910719023        12.533933272136434        3.0000000000000000                1
   4.9647873058202876        9.0800425064843342        14.155350976938120        3.0000000000000000                1
   5.2034833191273870        5.5705057277476406        34.926822884897078        3.0000000000000000                1
   9.3971632011448172        6.7125563376301445        27.595008681359808        3.0000000000000000                1
   9.3721254804164786        9.8393116615931078        28.698857039149885        3.0000000000000000                1
   10.336418790299858        6.5456715195491384        32.893735542283032        3.0000000000000000                1
   4.7108980299140875        8.5910257446977152        5.7351954229377426        3.0000000000000000                1
   5.8493722354029067        5.0351465490923850        21.259680620121131        3.0000000000000000                1
   5.4771980785051877        9.7100799233650381        33.380815532903632        3.0000000000000000                1
   4.6554921467115298        6.5540891406119197        22.698709845649923        3.0000000000000000                1
   9.3221619024496771        6.6604392375944999        9.0567720821174778        3.0000000000000000                1
   9.8220274327355774        5.6124512508055044        39.058362238176322        3.0000000000000000                1
   6.1803201283067928        4.8134866092355315       0.80056022110896585        3.0000000000000000                1
   10.204599160635187        6.2307717837725640        31.792572310327650        3.0000000000000000                1
   9.3791403287985560        8.3065520356353861        19.252024091806593        3.0000000000000000                1
   9.4102833524155276        6.7514591618334290        13.063866133349860        3.0000000000000000                1
   4.5601140066151578        7.9528026644238583        22.314686825718198        3.0000000000000000                1
   10.262957997079555        8.6640010624345454        27.080514440253381        3.0000000000000000                1
   7.1103973199994872        10.467991881939028        13.272832982390186        3.0000000000000000                1
   9.6808998571615525        5.4416078011689146        8.6781270381955462        3.0000000000000000                1
   7.2037582156137079        5.4821560048508200        32.332132708723499        3.0000000000000000                1
   4.5010567974579283        7.5613995479631821        35.281860108846260        3.0000000000000000                1
   8.0233234901618786        4.5618363758427884        4.6903144056518862        3.0000000000000000                1
   9.0311444831660896        6.1574734421703532        19.146846346022112        3.0000000000000000                1
   9.3104244985870643        8.2824043536947975        5.6712481103289525        3.0000000000000000                1
   4.5333720632949435        7.0584414408626772        31.135134973951029        3.0000000000000000                1
   9.2113888915714526        5.0586832732601872        39.768016558720589        3.0000000000000000                1
   4.5448611241647656        7.9613386792544505        38.300617491896567        3.0000000000000000                1
   9.6494283612539959        9.5653393442110310        21.030328223409199        3.0000000000000000                1
   6.7063138318335067        10.388769055468707        37.113820466435683        3.0000000000000000                1
   8.6138917289775669        5.7091700079436354        12.998929578072193        3.0000000000000000                1
   8.5967324284592568        10.286823908540667        28.009308487286884        3.0000000000000000                1
   10.459766429588619        7.0598125820987949        1.6864974032582574        3.0000000000000000                1
   7.5229843554237821        7.5026202395201613        15.551369735137703        3.0000000000000000                1
   7.4984956931263058        7.5063128220361230        6.4459028431740215        3.0000000000000000                1
   6.7045575770297692        10.390327759009324        3.6245321022242969        3.0000000000000000                1
   5.6984489944557852        9.8987836873824850        26.883043031484867        3.0000000000000000                1
   8.3213492689102679        10.382583345933918        16.039769860666585        3.0000000000000000                1
   8.4114690666247629        5.7296142222428168        25.366437306679657        3.0000000000000000                1
   5.9550626596550087        6.5436628323200798        36.743906574147147        3.0000000000000000                1
   4.6014138977271015        6.7332313152455239        9.5646105282550948        3.0000000000000000                1
   5.5855339751232211        6.7929213080133310        25.127995057729532        3.0000000000000000                1
   10.422237867993919        6.9229618481937738        28.448565546956850        3.0000000000000000                1
   4.9684227998815302        5.9202468249897517        27.217084875635301        3.0000000000000000                1
   4.6322332361599461        8.3785978636694107        6.8543078984253469        3.0000000000000000                1
   7.8174007694321110        5.4878452240278968        5.9966078088701922        3.0000000000000000                1
   5.5519965229786834        6.8554286496930441        7.6647162478224580        3.0000000000000000                1
   7.1630112839108131        10.478436217385067        5.6270077135347742        3.0000000000000000                1
   4.6687337221018081        8.4804453516001015        1.4495649777394175        3.0000000000000000                1
   9.9576257271767048        6.1110641587650871        18.612164088032877        3.0000000000000000                1
   7.5962961568707721        4.5085890202885111        31.701386813202074        3.0000000000000000                1
   9.1847560081531494        9.9814595992930712        12.365524061602255        3.0000000000000000                1
   8.8212711694701138        6.2951726022785364        28.348983637074145        3.0000000000000000                1
   10.127002557079438        8.9311279613179373        17.451219807989084        3.0000000000000000                1
   10.420785060258632        8.1484414795813507        35.534278518153087        3.0000000000000000                1
   7.8989940051825860        9.4212506158710312        31.584249605212769        3.0000000000000000                1
   4.6788217025197802        6.5326978859812099        39.907104346797908        3.0000000000000000                1
   9.3477604214179078        7.0973029513634822        9.9938165462903878        3.0000000000000000                1
   9.1244232301547719        4.9797627988617625        5.1301414826236256        3.0000000000000000                1
   4.5743753293662373        7.6556916853689794        34.150239795416034        3.0000000000000000                1
   6.4830827932836987        4.6821352508990985        37.779005001448311        3.0000000000000000                1
   9.5481634037670435        5.3125867221460847        25.891220030344698        3.0000000000000000                1
   5.6074947568329927        9.7903377310904514        2.8607813170633092        3.0000000000000000                1
   9.3468829133580034        7.8792411903211494        12.936331407041068        3.0000000000000000                1
   4.9390456639388631        9.0588716321956451        3.1756374773145351        3.0000000000000000                1
   8.6220337816840367        4.7290290026709449        25.398447758060097        3.0000000000000000                1
   9.5527603722014369        5.3199315109967484        2.1000885734995380        3.0000000000000000                1
   5.4593048747552055        5.3822502946800883        36.121416227661427        3.0000000000000000                1
   9.9868861476614708        9.1736857188721324        25.134565718927224        3.0000000000000000                1
   4.5543272396007035        7.0205548589821216        20.370620399853571        3.0000000000000000                1
   5.5773005922884265        5.1979363320230023        8.0474204772562778        3.0000000000000000                1
   7.7467171173922855        10.489721376091685        8.6080855523664788        3.0000000000000000                1
   9.4535078936917394        8.1896293284179702        9.8931259041490023        3.0000000000000000                1
   5.5904112854462218        8.0194521231727389        12.122254227307762        3.0000000000000000                1
   7.2694863912061924        5.4931306672621627        15.063529981649930        3.0000000000000000                1
   7.4954591736775855        7.4925443408660470        34.180066780329781        3.0000000000000000                1
   5.3504939172192660        9.5912686686717645        22.572839067085066        3.0000000000000000                1
   6.9053701291949992        10.432361166598042        36.016824159945941        3.0000000000000000                1
   8.5118456563147937        9.2782367704968838        28.084373465792144        3.0000000000000000                1
   6.1189682939420056        4.9081473129885591        23.509249648059541        3.0000000000000000                1
   7.1208319774573843        4.6689179539332741        5.4378596943262316        3.0000000000000000                1
   8.7161725436227737        10.232181260622133        4.0061618492449451        3.0000000000000000                1
   8.9742541661873201        10.112193210048433        37.560797345925394        3.0000000000000000                1
   10.025504837306396        5.8811547627857506        5.4857812109313215        3.0000000000000000                1
   5.4941054852725735        9.7026258863712371        38.765358693475648        3.0000000000000000                1
   4.9950059219030827        5.9253681093612460        37.921487091689322        3.0000000000000000                1
   8.2955788780304935        10.392351128084341        12.726082776586404        3.0000000000000000                1
   4.6437734551412131        8.3980360076408065        25.290334131286112        3.0000000000000000                1
   10.167195622694267        6.2098672718203751        7.7286445666104022        3.0000000000000000                1
   4.5592847560770853        6.9103319837341575        32.279524921019878        3.0000000000000000                1
   6.1887125609969136        10.196038614528979        39.474244231964306        3.0000000000000000                1
   6.7545413782055608        9.4045832392740092        8.7693762055567870        3.0000000000000000                1
   5.0592659248125251        5.7692201436582353        33.830734697589428        3.0000000000000000                1
   4.5403695207058039        7.9196392055606317        15.537118493332823        3.0000000000000000                1
   10.492200225220756        7.5829000953317207        3.8734147783831170        3.0000000000000000                1
   8.2965150016229270        9.3600310627743681        34.625878987367116        3.0000000000000000                1
   5.2220290307365076        5.5519710827809527        5.7910583823522286        3.0000000000000000                1
   10.362614913028073        8.3965058822809979        25.830777957806642        3.0000000000000000                1
   8.3902452790407107        6.9205931285242395        9.3462502696886354        3.0000000000000000                1
   9.9562074256092767        5.7922889530581880        34.807460446562089        3.0000000000000000                1
   9.4393347252713866        5.2209458248744394        24.832260941823240        3.0000000000000000                1
   9.5738906920785904        9.6619852804495192        34.215287702211420        3.0000000000000000                1
   7.6717927382941236        10.469380181623285        32.599650920390985        3.0000000000000000                1
   10.351408790171051        8.4251723853244478        7.4570894569594692        3.0000000000000000                1
   10.337233370628562        8.4298414042928087        37.905553006215435        3.0000000000000000                1
   7.5622657790292021        4.5010929798224861        25.165948722524444        3.0000000000000000                1
   4.6663278936110562        8.0166795184069706        14.513736624891665        3.0000000000000000                1
   5.2963467213041744        9.5253448362659263        6.1377911626679271        3.0000000000000000                1
   4.8571381070187298        6.0865062339087279        14.333098670629841        3.0000000000000000                1
   4.7218324667465277        8.5131468549229634        17.636808876262830        3.0000000000000000                1
   4.5251309095473013        7.8076016288083530        3.7793733302479282        3.0000000000000000                1
   4.7503721655151283        6.3105924843771586        11.948675154727782        3.0000000000000000                1
   5.6142876406811570        5.1671450945036028        30.775761001780161        3.0000000000000000                1
   8.8938746174791508        4.8455359246210703        33.331263550819152        3.0000000000000000                1
   7.4893105156526332        7.4837336622871051        8.4331839138070031        3.0000000000000000                1
   9.0855233166427194        10.043251781495700        13.496693059323542        3.0000000000000000                1
   10.064058312726338        9.0416967804802635        35.966610738461895        3.0000000000000000                1
   10.465073217468349        7.3664849889777662        13.533177302796082        3.0000000000000000                1
   6.9378071547709039        5.5202775273636719        19.097500006223072        3.0000000000000000                1
   4.5107417536638863        7.4958702637337860        11.422709450266900        3.0000000000000000                1
   6.2944216944657052        4.8369747912910883        24.717399379522259        3.0000000000000000                1
   6.1616118604030721        6.0568826364652280        14.840437707707835        3.0000000000000000                1
   9.7907107810504783        5.5843098061562637        27.127428775782942        3.0000000000000000                1
   7.8077627488440404        10.478057064059595        26.022037264537726        3.0000000000000000                1
   9.4485991335552733        7.5161180609020928        16.008986811362547        3.0000000000000000                1
   10.190953982454534        8.8053993129142114        38.976423460536303        3.0000000000000000                1
   8.8659403956775655        10.133097531682264        20.214479781382650        3.0000000000000000                1
   4.8107145489394378        8.8139563771333513        33.850219124990574        3.0000000000000000                1
   5.0128457254567715        5.8268321942287997        9.9050515161028780        3.0000000000000000                1
   5.7575228689356353        5.0641039111374511        3.8260215205857895        3.0000000000000000                1
   5.8783023473235572        8.6051929266667724        12.901688030512773        3.0000000000000000                1
   7.5176515078606441        7.4825397001191911        13.602847883876340        3.0000000000000000                1
   5.0964878192948184        9.2914828477578837        30.339742141854465        3.0000000000000000                1
   8.9647901555449678        4.8922157946503733        38.651633920924915        3.0000000000000000                1
   10.355363876403784        6.5836109821540427        34.114435904684299        3.0000000000000000                1
   5.4980084413249948        7.1495835347024466        19.093468763975810        3.0000000000000000                1
   10.485477177932014        7.2585441983346675        36.365856641249628        3.0000000000000000                1
   4.5320191631957671        7.0858798718910183        36.513103113078962        3.0000000000000000                1
   7.8037119269398678        10.465419566526890        20.673809854831177        3.0000000000000000                1
   9.2174380377041079        6.4252496845541938        17.215853004734662        3.0000000000000000                1
   4.6572571334445287        8.4392909600734818        24.188149604115388        3.0000000000000000                1
   10.249801675783591        6.3077159709595279        19.563631377218599        3.0000000000000000                1
   8.7465325216712646        4.7852611380787575        20.080293895308870        3.0000000000000000                1
   5.8440651612323036        9.9860240966925797        13.698787422523996        3.0000000000000000                1
   8.9691905397733702        10.113624212835992        25.570333152973074        3.0000000000000000                1
   10.393993926131827        6.7119065828762761        11.373486710594262        3.0000000000000000                1
   7.5068208662383320        7.4977205532862135        37.234650635092116        3.0000000000000000                1
   4.7048972787157455        8.5713030054079073        34.919617611069064        3.0000000000000000                1
   6.4921367188011940        10.323937336247385        27.624983295843055        3.0000000000000000                1
   5.6973631386417223        5.1042230840001022        26.498674238003055        3.0000000000000000                1
   8.9229891485710109        10.139792052161493        8.2680600677066707        3.0000000000000000                1
   7.4956956230996727        7.4932666603348013        28.843648520530483        3.0000000000000000                1
   7.0094488226536908        10.443663466349427        24.213033902790549        3.0000000000000000                1
   9.5131169016162147        7.0763435668677026        19.101742586922054        3.0000000000000000                1
   4.6358857028979088        6.6154858731817754        4.3004688863448015        3.0000000000000000                1
   5.8999714956727463        8.6650552451433196        34.326380386440775        3.0000000000000000                1
   9.4356898673292520        6.8595024577788815        6.0217544849614271        3.0000000000000000                1
   9.9179103948936795        5.9241754505193773       0.19673919295961825        3.0000000000000000                1
   10.134226526839003        6.0661762600071611        2.4597262006879048        3.0000000000000000                1
   10.480332407726104        7.1628535239416236        30.969295443972165        3.0000000000000000                1
   9.4811158242798506        6.8739947084636484        31.477993055374419        3.0000000000000000                1
   10.445092617551866        6.9562033029841244        28.546649786926661        3.0000000000000000                1
   10.240692395413184        8.7181530518603871        4.4684410752555079        3.0000000000000000                1
   7.4976286804893943        7.4964732746834830        33.146810494341672        3.0000000000000000                1
   4.5193897393456570        7.1629792685897380        25.651179302526899        3.0000000000000000                1
   10.266171637156113        8.6348352532799613        8.6266505935641948        3.0000000000000000                1
   6.5977276015171062        4.6468985318900158        25.929898642262341        3.0000000000000000                1
   7.7460745440817806        4.5109013657813044        8.8707103498846678        3.0000000000000000                1
   9.0323939492225804        8.8815687189773200        13.040792299890375        3.0000000000000000                1
   5.2712138542162865        9.4968581867702220        12.924870909355894        3.0000000000000000                1
   5.6690151947922436        9.8691035645737628        4.0067807515395071        3.0000000000000000                1
   9.0967517905963344        6.2158006799389858        37.869240639081085        3.0000000000000000                1
   4.5015751700055127        7.4965521753123046        39.581509910906028        3.0000000000000000                1
   9.3482238076449953        6.8129728154959572        22.271003086481890        3.0000000000000000                1
   10.058409597146264        5.9686390300297747        24.011388511887262        3.0000000000000000                1
   5.5183132266265131        5.2487114197314249        37.172756924441842        3.0000000000000000                1
   8.7077893052381921        5.8849269395608363        22.212316621396283        3.0000000000000000                1
   9.3049097029958361        7.8644122694161220        31.610409659849775        3.0000000000000000                1
   6.6538223830125460        5.6661348209841176        33.217806858729858        3.0000000000000000                1
   8.6127466660975145        4.7154420339513905        30.951362224084967        3.0000000000000000                1
   8.0039051494248934        5.4968559427656940        9.9314588076617003        3.0000000000000000                1
   5.4105336707411054        5.3514480725505456        12.280255400871930        3.0000000000000000                1
   5.8717561413197110        10.008747136435014        1.7814702909074613        3.0000000000000000                1
   9.9455886550395221        5.7992477642527218        17.501374729138369        3.0000000000000000                1
   7.1062363362325014        4.5261222818471101        3.0427797853455334E-002   3.0000000000000000                1
   4.5923224351853085        6.7684184073090794        26.798587853934084        3.0000000000000000                1
   7.5089173319943461        7.4821835178456890        35.206602207619383        3.0000000000000000                1
   5.8094882824581404        6.3257258911661820        28.473914533471405        3.0000000000000000                1
   9.3457083589385643        5.1458781515638554        11.666762776172826        3.0000000000000000                1
   4.6734354492145531        6.5383697278807782        10.660860528101988        3.0000000000000000                1
   6.2645581516190010        9.1208867612230602        19.019271492403888        3.0000000000000000                1
   7.0831476566189604        10.465513948492466        30.688570385442240        3.0000000000000000                1
   6.3027600363807679        10.243306398906215        32.936211007658834        3.0000000000000000                1
   10.485360150904235        7.7758385134115340        27.845875537523906        3.0000000000000000                1
   8.3311425873930141        4.6182335238114751        12.365930420373243        3.0000000000000000                1
   4.8096787998979593        6.1891378755407720        1.1706161291293464        3.0000000000000000                1
   4.9859648488045707        5.8667769880615470        8.7870867101840204        3.0000000000000000                1
   10.488300017789202        7.3121548604250091        8.2942972273570756        3.0000000000000000                1
   7.5490770335968040        4.5022894642386815        2.3937235823388763        3.0000000000000000                1
   8.3829371242457160        8.0252071487162890        31.011106392621723        3.0000000000000000                1
   9.5596937637244395        5.3221513331911448        37.944308235464625        3.0000000000000000                1
   4.7069833938330374        8.5866754199382029       0.19571388002870088        3.0000000000000000                1
   10.120093095867940        6.0412381664768349        13.183150686699475        3.0000000000000000                1
   7.5219177899348582        9.5243436644080255        37.729666493891777        3.0000000000000000                1
   7.1434629159446796        10.474060339276773        6.7087132424776721        3.0000000000000000                1
   4.5065392697937812        7.6823882605592093        16.892906181344259        3.0000000000000000                1
   6.1398775622560482        10.167708124691035        12.673131799505381        3.0000000000000000                1
   5.8310926805073295        9.9740075604265286        20.295062535398429        3.0000000000000000                1
   9.5175128617126532        7.9043101918035497        22.393918673886891        3.0000000000000000                1
   6.4133738201267327        4.7046821445877480        35.520041627596363        3.0000000000000000                1
   10.446174465833703        7.0726852649710930        6.0476854042561001        3.0000000000000000                1
   7.3539583448076726        10.488639215889325        12.128387404358554        3.0000000000000000                1
   4.5710576368554419        8.1255445089462306        37.143034577771701        3.0000000000000000                1
   9.9845666443492966        9.0977558193217352        1.3253539825189184        3.0000000000000000                1
   9.6501816148340165        5.4292762683867295        20.484373278645368        3.0000000000000000                1
   6.7367320757953637        4.5999247497493219        26.990437163056921        3.0000000000000000                1
   6.8604167506949247        8.2670991828679838       0.37841559056404389        3.0000000000000000                1
   5.8449263247526204        5.0594632710760070        33.159103206012134        3.0000000000000000                1
   4.8742913887317760        6.0565655598731194        26.123124399890365        3.0000000000000000                1
   9.3477307256932942        5.1596343940413805        18.138301148415408        3.0000000000000000                1
   8.3737093265371669        10.360026707765696        34.435525475647175        3.0000000000000000                1
   9.3887680888850440        5.1778328561067219        30.255831984118107        3.0000000000000000                1
   5.4879323971667073        9.7100702054380079        14.887674262800223        3.0000000000000000                1
   4.5223315758200107        7.3818248956889203        18.091364586161806        3.0000000000000000                1
   10.457081146482908        7.9526909062219167        11.738358157578404        3.0000000000000000                1
   10.478073453113323        7.8573492063400838        34.408062130313802        3.0000000000000000                1
   8.0020364391926631        5.5249830338484589        36.395293303583372        3.0000000000000000                1
   8.3911114944077791        4.6387116969202475        29.615362755441915        3.0000000000000000                1
   10.346881301106954        6.5652754515868779        4.7141242056291102        3.0000000000000000                1
   7.9119407839120637        4.5636912957459455        20.728977428750223        3.0000000000000000                1
   5.0031635402140955        9.1456078123313063        7.6962349593663486        3.0000000000000000                1
   9.4733174378368794        7.6074297340298678        25.457503686614366        3.0000000000000000                1
   10.496877800924620        7.4034159962628179        31.956895196238641        3.0000000000000000                1
   4.5643821544244760        7.1419253507265390        8.3922601564141921        3.0000000000000000                1
   5.7905330691978847        8.5959712025365977        4.7311189449097126        3.0000000000000000                1
   9.9427643741295917        9.2405054283386789        2.6106966181048623        3.0000000000000000                1
   9.3850559868899595        5.1694100861772414        35.578251142900839        3.0000000000000000                1
   7.3123688361783312        10.484702626944209        17.633143692772396        3.0000000000000000                1
   7.9804202496597600        9.2997153070863767        36.850842947604868        3.0000000000000000                1
   4.8856426943819731        8.9312029893226654        28.274467613494021        3.0000000000000000                1
   8.2472766702681106        4.6592638642632505        35.126137763319363        3.0000000000000000                1
   5.4403895440334979        5.3187549257612927        25.488270827299647        3.0000000000000000                1
   6.5706869709285280        4.6482544694894807        25.784298447768712        3.0000000000000000                1
   6.9290275702597786        10.442837801914255        18.713105347947518        3.0000000000000000                1
   8.3628721942473074        4.6609806144613719        17.731278442671574        3.0000000000000000                1
   10.446700308294645        6.9564185069355400        29.717833422612237        3.0000000000000000                1
   6.4191508672162785        4.7024574595876167        2.0768073605561512        3.0000000000000000                1
   4.7642368528981134        6.2714239137733792        6.4005765873466229        3.0000000000000000                1
   7.6906780888187320        4.5169661520068436        14.202289800596251        3.0000000000000000                1
   9.9417353859921036        5.7640472600307397        22.769937195556665        3.0000000000000000                1
   4.5995427494385046        6.7362283971020336        21.620530433390684        3.0000000000000000                1
   8.1901415038259930        4.5847358775563256       0.52653163980783901        3.0000000000000000                1
   5.4678168912691616        8.1245472442088342        28.382636213149993        3.0000000000000000                1
   8.1268339637013955        10.408025602764495        30.390394953421438        3.0000000000000000                1
   9.2387426742952066        8.3051770943220689        37.821097586992600        3.0000000000000000                1
   10.481896382731252        7.7906635458970195        21.249777476275753        3.0000000000000000                1
   10.136229598902544        8.9190236479647336        10.864387320007948        3.0000000000000000                1
   8.8294222137989884        4.8108282652288592        26.584061840728300        3.0000000000000000                1
   5.6043716950906459        9.8210977421362422        21.562801189491999        3.0000000000000000                1
   4.5757507189091742        6.8474129633656000        15.029198556875006        3.0000000000000000                1
   8.0597295776010753        5.5204660330446398        19.125683685556208        3.0000000000000000                1
   10.115610891428451        8.9384432165057532       0.22041359124502402        3.0000000000000000                1
   8.0953721753440355        4.5597531232818760        33.980230016333884        3.0000000000000000                1
   5.5271674109157996        5.2400248925211752        18.978591565167058        3.0000000000000000                1
   7.9677024172421511        10.462216264639350        3.2030108257155288        3.0000000000000000                1
   4.6373117439453182        8.3916578088527931        36.007370944233827        3.0000000000000000                1
   9.1940960787513539        9.9732275255885003        24.584000106886837        3.0000000000000000                1
   10.008125105814550        5.8769468059044288        16.278552000477582        3.0000000000000000                1
   7.0874500441544823        9.5232361521461950        15.785769479891480        3.0000000000000000                1
   5.1119500124965862        5.6872576100990724        16.365523104697676        3.0000000000000000                1
   7.4551181526999919        10.481665240971315        10.971847533552396        3.0000000000000000                1
   8.4203990231455546        9.3793767552635448        16.016111539333032        3.0000000000000000                1
   6.2906358348448013        5.8883890540843202        15.868828362446552        3.0000000000000000                1
   6.0611667872781840        4.8835373002957772        11.426256154420882        3.0000000000000000                1
   9.3293444579976263        8.4847113000420347        13.937922176685205        3.0000000000000000                1
   7.6737601647300702        10.476242777648798        8.6997884310743068        3.0000000000000000                1
   4.6110018503056969        8.3048668380769612        18.889691621588344        3.0000000000000000                1
   7.7237924399866280        5.5002216126512868        22.157724887066738        3.0000000000000000                1
   8.4060189622058523        5.6248070268937775        16.000499037777551        3.0000000000000000                1
   7.0906191274031052        10.311707705771152        1.2565683423111513        3.0000000000000000                1
   8.5107417104989889        10.312492829450600        22.552098614329594        3.0000000000000000                1
   7.3918149785981058        9.5165282968687190        18.871592252145199        3.0000000000000000                1
   7.2113382836402211        9.5202604865646023        28.193559522090048        3.0000000000000000                1
   7.0244803944633976        4.5597921772255958        22.704463161445986        3.0000000000000000                1
   10.299089644746083        6.4640298911055440        38.275937707420930        3.0000000000000000                1
   10.497868941675808        7.5993153452948228        26.556498076052492        3.0000000000000000                1
   7.4981047883084111        7.5015117000988623        19.676274866458161        3.0000000000000000                1
   4.5111679852902125        7.2424553515497676        12.597185417760340        3.0000000000000000                1
   6.2142799209517428        4.7896835143282965        6.2685475635246215        3.0000000000000000                1
   5.1610629892814126        5.6227795597191959        21.969277110434433        3.0000000000000000                1
   4.9679249238565397        5.9315774357681903        20.726470672837898        3.0000000000000000                1
   6.0102536957734856        4.9197261010493269        34.218885801185081        3.0000000000000000                1
   8.7425408863468821        9.0615338666123986        1.7485170527558378        3.0000000000000000                1
   9.7932895357727876        9.4260756353319266        31.758197007985842        3.0000000000000000                1
   8.2668198367717345        5.6513910314969475        34.991003488983488        3.0000000000000000                1
   9.9331015469365145        5.7701343122712663        28.254392990426307        3.0000000000000000                1
   4.8476120536320391        8.9000316764422962        39.119452171035107        3.0000000000000000                1
   6.5763773953399269        5.6434773770872120        22.167176121001312        3.0000000000000000                1
   7.4915901257377993        5.3874583565218561        39.511595930384864        3.0000000000000000                1
   7.5463546056813424        4.5235005162014508        7.6639760127583862        3.0000000000000000                1
   7.7537347894739463        8.5775133587670673        18.875092266062715        3.0000000000000000                1
   4.9992537254121050        9.0828659990877405        20.738956467457371        3.0000000000000000                1
   9.9959609339422961        9.1434593094472056        13.213508736840911        3.0000000000000000                1
   9.6301886159451247        9.5977380412986761        15.519603816909200        3.0000000000000000                1
   5.3862893010706330        9.6064159575272416        16.147353418008709        3.0000000000000000                1
   8.1000735555355803        4.5727934911892945        11.200528544842259        3.0000000000000000                1
   6.7479358762100787        9.3162939735993131       0.66211027662445499        3.0000000000000000                1
   8.0313251078751584        8.3504564993234389        34.847599845517330        3.0000000000000000                1
   10.496356128186823        7.5877952270240074        22.444633706262714        3.0000000000000000                1
   8.7002212676486099        10.248751297015117        32.139555207712860        3.0000000000000000                1
   5.7236215341681289        9.9025057268587755        37.532573216884259        3.0000000000000000                1
   9.2828616890276638        9.9056700056946170        30.031632860893019        3.0000000000000000                1
   9.3953440378363560        9.8193215676925636        16.658066318931596        3.0000000000000000                1
   8.9761717752909647        4.9069044408728200        21.254598006896014        3.0000000000000000                1
   5.3098928641645387        5.4610060378956637        28.532364016308357        3.0000000000000000                1
   9.7774883133149171        5.5490699207055583        4.2843718986623047        3.0000000000000000                1
   4.5017484738714888        7.5022676048703651        6.1190464542953187        3.0000000000000000                1
   4.6495692950453220        6.6258156798732264        16.220736150089618        3.0000000000000000                1
   8.2072742329502475        10.415214206462364        2.0287010144028907        3.0000000000000000                1
   6.9303511235610449        4.5827612101933006        33.588234274940064        3.0000000000000000                1
   4.8832158178856426        6.0345836443805414        30.463420090053710        3.0000000000000000                1
   7.8439535695875140        10.479997271630666        31.406864620665417        3.0000000000000000                1
   7.0683591970681832        10.462055483894739        25.299521565712855        3.0000000000000000                1
   7.5810183124070498        10.488665509373108        4.4177393409468717        3.0000000000000000                1
   5.8653708023370124        4.9941769448446767        10.382221125958061        3.0000000000000000                1
   10.475650215184787        7.8719395799844811        5.2469279633969492        3.0000000000000000                1
   4.8287286295760596        6.1410335829650666        19.509459707157085        3.0000000000000000                1
   8.7150657424631603        10.242109401511531        21.493151416855302        3.0000000000000000                1
   6.3525124782968172        5.8028257376854224        19.896601902696304        3.0000000000000000                1
   10.185941668967148        8.6952046407434711        21.808608479975135        3.0000000000000000                1
   8.5759378847212115        4.7017385084954384        8.1350717187470742        3.0000000000000000                1
   9.1186183106629404        10.022171706503020        31.256722267435258        3.0000000000000000                1
   7.4831082686491195        7.4929453064348222        24.712517199812172        3.0000000000000000                1
   9.4966672513909423        9.7373463334467907        27.704135829938387        3.0000000000000000                1
   7.5155245589411823        7.4900769047078679        9.4477489860064985        3.0000000000000000                1
   6.1712544974104366        9.0054254821773441        37.506539316235241        3.0000000000000000                1
   10.416366849961095        8.1895685386169497        24.765116323462287        3.0000000000000000                1
   7.5065063678751205        10.485206210348794        9.7435346009276742        3.0000000000000000                1
   8.1386770901436805        9.3470804829759224        25.050108506409881        3.0000000000000000                1
   7.3239862174359054        4.5053919822055546        35.909821012497495        3.0000000000000000                1
   8.1659122601106127        9.3498727473914212        30.398222742785112        3.0000000000000000                1
   7.5075464993816796        7.4848301183426820        22.697102942031336        3.0000000000000000                1
   6.1640190773232613        10.183780684106983        5.7969174347931984        3.0000000000000000                1
   9.1721175118195610        5.0719036409830318        23.588240082230868        3.0000000000000000                1
   10.478187204622001        7.2047497011475219        7.0701802969877585        3.0000000000000000                1
   9.0996394158300156        10.013631691070731        6.9809865817299794        3.0000000000000000                1
   6.0753096075771396        10.121035708819731        18.056085861745000        3.0000000000000000                1
   9.7507979996125655        9.4761571857529070        14.396596702277686        3.0000000000000000                1
   6.3985848043228932        5.7818094624253966        6.1177514285871295        3.0000000000000000                1
   5.8306065923446821        5.0105715925474339        38.485116561360933        3.0000000000000000                1
   6.2511168973929312        10.172727414795984        23.422217563363660        3.0000000000000000                1
   4.5884906105232064        8.1502842108068716        2.5780922447307613        3.0000000000000000                1
   5.8522766008864577        6.3095683633992712        29.485798676613395        3.0000000000000000                1
   10.389398891612174        6.7132455106395925        27.427087821333995        3.0000000000000000                1
   5.2925543109509334        9.5282784585881508        34.369497820952368        3.0000000000000000                1
   8.5058112524163842        10.307892288043126        5.1445965424635904        3.0000000000000000                1
   6.0766430457984901        8.9121032459431735        15.913741566666021        3.0000000000000000                1
   7.1577298598046468        8.6099200474034294        5.1468598922889424        3.0000000000000000                1
   6.8508385629192565        4.5845083878721082        4.2225381932113848        3.0000000000000000                1
   4.7100283060288080        8.5911020572666601       0.20740323000713456        3.0000000000000000                1
   6.3946327043654740        9.1855467857228188        5.7966397333459661        3.0000000000000000                1
   7.5097218407474839        4.5302449797079909        30.485565982165884        3.0000000000000000                1
   9.6568526556459275        9.5773107474714223        32.991557147679174        3.0000000000000000                1
   7.5145373656666319        7.4980146106318051        21.666248537950128        3.0000000000000000                1
   6.2928254517293274        4.7752743112499498        7.3521039155585823        3.0000000000000000                1
   8.4837423478612539        4.6749619798059863        24.340973511750864        3.0000000000000000                1
   5.8539723176727456        8.6849360965969282        32.792536016624830        3.0000000000000000                1
   9.1966189116515888        8.5697789171535508        2.6240921923214633        3.0000000000000000                1
   7.0682538853192813        4.5436261024951206        16.226027754930016        3.0000000000000000                1
   7.5137834458076389        7.5108072582018366        10.485477141814259        3.0000000000000000                1
   4.5195388685803826        7.7870753546675440        32.901600399412430        3.0000000000000000                1
   8.4741750726414562        10.326327676339430        39.927481573743101        3.0000000000000000                1
   10.496806060643495        7.5612268654426940        33.244863444572971        3.0000000000000000                1
   10.417599891159030        8.1882680984862972        12.900994476357091        3.0000000000000000                1
   8.1006889025545430        9.4169238608470334        9.4000864302510578        3.0000000000000000                1
   9.7508924141763895        9.4024757161979462        7.8748491995837782        3.0000000000000000                1
   9.1897651558801652        5.0237821842367563       0.93304263792569286        3.0000000000000000                1
   10.228369439653870        6.3547867904144120        26.225153799759077        3.0000000000000000                1
   10.367650245413511        8.3753620846375529        13.943698432537456        3.0000000000000000                1
   9.4342489460066847        9.7695246372864109        23.296520387140013        3.0000000000000000                1
   4.7386249618188172        6.3345467623865721        18.414591323532441        3.0000000000000000                1
   6.9861524491521338        9.4659140838521605        25.094786446212012        3.0000000000000000                1
   4.5698298062934883        6.8719250219986083        28.023396095223703        3.0000000000000000                1
   7.5041529844335066        7.5101999184893522        1.2913628275658182        3.0000000000000000                1
   7.5015100924089344        7.5005364078613708        25.720253324612582        3.0000000000000000                1
   9.4760222777842653        5.2441726892221512        31.278823556016139        3.0000000000000000                1
   6.8201337305430414        10.410846242073932        26.407261624617757        3.0000000000000000                1
   6.4726865263107527        5.6334831333325601        36.498695996283679        3.0000000000000000                1
   9.7009609949706785        9.5010609102128196        38.341269933247865        3.0000000000000000                1
   10.460254528047631        7.9691627655365664        28.835988213560594        3.0000000000000000                1
   10.469628573891736        7.1458177150494269        24.388053536732176        3.0000000000000000                1
   4.6807868543987841        6.5168333811531820        34.560826012201673        3.0000000000000000                1
   8.7421058833367447        10.224865961109261        38.585677396963980        3.0000000000000000                1
   8.5899086584872659        4.8221471713596493        13.557659919790026        3.0000000000000000                1
   4.5110583917405016        7.7564253059514296        28.659593891210626        3.0000000000000000                1
   4.6412923462804692        6.6818822399162610        17.350893895468094        3.0000000000000000                1
   9.7557538500980421        9.4744863623333906        38.350822353338636        3.0000000000000000                1
   8.2576217946743249        10.361179937021646        35.614669079458146        3.0000000000000000                1
   8.4705293326071036        5.7316946413036209        39.795793390099462        3.0000000000000000                1
   8.6917915764607869        10.250822577828572        9.4068580852013035        3.0000000000000000                1
   6.3185663023795131        4.7455006572343343        12.716366146070190        3.0000000000000000                1
   5.5062807495387602        7.6741669624180124        8.9466682330273777        3.0000000000000000                1
   5.1895118732987786        9.4032733016790573        35.737837124455147        3.0000000000000000                1
   10.404978510567840        6.8080672931487154        23.244686588789683        3.0000000000000000                1
   9.5244979815329032        9.7059949731473409        4.8644501311430233        3.0000000000000000                1
   10.352976638370862        6.6021161718213888        15.536168713918816        3.0000000000000000                1
   6.8994249745511800        5.5556170157264910        7.0828745966688116        3.0000000000000000                1
   5.0428035699717579        9.2206362068484715        19.479725592668789        3.0000000000000000                1
   6.2820938339336925        10.238502926680509        16.737382279190349        3.0000000000000000                1
   7.1305509803510265        10.470326262157934        34.885048170576752        3.0000000000000000                1
   10.156237399828555        6.1098437247788651        6.5402520812010545        3.0000000000000000                1
   10.334224365105934        6.5188295314329485        20.935888586008097        3.0000000000000000                1
   10.475851445292827        7.8624501564570037        15.953748017454432        3.0000000000000000                1
   10.433015973318742        6.8864049145472332        16.573584503678052        3.0000000000000000                1
   9.7865319674374955        5.5714662151367165        15.066402438980388        3.0000000000000000                1
   8.6882888413607944        4.7496958827224773        7.0635725030931269        3.0000000000000000                1
   5.4467083589147141        8.1557086798808704        32.024236344813779        3.0000000000000000                1
   4.5175643595346733        7.3064536545681200        19.276400688500438        3.0000000000000000                1
   7.7815991448733532        5.4946724102138935        28.631523299641991        3.0000000000000000                1
   10.121393022775246        6.1038614018206809        30.563362925317062        3.0000000000000000                1
   7.2160780842116052        4.5220809965633348        34.734838268718839        3.0000000000000000                1
   4.8448366272893750        6.1052229128154014        25.069219316637660        3.0000000000000000                1
   6.8512986987651603        4.5792456189171027        39.022778753405881        3.0000000000000000                1
   10.407217339929479        6.7634504258768819       0.51935534852732501        3.0000000000000000                1
   9.5366816033631796        5.3053413510052181        13.921382884462517        3.0000000000000000                1
   7.2611095053547245        4.5137388191266821        6.6323758433372451        3.0000000000000000                1
   8.3605140337910804        4.6274134398563751        5.8628831797166745        3.0000000000000000                1
   7.5095866176557040        4.5032209437012627        19.544367032926317        3.0000000000000000                1
   5.4195229520645922        5.3417430230141045        29.629670880591430        3.0000000000000000                1
   9.1188819849937328        4.9808264462187157        16.976289142651481        3.0000000000000000                1
   9.5443757372402800        9.6947371108729108        39.423547361897221        3.0000000000000000                1
   7.7638859796111950        9.4794854611384487        21.981911716505053        3.0000000000000000                1
   9.3181833281530011        9.8690289441071393        5.9697956736461695        3.0000000000000000                1
   6.6585233749614954        10.378315975934019        9.0546582624288057        3.0000000000000000                1
   10.351008431039121        8.4047554468014649        3.2821536502227135        3.0000000000000000                1
   7.8272200185283118        9.4302685023929982       0.82590512184210607        3.0000000000000000                1
   6.8445363404765489        10.406759976117714        7.8539949412545491        3.0000000000000000                1
   8.9300789576599335        4.8661102747756706        14.633429543384850        3.0000000000000000                1
   5.3418606005940816        9.5820238617660056        29.091504635132175        3.0000000000000000                1
   5.8803015545474615        10.024165105369148        36.473641786961672        3.0000000000000000                1
   8.7403994734901644        4.7722902700714851        3.9774284618976119        3.0000000000000000                1
   10.402909570922068        8.2551694460443343        2.0486697309833661        3.0000000000000000                1
   9.0710197793762575        8.6989702721808229        34.726537799485975        3.0000000000000000                1
   10.071240886739224        5.9580288782600421        29.336330242710073        3.0000000000000000                1
   6.6595810235196229        4.6407135905771142        20.381348556643040        3.0000000000000000                1
   9.3669378451245393        5.1598449376087672        6.2072777595033566        3.0000000000000000                1
   4.6274679495176718        8.3096654321766419        13.345073740159304        3.0000000000000000                1
   4.8261397282904914        6.1564159074230833        2.4104174251265880        3.0000000000000000                1
   10.082213708359021        6.0155581898976189        35.857802189468941        3.0000000000000000                1
   8.0667652759993071        5.5909520464022959        3.0031332550901233        3.0000000000000000                1
   10.024817352842375        9.0701930747117423        29.490354259671061        3.0000000000000000                1
   6.6472236318167930        9.3244083252730654        22.081643018393937        3.0000000000000000                1
   6.6625735450598818        4.6402810397893433        15.166476392545041        3.0000000000000000                1
   4.9688529111158983        5.9595044969563267        3.4134034970463918        3.0000000000000000                1
   4.6930764319659204        8.5498983370724364        12.237149534618444        3.0000000000000000                1
   5.5459410364875890        5.2328549469043715        20.072792708162012        3.0000000000000000                1
   9.5731279893185484        9.6574619684009964        8.9772833711173359        3.0000000000000000                1
   4.5435147754832466        8.0025481198713120        27.685346746674174        3.0000000000000000                1
   8.9245299734492072        4.9700934011135169        9.3866503674726047        3.0000000000000000                1
   8.1085062286872986        10.431834320683620        24.877101244843015        3.0000000000000000                1
   7.4769527595888867        7.4850412434249396        38.245666120542701        3.0000000000000000                1
   10.315824996471132        6.4716710800098376        10.091718693419548        3.0000000000000000                1
   9.7472763868069556        9.4685276325848395        26.319378330007012        3.0000000000000000                1
   5.1899158262543441        9.4103244589958557        11.885480994053660        3.0000000000000000                1
   6.3362460446298519        10.256263418186007        28.691451876370131        3.0000000000000000                1
   6.0953657368231857        10.136829801286989       0.53977652339123616        3.0000000000000000                1
   6.9503074533881923        5.5596578621743511        11.033651848110630        3.0000000000000000                1
   6.0629754910033435        8.8528889586461386        24.990107055166039        3.0000000000000000                1
   4.5105860896504382        7.3042048410585991       0.57016481678665876        3.0000000000000000                1
   8.8145421122853644        4.8148281553589936        32.152782984800119        3.0000000000000000                1
   9.9501917599383880        5.7764860651137706        10.836409441520090        3.0000000000000000                1
   7.1595033576861091        4.5339052926544241        28.211619475811030        3.0000000000000000                1
   9.8274633405299543        5.6142340578730598        9.8200896291059951        3.0000000000000000                1
   7.8894018582193510        10.456647641476717        37.982724054377343        3.0000000000000000                1
   7.0607985136412372        5.4965496783674563        29.325327570342534        3.0000000000000000                1
   7.3257880652249323        4.5275515613241009        12.021991307280169        3.0000000000000000                1
   10.415274507469920        8.1502702913971543        30.226607971224510        3.0000000000000000                1
   5.6250701269822994        6.8366845227329005        16.071346966972154        3.0000000000000000                1
   7.8665834038455991        8.4307190012951043        31.791635785045891        3.0000000000000000                1
   10.413148559750740        8.0450487797148700        23.559197386481955        3.0000000000000000                1
   6.9726567463810518        4.5615675722067586        10.760158603825262        3.0000000000000000                1
   9.2890652948980765        9.9032714689109849        35.161026952207223        3.0000000000000000                1
   10.388167059562498        8.2984373109549150        19.418998890871130        3.0000000000000000                1
   8.0677771423865288        4.5556867558201084        39.435185655828974        3.0000000000000000                1
   5.7986958590365845        5.0366833095493053        32.032769775083480        3.0000000000000000                1
   7.8679772822352776        4.5369920626681139        32.767080069431245        3.0000000000000000                1
   10.440544925878225        7.9568107383899154        17.048141013030747        3.0000000000000000                1
   10.460562693308241        7.9844956847992528        39.887000401702565        3.0000000000000000                1
   7.9081217233841814        10.470071312504022        14.107398890218942        3.0000000000000000                1
   6.5479595585456858        10.335927234685981        4.7956105696048468        3.0000000000000000                1
   5.7515444696247409        5.0852676397878209        2.8007017860723713        3.0000000000000000                1
   10.379878868968746        8.3261501792908614        31.354873659774515        3.0000000000000000                1
   7.5002716909347571        7.4950765890304467        18.603876179225580        3.0000000000000000                1
   10.156563620180805        8.8900419176407812        9.7407555757341573        3.0000000000000000                1
   9.2454748136637033        5.0683226714790424        15.884734994641107        3.0000000000000000                1
   7.7351917559741130        4.5118169135103088        3.5993205922707547        3.0000000000000000                1
   7.6877116926350606        8.5486171855158215        15.712354436290509        3.0000000000000000                1
   6.0500168290880341        6.0961530170646192        11.034340844922136        3.0000000000000000                1
   9.2046381983971965        6.4963116063654081        34.621149340965232        3.0000000000000000                1
   6.6181823329798091        4.6385485176852006        3.1870065227601270        3.0000000000000000                1
   8.3653591035649182        10.344668407678549        23.747419528029663        3.0000000000000000                1
   6.1313865857472534        8.9909861137995204        11.983031698327492        3.0000000000000000                1
   7.8113850274413243        10.469831813025555        27.217392889649936        3.0000000000000000                1
   9.4946029673462515        5.2666472954341312        12.782233989679300        3.0000000000000000                1
   8.1777341479638856        4.5900890702079371        23.120171976515284        3.0000000000000000                1
   4.7583796191773811        8.7153013784381859        16.396139252311702        3.0000000000000000                1
   7.8329468859165683        10.481409416675781        36.975165928097731        3.0000000000000000                1
   9.7255221235188305        5.4947212665360157        21.686506656875054        3.0000000000000000                1
   6.9241163869024751        10.440497579821676        19.883503515000079        3.0000000000000000                1
   5.5316784776788070        7.8710493729240225        25.324140225109080        3.0000000000000000                1
   4.9040171949675155        8.9953579532667458        31.370386586487040        3.0000000000000000                1
   7.2118638695368391        4.5670286408227367        17.271783308696993        3.0000000000000000                1
   9.7011858692414759        9.5159337412834120        22.121297036281852        3.0000000000000000                1
   8.4807623820109175        9.2675862475102946        19.029871219090964        3.0000000000000000                1
   5.7541112097554494        5.1298502345768151        14.666965256169179        3.0000000000000000                1
   9.3538470014289548        9.8415089889398661        11.255382802694143        3.0000000000000000                1
   6.8398088329693705        10.426278283737441        2.5036075949951786        3.0000000000000000                1
   10.145901104837943        6.0904577875876180        25.246832909406351        3.0000000000000000                1
   8.3039105270563009        8.1653065427447800        6.3998598680048282        3.0000000000000000                1
   9.6780333891898902        5.4478899712388342        3.2126347327413982        3.0000000000000000                1
   7.4227248905075598        10.496817554453184        39.051388883456511        3.0000000000000000                1
   9.0269350052667043        10.048042902676805        2.9529213833147416        3.0000000000000000                1
   8.2581576494684974        10.396847772937923        11.665443463585426        3.0000000000000000                1
   6.2664546746046241        4.7734651457097401        18.193897808400550        3.0000000000000000                1
   7.8284011208639308        4.5224489592351294        15.350443385739670        3.0000000000000000                1
   8.3791837539164042        10.364354674383865        10.478814540820913        3.0000000000000000                1
   4.6062784677552875        8.2663033284520200        19.924902355243702        3.0000000000000000                1
   8.2271007062810657        4.5940726601877877        16.540605373528667        3.0000000000000000                1
   9.8609011436875331        9.2474913759017845        37.222266856606502        3.0000000000000000                1
   4.8966595782249671        8.9467486542547974        15.369984828030384        3.0000000000000000                1
   8.0441536048476330        10.394596405544441        7.4479544808322347        3.0000000000000000                1
   10.178518645012046        8.8424739910284771        28.142046927066268        3.0000000000000000                1
   10.150507295846317        8.9044831551934998        22.790606188736923        3.0000000000000000                1
   4.8499349399129148        6.1032000157623347        13.129064828565349        3.0000000000000000                1
   5.0275590074614493        5.8183979944979765        15.348411080077677        3.0000000000000000                1
   9.5180609057018621        5.2951387600671573        19.345212592052778        3.0000000000000000                1
   9.2865060508311839        5.0981610541143052        34.540558472798701        3.0000000000000000                1
   5.0825509962862121        5.7260215714700600        39.204947071647020        3.0000000000000000                1
   5.6126126681202333        8.2457968363106442        8.0403744139718860        3.0000000000000000                1
   7.8217541397769912        5.5809562903608336        14.231802285345696        3.0000000000000000                1
   8.4870853066314673        10.328159076729648       0.97868229173986565        3.0000000000000000                1
   9.9050507770517040        9.2675449432951140        24.075960092928238        3.0000000000000000                1
   10.449648344103196        7.6789603640938831        38.635288630308409        3.0000000000000000                1
   10.327538075675131        6.5045574337177756        9.0013152902399653        3.0000000000000000                1
   10.399847499324640        8.2214900985360231        18.182383640044272        3.0000000000000000                1
   9.1224856456877337        6.3138184209272881        3.0632920064229965        3.0000000000000000                1
   5.6392627947288476        6.7034769206539284        33.383239426898882        3.0000000000000000                1
   4.9777565986163790        9.1182228656587263        37.945965959803843        3.0000000000000000                1
   6.0357578035749517        10.116073651841921        24.536176072061714        3.0000000000000000                1
   7.9840463062059115        10.460463690253617        19.407917023686508        3.0000000000000000                1
   4.5254640415544571        7.8878883740870513        31.707248433719517        3.0000000000000000                1
   10.494115234613339        7.3935482695367316        25.456585839585937        3.0000000000000000                1
   5.2185918292055726        5.5831350340732504        23.145728967790006        3.0000000000000000                1
   4.5312000938816075        7.1064976003230411        1.9013993806013567        3.0000000000000000                1
   4.5948481500746619        8.2472228002973758        30.735819802145141        3.0000000000000000                1
   6.6677640415367856        4.6248301657934388        32.422851814681330        3.0000000000000000                1
   6.8006661853641868        4.5859497294488731        9.7201891150047537        3.0000000000000000                1
   7.5068156139094668        7.5077709900688117        2.2929489741008608        3.0000000000000000                1
   9.8290892447047842        9.3899846887594816        19.800981852743583        3.0000000000000000                1
   4.6013036991444753        7.2051845741455018        29.908747639873386        3.0000000000000000                1
   4.9353979667328556        9.0441617671172185        8.6951479810877963        3.0000000000000000                1
   5.5131891308493239        5.2601723654519663        13.386829373641238        3.0000000000000000                1
   6.4602937488454772        10.308854748692676        10.091481836047594        3.0000000000000000                1
   8.2850011819212384        10.384566641088098        18.407859480308971        3.0000000000000000                1
   7.1707088632981080        10.471399310396126        29.460411997747716        3.0000000000000000                1
   7.4979469434869852        7.4930605516968569        29.886821133448816        3.0000000000000000                1
   5.4251081828598915        5.3400666203234453        24.280492002344197        3.0000000000000000                1
   4.8367672475997230        8.8519638028888057        11.020136601734226        3.0000000000000000                1
   7.7751948125190387        4.5189535592482626        10.065282805600132        3.0000000000000000                1
   7.4967840797554830        9.5411299868242665        24.206475377710209        3.0000000000000000                1
   5.4604692805473292        9.6939633808279631        5.0865534430420780        3.0000000000000000                1
   4.5586906513715615        8.0242294455876451        9.2279367576488980        3.0000000000000000                1
   5.3362830904508538        9.4905520180629726        23.765648617755303        3.0000000000000000                1
   6.0354809676504200        10.115894453832501        6.9943591349673415        3.0000000000000000                1
   5.0502728245165915        5.7783161460460670        32.824104297427795        3.0000000000000000                1
   4.5552066980330608        7.9249081806717392        21.180025024395757        3.0000000000000000                1
   6.6169243397080804        5.6299062353982272        5.0287817160105757        3.0000000000000000                1
   4.9153314030390023        9.0154377427507075        32.465042200038653        3.0000000000000000                1
   7.4834754938320804        10.499941942642208       0.24157915615230768        3.0000000000000000                1
   10.066753931228853        5.9906487869899676        12.059316438735607        3.0000000000000000                1
   5.7847975245977796        8.5676565498581336        21.935751385867807        3.0000000000000000                1
   6.3811853990716374        10.282323699001065        34.121957910387671        3.0000000000000000                1
   9.7156006089734408        5.5073628331483162        32.313516832767142        3.0000000000000000                1
   6.1480124817994639        4.8397305372276165        39.721369732423419        3.0000000000000000                1
   8.6943840332197961        10.235447467997709        33.422541460002257        3.0000000000000000                1
   7.3799435547174026        4.5255213566350339        23.814650383695586        3.0000000000000000                1
   6.2419675208358063        10.218954694786662        29.931336863592151        3.0000000000000000                1
   5.3044346415589594        5.5351416182078426        17.746746763098244        3.0000000000000000                1
   5.9512249364029044        4.9369218759120281        15.849532603693753        3.0000000000000000                1
   4.5846406609589767        8.0812207491700256        9.1804112137857192        3.0000000000000000                1
   10.381227295657339        8.3267115367556297        36.781277260459284        3.0000000000000000                1
   8.7562460276121197        4.8338760094952642        2.8504473176690612        3.0000000000000000                1
   5.2092004313336302        5.5741724145309979       0.36252245210172007        3.0000000000000000                1
   7.7011520559891071        9.4944915007857027        12.818526944447258        3.0000000000000000                1
   4.5984583231536513        8.2536703191921177        8.0159237886148684        3.0000000000000000                1
   7.4966000000715152        7.5055187666483061        30.995760755724078        3.0000000000000000                1
   9.0065459350525874        4.9083067155485089        10.541393356595854        3.0000000000000000                1
   10.480116313312106        7.2804291821264728        18.905264837931554        3.0000000000000000                1
   9.2158993400912799        6.4930874139890697        25.292991660942768        3.0000000000000000                1
   7.6388019136266108        4.5041940345225555        37.009207474554600        3.0000000000000000                1
   10.441034749870195        6.9979339029788399        17.866593534496296        3.0000000000000000                1
   6.1923274250847093        4.8093238336047950        28.993835034084075        3.0000000000000000                1
   6.6326686887515436        10.361809312341016        21.150414053953977        3.0000000000000000                1
   9.9741676312526604        5.8271772121439049        34.757128112026692        3.0000000000000000                1
   10.212403953166133        8.7717536947743344        33.767296873719360        3.0000000000000000                1
   7.9980798614990718        4.5490280910239953        27.409652888366846        3.0000000000000000                1
   7.4337277694834727        10.483113186957526        22.851002887888143        3.0000000000000000                1
   4.9449344735012701        5.9587658778490775        31.531444363019386        3.0000000000000000                1
   5.9290265282914651        6.1589272621094393        32.504235491956408        3.0000000000000000                1
   7.4928024019084933        10.495927332752688        28.383769709849716        3.0000000000000000                1
   6.3473016071904249        4.7306660676573582        19.292608783081278        3.0000000000000000                1
   6.6446484673326287        10.368929447086714        22.219619047975833        3.0000000000000000                1
   6.5544987136070292        9.2920868530311633        31.285353834709792        3.0000000000000000                1
   9.1746036028757025        9.9825026115953914        19.162452156594419        3.0000000000000000                1
   5.8520095886330408        9.9997017991559378        8.3175128427750380        3.0000000000000000                1
   9.6017387301716557        9.6364585366149740        10.118781986490893        3.0000000000000000                1
   5.5354460717035119        9.7556710891500131        28.050761945387883        3.0000000000000000                1
   10.301425482450540        6.4494551676072165        38.251878992767637        3.0000000000000000                1
   6.3934171186818771        9.1202529729978234        4.1243436562831510        3.0000000000000000                1
   6.3662619707947625        4.7250230778393050        30.138774008803672        3.0000000000000000                1
   5.9276050523924608        4.9502870777932255        16.980939805033515        3.0000000000000000                1
   8.8496456986543102        8.9865438910930848        31.701018735478698        3.0000000000000000                1
   10.125099926496516        8.9508315887146441        34.759720404042994        3.0000000000000000                1
   5.6077634481525811        9.8192142458920806        9.4130192960809396        3.0000000000000000                1
   7.4947335143734364        7.4903344485101186        16.652024254977839        3.0000000000000000                1
   6.5712161898015173        10.348376966596609        31.754767801740808        3.0000000000000000                1
   9.5222685939210034        7.5909829795846804        34.599259551049727        3.0000000000000000                1
   10.328888995618001        8.4408398293778113        32.486601751839217        3.0000000000000000                1
   5.1332025285326912        5.6602081667131845        4.6544485871119781        3.0000000000000000                1
   7.4996795077406428        7.5036480968489938        39.258230688279355        3.0000000000000000                1
   7.8171877419030213        4.5866000943778982        38.235188686104415        3.0000000000000000                1
   8.3378110202875142        4.6260379778106637        28.562251696958576        3.0000000000000000                1
   10.349980131726749        6.5754082027035450        39.407127462532927        3.0000000000000000                1
   7.5978502285952585        10.493858254420235        21.829148568780145        3.0000000000000000                1
   6.5212758176945238        4.6731416522079803        31.248280663432613        3.0000000000000000                1
   8.7344186193507944        9.1062997648219106        22.119722818608622        3.0000000000000000                1
   7.5007877315774278        7.5009121231830092        26.723192890409507        3.0000000000000000                1
   5.1145339998451744        9.3095394859100047        25.022094711692464        3.0000000000000000                1
   5.4740829437339693        7.5371526566082450        22.197861322994505        3.0000000000000000                1
   7.5095528466593597        7.4984712121860655       0.26632203887467593        3.0000000000000000                1
   5.3619773966481059        5.3997670677167680        1.6381815003912055        3.0000000000000000                1
   10.482536128844826        7.3946802769030793        2.8653561344517255        3.0000000000000000                1
   8.9403720972328955        6.1182264607475281        9.8088964966446941        3.0000000000000000                1
   6.4324579114876430        5.7867978562963520        26.381345340638724        3.0000000000000000                1
   10.203021143226627        8.7928298938013700        38.989526419096556        3.0000000000000000                1
   7.5516121735207342        10.499043060460590        15.404561346872352        3.0000000000000000                1
   5.2214306159127224        9.4486017324864964        18.491995655727212        3.0000000000000000                1
   5.2718067016696377        9.4988527177792932       0.91654968171674456        3.0000000000000000                1
   9.2848915563943422        5.0935933495181924        29.055655650553224        3.0000000000000000                1
   5.5311159622416026        6.9103284867900499        37.635584948693925        3.0000000000000000                1
   10.090536913113512        8.9788030977661535        16.261398731769372        3.0000000000000000                1
   7.5066358818017553        5.5268590432350875        7.9066129474660958        3.0000000000000000                1
   6.2733038519287687        5.8732845518429819        25.299635402439836        3.0000000000000000                1
   9.0100841023826472        4.9100907285822109        22.305117900851069        3.0000000000000000                1
   7.4987555697867920        7.4906943359143776        27.820663304895071        3.0000000000000000                1
   6.0711144573739135        10.133160346336753        35.148994948819258        3.0000000000000000                1
   5.8590658972416643        8.6393109782568693       0.93702717562738369        3.0000000000000000                1
   8.6658061926576160        4.7411729028328544        18.872797184367816        3.0000000000000000                1
   4.7313616104520655        6.3463299038144330        29.108706043591965        3.0000000000000000                1
   5.5403149661271014        7.9161604852838661        15.871049391466597        3.0000000000000000                1
   4.9969547624923134        9.1491259183445059        26.046932159442079        3.0000000000000000                1
   5.4664075259607827        5.3050072564284143        6.9267368407808538        3.0000000000000000                1
   6.2370759349254508        10.217045856843571        11.610709388117630        3.0000000000000000                1
   4.5476606958317296        7.8205160798445226        4.9004591497034253        3.0000000000000000                1
   9.1476641223751862        8.5965610812407629        16.155080703120142        3.0000000000000000                1
   9.9149253581225594        9.2781826300722692        30.775522823469142        3.0000000000000000                1
   5.6675700645216969        5.1277498957289644        9.2615987603918235        3.0000000000000000                1
   4.7845516175879856        8.7319252167521828        22.903443610308212        3.0000000000000000                1
   10.460921128234608        7.9657841558039797       0.88726510159229244        3.0000000000000000                1
   10.237574640460105        6.3227979743741756        14.345763054395126        3.0000000000000000                1
   5.0570204712365641        9.2335364875818247        2.1146436899571830        3.0000000000000000                1
   4.5427039770674877        7.5563927360640735        23.331191614239799        3.0000000000000000                1
   5.3306077019266001        9.5359206233744835        39.839385837981460        3.0000000000000000                1
   4.7715302612366370        6.4098569519614657        23.812320565641137        3.0000000000000000                1
   6.5867636312119870        4.6473035834673606        36.731429474136682        3.0000000000000000                1
   4.5852030422313392        8.1608239927614203        26.415087541317529        3.0000000000000000                1
   7.4933489924107795        7.4955904747285658        36.223540864263754        3.0000000000000000                1
   5.7167378779089955        9.9041841426169981        31.091622733932848        3.0000000000000000                1
   7.5879322686918274        9.5689629513289933        5.6171285937146651        3.0000000000000000                1
   7.2732426446354017        4.5389084077605943        18.564052071353906        3.0000000000000000                1
   9.4916511418396929        5.3033203953550334        7.3046273811269220        3.0000000000000000                1
   9.9225528831901890        9.2529545712234480        6.7378271963507945        3.0000000000000000                1
   10.497656222466064        7.4770220333938830        37.493064666684653        3.0000000000000000                1
   5.7311379756838221        6.4416829777477700        22.041420935338518        3.0000000000000000                1
   4.8663060333291108        6.0831378208417597        36.839926139351967        3.0000000000000000                1
   9.2286696585153560        9.8750869325941544        17.987365035502389        3.0000000000000000                1
   4.6095987554790865        6.8057180135233448        38.824516571159080        3.0000000000000000                1
   7.5103440071647611        7.5106913787488017        4.4104265446510036        3.0000000000000000                1
   6.7228702989762574        4.6039182762431210        21.657958815626380        3.0000000000000000                1
   7.4891039954028145        7.4854989566777403        5.4215995947198055        3.0000000000000000                1
   5.8858934057318635        8.7269339355687041        8.9766087818093467        3.0000000000000000                1
   4.5558645524150050        6.9277658525023291        3.0336495468575206        3.0000000000000000                1
   9.0902751925321166        10.029802883439700        36.448433628297671        3.0000000000000000                1
   4.6567507413323241        8.4212759590772617        29.465758912370717        3.0000000000000000                1
   6.1205577148675649        6.0349328621679943        23.002967619726331        3.0000000000000000                1
   8.0684075398505399        4.5545063661407781        22.092570446027338        3.0000000000000000                1
   8.4910668665399438        4.6910471830987985        1.6355216468681075        3.0000000000000000                1
   7.4748225498639016        10.496362276482994        33.944793694668142        3.0000000000000000                1
   5.8823029174188326        5.0165018696572545        27.753442375076744        3.0000000000000000                1
   5.9188952151578125        4.9564287636900861        10.428602322996968        3.0000000000000000                1
   8.7274829681902748        10.225519735754888        14.814690109578114        3.0000000000000000                1
   9.9606810470636642        9.2144947408787239        18.638286357226903        3.0000000000000000                1
   10.234620835651127        6.2675570929693816        37.200816250613180        3.0000000000000000                1
   9.4615326719576682        6.9733993580293303        24.450698507451719        3.0000000000000000                1
